1.305490454	103.8836423
1.305775343	103.8847296
1.305858512	103.88402
1.305968629	103.8851991
1.306018918	103.8857808
1.306154061	103.8830451
1.30617082	103.8848889
1.306172472	103.8824299
1.306172472	103.8824299
1.306201905	103.8825281
1.306252924	103.8860934
1.306275898	103.8834966
1.30629076	103.8856909
1.306341146	103.8844582
1.306359164	103.887058
1.306359164	103.887058
1.306359164	103.887058
1.306359164	103.887058
1.306372709	103.8870855
1.306407039	103.8881089
1.306453963	103.8854749
1.306478337	103.8885372
1.306554211	103.8888469
1.306613155	103.8850314
1.306622402	103.8890587
1.306626886	103.8892643
1.30665816	103.8880879
1.306702759	103.8895741
1.306798325	103.8829121
1.306828432	103.8889728
1.306838642	103.8845725
1.306928776	103.8831105
1.306932354	103.885522
1.306976735	103.8896309
1.307028443	103.8835167
1.307043059	103.8826884
1.307050512	103.8869174
1.307074157	103.883583
1.307114286	103.8851464
1.307285341	103.8885056
1.307307299	103.8893901
1.307344014	103.8840183
1.307465187	103.8812708
1.307465187	103.8812708
1.307545053	103.8812907
1.307545054	103.8812907
1.307586139	103.884413
1.307650931	103.8890694
1.307675732	103.882412
1.307807962	103.8847676
1.307820603	103.8850923
1.307820603	103.8850923
1.307821629	103.8798311
1.307827368	103.8847638
1.307834122	103.8798592
1.307866138	103.8885667
1.30786627	103.8797556
1.307870562	103.8831922
1.307907627	103.8802048
1.308027401	103.880481
1.308048336	103.880588
1.30806329	103.8806475
1.308075253	103.8807188
1.308078242	103.8807901
1.308093196	103.8808347
1.308099899	103.880895
1.308102019	103.8890069
1.308109821	103.8857317
1.308112642	103.8826938
1.308133686	103.8847295
1.308251578	103.8858333
1.308251847	103.8858087
1.308337039	103.8886147
1.308337039	103.8886147
1.308337039	103.8886147
1.308337039	103.8886147
1.308404778	103.8873475
1.308431443	103.8892682
1.308438222	103.8848966
1.30846564	103.8789846
1.308465644	103.8789846
1.308478545	103.8822878
1.308509326	103.8853462
1.308518971	103.8877931
1.308529027	103.8829526
1.308547984	103.8890647
1.308569074	103.8790156
1.308574998	103.8814388
1.308578157	103.8809139
1.308589538	103.8882449
1.308637777	103.8846448
1.308681908	103.8871237
1.308760818	103.885032
1.308778437	103.8877227
1.308789694	103.876948
1.308789694	103.876948
1.308795272	103.8770047
1.308795272	103.8770047
1.308803226	103.8770537
1.308803226	103.8770537
1.308809166	103.8771029
1.308809166	103.8771029
1.308863318	103.8853727
1.308881688	103.8772668
1.308881688	103.8772668
1.308881688	103.8772668
1.308882618	103.8854248
1.30888373	103.8766609
1.30888621	103.8772674
1.308909427	103.8772757
1.30894453	103.8835301
1.308946249	103.8883889
1.308948023	103.8770016
1.308976245	103.8810747
1.308982674	103.8763899
1.308989127	103.8769955
1.309017834	103.8772682
1.309018312	103.8772691
1.309018312	103.8772691
1.309018312	103.8772691
1.309046524	103.8800076
1.309070465	103.8801518
1.309095044	103.8766312
1.309096341	103.8775387
1.309096341	103.8775387
1.309096341	103.8775387
1.309096909	103.8772456
1.309100583	103.8766405
1.309147805	103.8766345
1.309150471	103.8766267
1.30915087	103.8769781
1.309151818	103.8772353
1.309152394	103.8822425
1.309156276	103.8763951
1.309162958	103.8775813
1.309162958	103.8775813
1.309162958	103.8775813
1.309191297	103.8776184
1.309191297	103.8776184
1.309191298	103.8776184
1.309194702	103.8766114
1.309205242	103.8763905
1.309211846	103.8772433
1.309234507	103.8776651
1.309234507	103.8776651
1.309234508	103.8776651
1.309246388	103.8766032
1.309246388	103.8766032
1.309246439	103.8766037
1.309254021	103.8873743
1.309263224	103.8772328
1.309263509	103.8763815
1.30926495	103.8777003
1.30926495	103.8777003
1.30926495	103.8777003
1.309304461	103.8769228
1.309304585	103.879851
1.309307647	103.8777472
1.309307647	103.8777472
1.309307648	103.8777472
1.30931281	103.8765922
1.30931281	103.8765922
1.309312839	103.8765923
1.309318962	103.8763684
1.309321454	103.8772241
1.309336346	103.8777838
1.309336346	103.8777838
1.309336346	103.8777838
1.309364541	103.879245
1.309372417	103.8772131
1.309373593	103.8763598
1.309375248	103.8778343
1.309375248	103.8778343
1.309375248	103.8778343
1.309378625	103.8765813
1.309378625	103.8765813
1.309378633	103.8765813
1.309408634	103.8778671
1.309408634	103.8778671
1.309416071	103.8839001
1.309417223	103.8762921
1.309417224	103.8762921
1.309417224	103.8762921
1.309427013	103.8775294
1.309427013	103.8775294
1.309427013	103.8775294
1.309427013	103.8775294
1.309427013	103.8775294
1.309427013	103.8775294
1.309427013	103.8775294
1.309427014	103.8775294
1.309434331	103.8800387
1.30943995	103.8792219
1.309443155	103.8833363
1.309443968	103.8779199
1.309443968	103.8779199
1.309444382	103.8765705
1.309444382	103.8765705
1.309444409	103.8765706
1.309446272	103.8769289
1.309455628	103.8778526
1.309466126	103.8762858
1.309466126	103.8762858
1.309466126	103.8762858
1.309469497	103.8824375
1.30947342	103.8778733
1.309476449	103.8779542
1.309476449	103.8779542
1.30947645	103.8779542
1.309486863	103.8852466
1.309502931	103.888972
1.309503685	103.878013
1.309503685	103.878013
1.309503685	103.878013
1.309508863	103.8881294
1.309510542	103.8765595
1.309510542	103.8765595
1.30951057	103.8765597
1.309511015	103.8771917
1.309530512	103.8762766
1.309530512	103.8762766
1.309530512	103.8762766
1.309541924	103.8813116
1.309543437	103.8780491
1.309543438	103.8780491
1.309543438	103.8780491
1.30956661	103.8803811
1.309573602	103.8781042
1.309573602	103.8781042
1.309573602	103.8781042
1.30957644	103.8810396
1.309578003	103.8765849
1.309580893	103.8765651
1.309587754	103.8762682
1.309587754	103.8762682
1.309587754	103.8762682
1.309595229	103.8813075
1.309640784	103.8844718
1.30964883	103.8762294
1.309648831	103.8762294
1.309648831	103.8762294
1.309653383	103.8812738
1.309655296	103.8775396
1.309655558	103.8771954
1.309662146	103.8765584
1.309662147	103.8765584
1.309662147	103.8765584
1.309670672	103.8804078
1.309670675	103.8804078
1.309676858	103.8806428
1.309687215	103.8834754
1.309698535	103.8783215
1.309698535	103.8783215
1.309698535	103.8783215
1.309703222	103.8771889
1.309712297	103.8762763
1.309712297	103.8762763
1.309712298	103.8762763
1.309712337	103.8812721
1.309715665	103.8783609
1.309715665	103.8783609
1.309715666	103.8783609
1.309721231	103.8810322
1.309738972	103.8765437
1.309738972	103.8765437
1.309754052	103.8784236
1.309754052	103.8784236
1.309754052	103.8784236
1.309764971	103.8771796
1.309766072	103.8768782
1.309770526	103.8812675
1.309770952	103.8809959
1.309790438	103.8765353
1.309790438	103.8765353
1.309796464	103.8784791
1.309796464	103.8784791
1.309796464	103.8784791
1.309797878	103.8762661
1.309797878	103.8762661
1.309797878	103.8762661
1.309812973	103.8771741
1.309813647	103.8859661
1.309813874	103.8771603
1.309813874	103.8771603
1.309813874	103.8771603
1.309813874	103.8771603
1.309813874	103.8771603
1.309816544	103.8888433
1.309820509	103.8850722
1.309828876	103.8812624
1.309828959	103.8778867
1.309830773	103.8762589
1.309830773	103.8762589
1.309830773	103.8762589
1.309836993	103.8775032
1.309839928	103.8810193
1.309842516	103.876529
1.309842516	103.876529
1.30988738	103.8812579
1.309889165	103.8810163
1.30989615	103.8765214
1.30989615	103.8765214
1.309908415	103.8818419
1.309919356	103.8762487
1.309919356	103.8762487
1.309919356	103.8762487
1.309922609	103.8770816
1.309922609	103.8770816
1.309922609	103.8770816
1.309922609	103.8770816
1.309922609	103.8770816
1.309922609	103.8770816
1.309922609	103.8770816
1.309922609	103.8770816
1.309922609	103.8770816
1.309926341	103.8770844
1.309931226	103.887961
1.309945874	103.8812777
1.309952314	103.8762411
1.309952314	103.8762411
1.309952314	103.8762411
1.309978305	103.8788432
1.309994136	103.8765023
1.310002686	103.8768251
1.310002686	103.8768251
1.310002723	103.8768248
1.310012067	103.8824094
1.310019317	103.8855481
1.31002285	103.880942
1.31002285	103.880942
1.31002285	103.880942
1.310026875	103.888857
1.310039576	103.881015
1.310039576	103.881015
1.310039577	103.881015
1.310041971	103.8824289
1.310048006	103.8846782
1.310053532	103.8810728
1.310053532	103.8810728
1.310053532	103.8810728
1.31005545	103.8767962
1.310057248	103.8774501
1.31005777	103.8761969
1.31008114	103.881193
1.31008114	103.881193
1.31009278	103.881255
1.31009278	103.881255
1.310104192	103.8789054
1.310105645	103.8813266
1.310105645	103.8813266
1.310107436	103.8767668
1.310130625	103.8770754
1.310133772	103.8839465
1.310142834	103.8876735
1.310159716	103.8767971
1.310159716	103.8767971
1.310159716	103.8767971
1.310159716	103.8767971
1.310161636	103.8762027
1.310193182	103.8768479
1.310208362	103.8774292
1.310208425	103.877429
1.310215785	103.8764622
1.310218899	103.8767483
1.310220635	103.8832354
1.31022726	103.8788067
1.310240815	103.8795848
1.31024261	103.879573
1.310258457	103.8761999
1.310263669	103.8770525
1.310265532	103.8770555
1.310266136	103.8764524
1.310278975	103.8767405
1.310280287	103.8774183
1.310280287	103.8774183
1.310294613	103.8858291
1.310299157	103.8795664
1.310318096	103.8761915
1.310325232	103.8764435
1.310349563	103.8795556
1.310349564	103.8795556
1.310349763	103.8770484
1.310350737	103.8774069
1.310350807	103.8774067
1.310362314	103.8802613
1.310374848	103.8767699
1.310375496	103.8764373
1.310379187	103.8787823
1.310379194	103.8787823
1.310381535	103.8767224
1.310391236	103.8795448
1.310391236	103.8795448
1.31039452	103.8798656
1.310399046	103.8770416
1.310407948	103.8808983
1.310408609	103.8773606
1.310410427	103.8806047
1.310411405	103.886398
1.310419108	103.8809514
1.31042711	103.8774136
1.310432013	103.8810136
1.310438282	103.8767643
1.310442261	103.8767148
1.310444211	103.8810671
1.31044462	103.8878562
1.310450194	103.8868269
1.310458637	103.8795526
1.310458855	103.8770315
1.310459774	103.8774047
1.310463681	103.8773513
1.31047181	103.8761657
1.31047181	103.8761657
1.31047181	103.8761657
1.31047181	103.8761657
1.31047181	103.8761657
1.31047181	103.8761657
1.31047181	103.8761657
1.31047181	103.8761657
1.310510212	103.8795391
1.310517819	103.8802324
1.310517819	103.8802324
1.310517819	103.8802324
1.31051809	103.8773417
1.310536861	103.8773946
1.310564127	103.8838112
1.310566225	103.8769985
1.310567055	103.8773852
1.310574983	103.8805895
1.310575128	103.8802233
1.310575128	103.8802233
1.310575128	103.8802233
1.310575559	103.8790789
1.310576422	103.8773319
1.310578135	103.8812724
1.310578135	103.8812724
1.310578135	103.8812724
1.310578414	103.8795229
1.310578634	103.8856562
1.310588888	103.8885964
1.310592608	103.8761161
1.310608543	103.8870693
1.310615985	103.8787065
1.310618129	103.876728
1.310621614	103.8841543
1.310624079	103.8812609
1.310639881	103.8761058
1.310643622	103.881504
1.310643622	103.881504
1.310643622	103.881504
1.310646251	103.8761195
1.310646251	103.8761195
1.310649683	103.8815613
1.310649683	103.8815613
1.310649683	103.8815613
1.310650352	103.8764018
1.310652998	103.8816325
1.310652999	103.8816325
1.310652999	103.8816325
1.310664275	103.8816886
1.310664275	103.8816886
1.310664275	103.8816886
1.310672218	103.8850317
1.310674293	103.8773973
1.310674294	103.8773973
1.310674294	103.8773973
1.310674294	103.8773973
1.310684274	103.8798347
1.310689126	103.8812378
1.310691579	103.8809981
1.310700441	103.8760982
1.310700442	103.8760982
1.310700442	103.8760982
1.310727471	103.879531
1.310730874	103.8769844
1.310739304	103.8801282
1.310747977	103.8760895
1.310751878	103.8801824
1.310762764	103.8786807
1.310766377	103.8802447
1.310768654	103.8812378
1.310775434	103.8773391
1.310776068	103.8803005
1.310779058	103.8818399
1.310787702	103.8795184
1.310789919	103.8803634
1.310804373	103.880418
1.310817079	103.8804828
1.310823971	103.8786595
1.31082711	103.8815844
1.31082711	103.8815844
1.310837618	103.8774023
1.310839331	103.8761096
1.310869735	103.8786632
1.31086981	103.8786445
1.310878465	103.8812135
1.310878465	103.8812135
1.310878465	103.8812135
1.310884717	103.8815777
1.310884717	103.8815777
1.310900893	103.87697
1.310901508	103.8794929
1.31091225	103.8808462
1.310918711	103.8766912
1.310919876	103.8797422
1.310919876	103.8797422
1.310919876	103.8797422
1.310919876	103.8797422
1.310919876	103.8797422
1.310919876	103.8797422
1.310919876	103.8797422
1.310919876	103.8797422
1.310919876	103.8797422
1.310919876	103.8797422
1.310919876	103.8797422
1.310919876	103.8797422
1.310927933	103.8809549
1.310943327	103.8815706
1.310943327	103.8815706
1.310945219	103.8827211
1.310948511	103.8760855
1.310948511	103.8760855
1.310948511	103.8760855
1.310948511	103.8760855
1.310954128	103.8812065
1.310954128	103.8812065
1.310954128	103.8812065
1.3109665	103.8861369
1.310989054	103.8786324
1.31099674	103.888352
1.311003772	103.881579
1.311003772	103.881579
1.311005911	103.8818657
1.31101053	103.8763418
1.311018045	103.8812041
1.311018045	103.8812041
1.311018045	103.8812041
1.311023511	103.8830488
1.311023511	103.8830488
1.311024535	103.8794538
1.311025282	103.8831041
1.311025282	103.8831041
1.311026931	103.8831587
1.311026931	103.8831587
1.311029232	103.8832269
1.311029232	103.8832269
1.311032761	103.8866301
1.311051176	103.8824619
1.311080362	103.8836368
1.311085947	103.8836338
1.311089335	103.8794335
1.311100755	103.8805201
1.311105439	103.8800898
1.311113908	103.880144
1.311114221	103.8882094
1.311116222	103.8760682
1.311116243	103.8775633
1.311116304	103.8769025
1.311118152	103.8838575
1.311122633	103.8796549
1.311123057	103.8818663
1.311124108	103.8802041
1.311130204	103.8839086
1.311141632	103.8839645
1.311144546	103.8815529
1.311145723	103.8802908
1.311145723	103.8802908
1.311148229	103.8803194
1.311148229	103.8803194
1.311150885	103.8794187
1.311151221	103.8779043
1.311151601	103.8766749
1.311166456	103.8818619
1.311178123	103.8841281
1.311178843	103.884175
1.311189735	103.8842261
1.311189814	103.8824665
1.311191394	103.8808485
1.311191563	103.8772795
1.311191847	103.8805203
1.311191847	103.8805203
1.31119525	103.8808543
1.31119525	103.8808543
1.31119525	103.8808543
1.31119525	103.8808543
1.31119525	103.8808543
1.31119525	103.8808543
1.31119525	103.8808543
1.311195356	103.8842996
1.311205744	103.8775414
1.311208248	103.8794083
1.31122559	103.8810366
1.311251246	103.8811819
1.311252795	103.8778629
1.311253681	103.8805123
1.311253681	103.8805123
1.311258712	103.8812443
1.311258712	103.8812443
1.311258712	103.8812443
1.311262166	103.8793717
1.311264334	103.8769063
1.311264612	103.8778029
1.311284703	103.881516
1.311288027	103.8762857
1.311289804	103.8785251
1.311292863	103.8838728
1.311299847	103.8827034
1.311300048	103.8827036
1.311301579	103.8827588
1.311301807	103.882759
1.311302746	103.8768981
1.31130298	103.8828139
1.311303111	103.882814
1.311304614	103.8828682
1.311304715	103.8828683
1.311306134	103.8829231
1.311306136	103.8829231
1.311307661	103.8829781
1.311307729	103.8829781
1.311308459	103.8818953
1.311309022	103.8830329
1.311309187	103.8830331
1.31131031	103.8801607
1.3113107	103.8830876
1.311310823	103.8830877
1.311312157	103.8831422
1.311312217	103.8831423
1.311313622	103.8831972
1.311313744	103.8831973
1.311315224	103.8775184
1.311315291	103.8832529
1.311315456	103.8832531
1.311316142	103.8846159
1.311319612	103.8793543
1.311326549	103.880507
1.311326549	103.880507
1.311329693	103.8760284
1.311336312	103.8778506
1.31134471	103.8801557
1.311346078	103.8772329
1.311347783	103.8785027
1.311348988	103.8839012
1.311351443	103.8768894
1.311352464	103.8824808
1.311352464	103.8824808
1.311352465	103.8824808
1.311353017	103.8818889
1.311353018	103.8818889
1.311353018	103.8818889
1.311353018	103.8818889
1.311353018	103.8818889
1.311353018	103.8818889
1.311353018	103.8818889
1.311353018	103.8818889
1.311377056	103.8793371
1.311385547	103.8778424
1.311388094	103.8805002
1.311388094	103.8805002
1.311388877	103.8811387
1.31138941	103.8801564
1.31138951	103.8768812
1.311398631	103.8796712
1.311400858	103.8781212
1.311401813	103.8842324
1.31140487	103.878528
1.311406271	103.8772218
1.311406883	103.8839062
1.311410568	103.8824802
1.311410568	103.8824802
1.311410568	103.8824802
1.311425807	103.877486
1.311426645	103.8801446
1.311435808	103.8811368
1.311438902	103.8768739
1.311446994	103.8815397
1.311450518	103.8839024
1.31145822	103.8805057
1.311459804	103.8771937
1.311463458	103.8805156
1.311464707	103.8762622
1.311466456	103.8854161
1.311467268	103.885237
1.311467414	103.8854747
1.31147172	103.8777946
1.311472572	103.8801364
1.31147583	103.8853551
1.311476091	103.8852981
1.311479247	103.8824811
1.311479247	103.8824811
1.311479247	103.8824811
1.311480776	103.8772275
1.311480776	103.8772275
1.311482309	103.8818785
1.311482309	103.8818785
1.311482309	103.8818785
1.311482309	103.8818785
1.311487477	103.8768535
1.311508531	103.878505
1.311508601	103.8839111
1.311516603	103.8771855
1.311522844	103.8802042
1.311525382	103.8805137
1.311525383	103.8805137
1.311535464	103.8824776
1.311535464	103.8824776
1.311535465	103.8824776
1.311547238	103.8842388
1.311550965	103.8811439
1.311550965	103.8811439
1.311550965	103.8811439
1.311550965	103.8811439
1.311550965	103.8811439
1.311550965	103.8811439
1.311550965	103.8811439
1.311553012	103.8839066
1.311555495	103.8801227
1.311560761	103.8792894
1.311561854	103.8758957
1.311563554	103.8835742
1.311564063	103.8758969
1.311564063	103.8758969
1.311568146	103.8808643
1.311571491	103.877466
1.311574193	103.8858279
1.311582735	103.8759516
1.311585741	103.8759528
1.311585741	103.8759528
1.311585874	103.8774602
1.311588132	103.8771885
1.311591522	103.8778036
1.311592526	103.8805093
1.311592526	103.8805093
1.311594399	103.8801273
1.311597568	103.884692
1.311597976	103.8815346
1.311604705	103.8760018
1.311604705	103.8760018
1.311606334	103.8760024
1.31160972	103.8839085
1.311610949	103.8859653
1.311612404	103.8860206
1.311614043	103.8824823
1.311614043	103.8824823
1.311614043	103.8824823
1.311618899	103.8796035
1.311623638	103.8760507
1.311623638	103.8760507
1.311623638	103.8760507
1.311624939	103.8781144
1.31162784	103.8853331
1.311638827	103.8768381
1.31164242	103.8801214
1.31164242	103.8801214
1.311644227	103.8860751
1.311645974	103.8861306
1.311647735	103.8850599
1.31165017	103.8771747
1.311650268	103.881886
1.311654016	103.8839048
1.311656269	103.8805168
1.31165627	103.8805168
1.311657404	103.8771852
1.311657404	103.8771852
1.311657404	103.8771852
1.311662212	103.8811516
1.311662212	103.8811516
1.311662212	103.8811516
1.311662212	103.8811516
1.311668599	103.8780669
1.311668599	103.8780669
1.311668599	103.8780669
1.311668599	103.8780669
1.311668599	103.8780669
1.311671353	103.8774415
1.311672731	103.8762056
1.311672795	103.8861854
1.311674424	103.8865493
1.311676328	103.8862401
1.311678895	103.8842372
1.311678895	103.8842372
1.31168018	103.8865474
1.31168018	103.8865474
1.31168018	103.8865474
1.31168419	103.8838561
1.311686236	103.8853333
1.311691212	103.8866093
1.311691212	103.8866093
1.311691212	103.8866093
1.311692882	103.8866095
1.311693424	103.8828573
1.311693498	103.8828574
1.311694834	103.882912
1.31169495	103.8829121
1.311696149	103.8829667
1.311696252	103.8829668
1.311697941	103.8830209
1.3116983	103.8830212
1.311699268	103.8830764
1.311699559	103.8830767
1.311700782	103.8831312
1.311701073	103.8831315
1.311701953	103.8866663
1.311701953	103.8866663
1.311701953	103.8866663
1.311702573	103.8831857
1.311702693	103.8831858
1.311703526	103.8866664
1.311705642	103.8826767
1.311708332	103.8827779
1.311709326	103.8784631
1.311712084	103.8867204
1.311712084	103.8867204
1.311712084	103.8867204
1.311714047	103.8811431
1.31171446	103.8867212
1.311718422	103.8804949
1.311723099	103.8832418
1.311723393	103.883242
1.311723591	103.8842428
1.311723591	103.8842428
1.311724006	103.8867769
1.311728098	103.8771655
1.311728098	103.8771655
1.311728098	103.8771655
1.311730669	103.8771558
1.311730811	103.8867773
1.311730811	103.8867773
1.311730811	103.8867773
1.311733993	103.8868324
1.311733993	103.8868324
1.311733993	103.8868324
1.311734189	103.8824633
1.311734762	103.878815
1.311736752	103.8868338
1.311737166	103.8774292
1.311739222	103.8815079
1.311740346	103.8815101
1.311740346	103.8815101
1.311748895	103.8779961
1.31175602	103.8839087
1.311757514	103.8777695
1.311759155	103.8818678
1.311759155	103.8818678
1.311759155	103.8818678
1.311770089	103.8805009
1.311774361	103.8811387
1.31177994	103.8875373
1.311780119	103.8846058
1.311780749	103.88424
1.311780749	103.88424
1.311785881	103.8795653
1.311793484	103.8875957
1.311793484	103.8875957
1.311793917	103.8875416
1.311794833	103.8801197
1.311806976	103.8818624
1.311806977	103.8818624
1.311806977	103.8818624
1.311808356	103.8774779
1.311810161	103.8771646
1.311810543	103.8771644
1.311811334	103.887644
1.311811334	103.887644
1.311812814	103.8839117
1.311813664	103.8871082
1.31182332	103.8804614
1.311823443	103.8811355
1.311823581	103.8877057
1.311823581	103.8877057
1.311825844	103.8842467
1.311825845	103.8842467
1.311834805	103.878005
1.311834885	103.8877533
1.311834886	103.8877533
1.311838409	103.882441
1.311842779	103.8766132
1.311843374	103.887816
1.311843374	103.887816
1.311851465	103.877433
1.311851465	103.877433
1.311851465	103.877433
1.311855725	103.8784352
1.311855725	103.8784352
1.311855725	103.8784352
1.311855725	103.8784352
1.311855725	103.8784352
1.311856697	103.8878645
1.311856697	103.8878645
1.311859532	103.8850609
1.311860428	103.8808387
1.311863721	103.883913
1.311864723	103.887927
1.311864723	103.887927
1.311870931	103.8818597
1.311870931	103.8818597
1.311870931	103.8818597
1.311874556	103.8804538
1.311880148	103.8814992
1.3118826	103.8842431
1.3118826	103.8842431
1.311884372	103.8779958
1.311890198	103.8774251
1.311890198	103.8774251
1.311892523	103.88358
1.311892523	103.88358
1.311897697	103.887974
1.311897697	103.887974
1.311898348	103.8871689
1.311902037	103.8851535
1.311904191	103.8853694
1.311908646	103.8839117
1.311908872	103.8881708
1.311908872	103.8881708
1.311908873	103.8881708
1.311910597	103.8767566
1.311910597	103.8767566
1.311910597	103.8767566
1.311912611	103.8784251
1.311912616	103.8882438
1.311912616	103.8882438
1.311912616	103.8882438
1.311919375	103.8767016
1.311919375	103.8767016
1.311919376	103.8767016
1.311919624	103.8818531
1.311919625	103.8818531
1.311919625	103.8818531
1.311922059	103.8777367
1.311922554	103.8882944
1.311922554	103.8882944
1.311922554	103.8882944
1.311923073	103.8872884
1.31192626	103.8768384
1.311926261	103.8768384
1.311926261	103.8768384
1.311926261	103.8768384
1.311926261	103.8768384
1.311926261	103.8768384
1.311927444	103.8842493
1.311927444	103.8842493
1.311927541	103.8872253
1.311927965	103.8873321
1.311934574	103.8883539
1.311934574	103.8883539
1.311934574	103.8883539
1.311935768	103.8800895
1.311940132	103.8804446
1.311940133	103.8804446
1.311940659	103.880832
1.311942668	103.879214
1.311945021	103.8884046
1.311945022	103.8884046
1.311945022	103.8884046
1.31194634	103.8824479
1.31194637	103.8835476
1.311946724	103.8874061
1.311956401	103.8884639
1.311956401	103.8884639
1.311956401	103.8884639
1.311956427	103.8811221
1.311960414	103.8850633
1.311964409	103.8839097
1.311965469	103.8779915
1.311967262	103.8885145
1.311967262	103.8885145
1.311967262	103.8885145
1.311974217	103.8826989
1.311974367	103.8826991
1.311976598	103.8827799
1.311976741	103.8827801
1.311980835	103.8865327
1.311982379	103.8755825
1.311983412	103.8842418
1.311983412	103.8842418
1.311983576	103.8800777
1.311984532	103.8759393
1.311989005	103.8808175
1.311990422	103.8885836
1.311990422	103.8885836
1.311990422	103.8885836
1.311991214	103.8784174
1.311998926	103.8828478
1.311999136	103.882848
1.312000639	103.8829024
1.312000665	103.8829025
1.312002154	103.8829573
1.312002188	103.8829573
1.312003589	103.8830124
1.31200368	103.8830125
1.312003971	103.8804362
1.312003972	103.8804362
1.312005003	103.8859494
1.312005189	103.8830671
1.312005307	103.8830672
1.312006613	103.8831218
1.312006703	103.8831219
1.312008065	103.8845284
1.312008221	103.8831769
1.312008221	103.8831769
1.312009493	103.8839078
1.312009801	103.8832341
1.31201001	103.8832343
1.312011487	103.8815604
1.312012727	103.8795248
1.312012727	103.8795248
1.312012727	103.8795248
1.312012727	103.8795248
1.312012727	103.8795248
1.312012727	103.8795248
1.312012727	103.8795248
1.312012727	103.8795248
1.312012727	103.8795248
1.312012727	103.8795248
1.312012727	103.8795248
1.312012727	103.8795248
1.312012727	103.8795248
1.312012727	103.8795248
1.312012727	103.8795248
1.312012728	103.8795248
1.312013318	103.877055
1.312013318	103.877055
1.312013318	103.877055
1.312013318	103.877055
1.312020151	103.8800677
1.312022505	103.8770554
1.312026804	103.8842393
1.312026804	103.8842393
1.31203973	103.8808143
1.312045166	103.8825889
1.312047548	103.8771247
1.312048	103.8771691
1.312048	103.8771691
1.312051584	103.8771721
1.312056921	103.8760978
1.312057594	103.8824587
1.312057746	103.8824588
1.312060586	103.8758481
1.312063697	103.8838988
1.312067449	103.8772301
1.312068324	103.8815572
1.312068578	103.8800652
1.312069991	103.8835624
1.31207027	103.8761373
1.312073281	103.8771253
1.312073281	103.8771253
1.31207356	103.8818421
1.312074081	103.877277
1.312076682	103.8772735
1.312076682	103.8772735
1.312078255	103.8783995
1.312081666	103.8850523
1.312081849	103.8842301
1.312081849	103.8842301
1.312085386	103.880451
1.312085386	103.880451
1.312088767	103.8773893
1.312089235	103.8808098
1.312090062	103.8773352
1.312095944	103.8772305
1.312095944	103.8772305
1.312099791	103.8762072
1.312105572	103.8800565
1.312111414	103.8838981
1.312111525	103.8762645
1.312112663	103.8762091
1.312117366	103.8773361
1.312117366	103.8773361
1.312121251	103.8776135
1.312123613	103.8761618
1.312124839	103.8842242
1.31212484	103.8842242
1.312125325	103.8815627
1.312126972	103.8872202
1.312127531	103.8868143
1.312128567	103.8762603
1.312132764	103.8762952
1.312132954	103.8774488
1.312132954	103.8774488
1.312132954	103.8774488
1.312135598	103.8776711
1.312138699	103.8808067
1.312143871	103.8762969
1.312143967	103.8804414
1.312143967	103.8804414
1.312145804	103.8777225
1.31215199	103.8800422
1.31215533	103.8777757
1.31215533	103.8777757
1.312155982	103.8777758
1.312158941	103.8763443
1.312161755	103.8763792
1.312161755	103.8763792
1.312166551	103.8778306
1.312166551	103.8778306
1.312166551	103.8778306
1.312167219	103.8764352
1.312167219	103.8764352
1.312167219	103.8764352
1.312174264	103.8763815
1.312182722	103.8842126
1.312182722	103.8842126
1.312185655	103.8778852
1.312188296	103.8808021
1.312192006	103.8894647
1.312193563	103.8791756
1.312193563	103.8791756
1.312193758	103.8791758
1.312194172	103.8884882
1.312199497	103.8824613
1.312207104	103.8764658
1.312208297	103.877945
1.312208297	103.877945
1.312208297	103.877945
1.312210499	103.8758224
1.312210857	103.8865205
1.312213274	103.8838791
1.312214358	103.8765052
1.312214549	103.8853962
1.312215922	103.8779934
1.312215922	103.8779934
1.312215923	103.8779934
1.31222099	103.87805
1.31222099	103.87805
1.31222099	103.87805
1.31222099	103.87805
1.312220991	103.87805
1.312228571	103.8765038
1.312238039	103.880799
1.31223808	103.8810971
1.312243697	103.8884752
1.312244305	103.8799517
1.312244305	103.8799517
1.312244305	103.8799517
1.312244306	103.8799517
1.312248225	103.8804441
1.312251341	103.8758196
1.312252468	103.8817962
1.312252468	103.8817962
1.312252468	103.8817962
1.312252468	103.8817962
1.312252468	103.8817962
1.312252468	103.8817962
1.312252468	103.8817962
1.312252468	103.8817962
1.312254749	103.8800345
1.312254749	103.8800345
1.312254749	103.8800345
1.312254749	103.8800345
1.312254749	103.8800345
1.312258257	103.8881618
1.31225829	103.8846626
1.312258781	103.8838659
1.312262107	103.8782929
1.312263466	103.8782719
1.312266988	103.880115
1.312266988	103.880115
1.312266988	103.880115
1.312266988	103.880115
1.312266988	103.880115
1.312271762	103.8853986
1.312274014	103.8841769
1.312279412	103.8801967
1.312281671	103.8801961
1.312281671	103.8801961
1.312281671	103.8801961
1.312281671	103.8801961
1.312281671	103.8801961
1.312286901	103.8807945
1.312299876	103.8766651
1.312299876	103.8766651
1.312301139	103.8758022
1.312303866	103.8884629
1.312304123	103.8861487
1.312307686	103.8783466
1.312307686	103.8783466
1.312309263	103.8872538
1.312309263	103.8872538
1.312310076	103.8838719
1.31231336	103.8783896
1.31231336	103.8783896
1.312317604	103.882412
1.312317847	103.8835323
1.312319615	103.8841741
1.312319746	103.8784316
1.312323643	103.8766642
1.312323938	103.8850331
1.312326242	103.8784736
1.312326242	103.8784736
1.312326242	103.8784736
1.312330071	103.8853904
1.312336489	103.8807912
1.312344305	103.8785148
1.312344305	103.8785148
1.312348608	103.887668
1.312349952	103.8902913
1.31235169	103.8884538
1.31235772	103.875477
1.312359967	103.8767482
1.312359967	103.8767482
1.312359967	103.8767482
1.312359967	103.8767482
1.312359967	103.8767482
1.312361284	103.8858283
1.31236209	103.8865134
1.312366027	103.8838666
1.312371997	103.8754757
1.312375279	103.8841666
1.312378117	103.8790203
1.312378117	103.8790203
1.312385298	103.8861001
1.312386047	103.881789
1.312386047	103.881789
1.312386047	103.881789
1.312386047	103.881789
1.312386047	103.881789
1.312386047	103.881789
1.312386047	103.881789
1.312386047	103.881789
1.312386156	103.8807867
1.312387467	103.8826834
1.312387698	103.8826836
1.312387698	103.8826836
1.312388575	103.8893508
1.31238945	103.8790607
1.31238945	103.8790607
1.312389884	103.8827383
1.312389884	103.8827383
1.312389974	103.8827384
1.312390293	103.8815041
1.312391908	103.8791027
1.312392058	103.8827926
1.312392058	103.8827926
1.312392156	103.8827927
1.312393931	103.8828472
1.312394252	103.8828475
1.312394252	103.8828475
1.312396428	103.8829019
1.312396428	103.8829019
1.31239656	103.882902
1.312397719	103.8791462
1.312398577	103.8829567
1.31239862	103.8829567
1.31239862	103.8829567
1.312400177	103.8832052
1.312400177	103.8832052
1.312400811	103.8830115
1.312400811	103.8830115
1.312400874	103.8830115
1.31240294	103.8830663
1.312403008	103.8830664
1.312403008	103.8830664
1.312403321	103.8868151
1.312404601	103.8831959
1.312404847	103.8768886
1.312405157	103.8831201
1.312405157	103.8831201
1.312405569	103.8831205
1.312406798	103.8791873
1.312406798	103.8791873
1.312408761	103.8838605
1.312409237	103.8868339
1.312409237	103.8868339
1.312409264	103.8793576
1.312412768	103.8792283
1.31241287	103.8884414
1.312413219	103.8871481
1.312416403	103.8841376
1.312420721	103.879269
1.312420721	103.879269
1.312420994	103.8793097
1.312420994	103.8793097
1.312421235	103.8794142
1.312421235	103.8794142
1.312421235	103.8794142
1.312421497	103.8858184
1.312422018	103.8906074
1.312422242	103.875705
1.312422242	103.875705
1.312423696	103.8865103
1.312424371	103.8835182
1.312426262	103.8794637
1.312426262	103.8794637
1.312426263	103.8794637
1.3124347	103.8795203
1.3124347	103.8795203
1.3124347	103.8795203
1.312435744	103.8807836
1.312438151	103.8873418
1.312439294	103.8810953
1.312441997	103.8795655
1.312441997	103.8795655
1.312441997	103.8795655
1.312445064	103.8845765
1.312447434	103.876349
1.312448113	103.8772443
1.312448113	103.8772443
1.312448333	103.8763496
1.312448333	103.8763496
1.312448333	103.8763496
1.312449882	103.8860772
1.312451039	103.8796223
1.312451039	103.8796223
1.312451039	103.8796223
1.312455268	103.8868307
1.312455269	103.8868307
1.312456653	103.8773338
1.312456653	103.8773338
1.312458323	103.8796672
1.312458323	103.8796672
1.312458323	103.8796672
1.312461352	103.8884321
1.312462066	103.8772449
1.312462327	103.8772974
1.312462327	103.8772974
1.312463202	103.8797241
1.312463202	103.8797241
1.312463202	103.8797241
1.31246466	103.8838552
1.312467211	103.8772945
1.312467419	103.8760619
1.312467419	103.8760619
1.312467419	103.8760619
1.312467419	103.8760619
1.312467419	103.8760619
1.312467419	103.8760619
1.312467419	103.8760619
1.312467552	103.8760624
1.312468718	103.8824302
1.312468718	103.8824302
1.312471069	103.8908514
1.31247144	103.8774238
1.31247144	103.8774238
1.312473227	103.8773346
1.312476124	103.8773883
1.312476124	103.8773883
1.312476874	103.8858011
1.312479438	103.8835163
1.312479459	103.8835165
1.312479459	103.8835165
1.31248085	103.8773854
1.312487279	103.8774246
1.312489387	103.8810924
1.312489628	103.8841567
1.312490683	103.8774868
1.312490714	103.8818499
1.312499125	103.8775375
1.312499347	103.8775378
1.312502687	103.8803681
1.312505455	103.8776098
1.312506402	103.8770256
1.312506887	103.8838473
1.312507247	103.8770214
1.312514781	103.8860739
1.312519126	103.8868287
1.312519126	103.8868287
1.312522012	103.8884206
1.312531299	103.8881399
1.312533111	103.8858123
1.312534197	103.8835146
1.312534215	103.8835146
1.312534215	103.8835146
1.312537332	103.8854028
1.312538492	103.8841762
1.31253855	103.8818452
1.312542553	103.8763068
1.312545619	103.8910645
1.312555064	103.8778988
1.312560199	103.8766559
1.3125602	103.8766559
1.3125602	103.8766559
1.3125602	103.8766559
1.312562863	103.8838445
1.312564024	103.8778595
1.312569628	103.8778556
1.312569944	103.8884128
1.312569987	103.8872092
1.312573432	103.8778997
1.312575832	103.8841235
1.312577391	103.8864924
1.312582093	103.8777926
1.312584225	103.8858181
1.312595945	103.8780503
1.312596467	103.8806847
1.312596935	103.8806834
1.312596935	103.8806834
1.31259716	103.8779453
1.312597584	103.8779453
1.312598022	103.884584
1.312598626	103.8780471
1.312600213	103.8781857
1.31260028	103.8818412
1.312605286	103.8838363
1.312606202	103.8779928
1.312606291	103.87809
1.31260674	103.8779927
1.312607012	103.8807451
1.312607012	103.8807451
1.312607012	103.8807451
1.312607012	103.8807451
1.312607257	103.8807451
1.312611442	103.8781453
1.312611744	103.878143
1.312615289	103.8782815
1.312621248	103.8781856
1.312622189	103.8850874
1.312623371	103.8769437
1.312623593	103.8841319
1.312626848	103.8782411
1.312628413	103.8782382
1.312631631	103.8766425
1.312631631	103.8766425
1.312631754	103.8807948
1.312631754	103.8807948
1.312634948	103.8782814
1.312640811	103.8807936
1.312640821	103.878331
1.312648174	103.8808982
1.312648174	103.8808982
1.312648403	103.88318
1.312649652	103.8808488
1.312652911	103.8818417
1.312653058	103.8775597
1.312656329	103.8808972
1.312657221	103.8772334
1.312657548	103.8762918
1.312657548	103.8762918
1.312657548	103.8762918
1.312657548	103.8762918
1.312657548	103.8762918
1.312659284	103.8880875
1.312661704	103.8808476
1.312661704	103.8808476
1.312661898	103.8838333
1.312663965	103.8809996
1.312663965	103.8809996
1.31266419	103.8769316
1.312665138	103.880952
1.312665419	103.8881006
1.312670084	103.8883832
1.312672072	103.8809988
1.312673704	103.8755943
1.312676134	103.8841277
1.312677108	103.8766289
1.312677108	103.8766289
1.312677459	103.8809508
1.312677459	103.8809508
1.312678364	103.8811569
1.312678364	103.8811569
1.31268163	103.8810968
1.31268163	103.8810968
1.312682275	103.8810508
1.312684703	103.8859412
1.312685888	103.8811585
1.312689612	103.881096
1.312693369	103.8831484
1.312695175	103.8810497
1.312695175	103.8810497
1.312697947	103.8867768
1.312700954	103.8774683
1.312704623	103.8838264
1.312705532	103.8838146
1.312711436	103.8772194
1.312717058	103.8765874
1.312717616	103.8769124
1.312717778	103.88809
1.312718229	103.8841236
1.312720552	103.8786415
1.312737915	103.8813318
1.312737915	103.8813318
1.312740873	103.881327
1.312741157	103.883176
1.312742468	103.8846561
1.312742469	103.8846561
1.312742469	103.8846561
1.312742469	103.8846561
1.312742469	103.8846561
1.312742469	103.8846561
1.312742469	103.8846561
1.312744327	103.8854109
1.312746626	103.8765806
1.312746727	103.8765807
1.312755328	103.8789603
1.312756232	103.8789591
1.312757991	103.8769003
1.31276103	103.879017
1.312761241	103.8790171
1.312761574	103.8838243
1.312763464	103.8835189
1.312766348	103.8880672
1.312767693	103.8814085
1.312767811	103.8814785
1.312768154	103.8790611
1.312768156	103.8790611
1.312770162	103.8815469
1.312770162	103.8815469
1.312770162	103.8815469
1.312770228	103.881547
1.312770387	103.8841175
1.312774477	103.8775235
1.312774853	103.8851046
1.312775106	103.8791054
1.312775107	103.8791054
1.312776046	103.8824556
1.312776196	103.8778303
1.312778023	103.8876516
1.3127791	103.8814759
1.3127791	103.8814759
1.3127791	103.8814759
1.3127791	103.8814759
1.31278204	103.8791496
1.312782056	103.8791496
1.312784041	103.8814069
1.312784041	103.8814069
1.312784041	103.8814069
1.312784222	103.8872009
1.312787785	103.8816117
1.312788046	103.8768033
1.312789	103.8791939
1.312789002	103.8791939
1.312789002	103.8791939
1.312790192	103.8831769
1.312799393	103.8816132
1.312802591	103.8772034
1.312802591	103.8772034
1.312802591	103.8772034
1.312802591	103.8772034
1.312803373	103.8838167
1.312804488	103.8854116
1.312811961	103.8775112
1.312813222	103.8792391
1.312814626	103.8777809
1.312815071	103.8762391
1.312815108	103.8816868
1.312816576	103.8880781
1.312818394	103.8817835
1.312818514	103.8817835
1.312818514	103.8817835
1.312818514	103.8817835
1.312819229	103.8841123
1.312819899	103.8792373
1.312822268	103.8817308
1.312824608	103.8817273
1.312829204	103.8781485
1.312830016	103.890194
1.312830587	103.8753278
1.312830587	103.8753278
1.312832858	103.8768598
1.312834048	103.8831736
1.312836786	103.8754633
1.312838281	103.8911323
1.312844366	103.8753723
1.312844366	103.8753723
1.31284477	103.8818216
1.312845263	103.8818187
1.312845737	103.8759364
1.312848436	103.8794138
1.31285054	103.8828826
1.312850809	103.8864976
1.312850948	103.8794138
1.312850948	103.8794138
1.312851906	103.8818662
1.312852456	103.8854054
1.312852997	103.8818684
1.312853858	103.8794519
1.312853858	103.8794519
1.312854003	103.879452
1.31285867	103.8774946
1.312860087	103.8838125
1.31286011	103.8794919
1.312860351	103.879492
1.312860351	103.879492
1.312863577	103.8765818
1.312863577	103.8765818
1.312863577	103.8765818
1.312863577	103.8765818
1.312863578	103.8765818
1.31286393	103.8841094
1.312866012	103.8795322
1.312866903	103.8795325
1.312866903	103.8795325
1.312868592	103.8841192
1.312869316	103.8857531
1.312872589	103.8755628
1.312872697	103.8876849
1.312873273	103.8861145
1.3128738	103.8861118
1.312874843	103.8781431
1.312883504	103.882572
1.312883504	103.882572
1.312883504	103.882572
1.312884037	103.8883273
1.312886543	103.8871628
1.312886543	103.8871628
1.312888406	103.8826253
1.312888406	103.8826253
1.312888406	103.8826253
1.312890746	103.8880279
1.312890746	103.8880279
1.312890746	103.8880279
1.312890746	103.8880279
1.312890746	103.8880279
1.312890746	103.8880279
1.312896035	103.8826854
1.312896035	103.8826854
1.312896035	103.8826854
1.3128989	103.8784685
1.3128989	103.8784685
1.312899921	103.8827385
1.312899921	103.8827385
1.312902767	103.8838072
1.31290962	103.8780265
1.312912029	103.8854051
1.312912168	103.8787286
1.312912168	103.8787286
1.312918434	103.8841141
1.312924146	103.8774906
1.3129275	103.8768556
1.312930141	103.884523
1.312933432	103.8781481
1.312936415	103.8876756
1.312936596	103.880018
1.312936596	103.880018
1.312936596	103.880018
1.312936596	103.880018
1.312938421	103.8780948
1.312938421	103.8780948
1.312948557	103.8771475
1.312953683	103.8799435
1.312953683	103.8799435
1.312953683	103.8799435
1.312953683	103.8799435
1.312955212	103.8868136
1.312955212	103.8868136
1.312955212	103.8868136
1.312955212	103.8868136
1.312955216	103.8872046
1.312955362	103.8789727
1.312955362	103.8789727
1.312955362	103.8789727
1.31295544	103.8872077
1.312960893	103.8854001
1.31296091	103.8787186
1.31296091	103.8787186
1.31296118	103.8840754
1.312962803	103.876775
1.312976527	103.8880131
1.312976945	103.8781076
1.312976945	103.8781076
1.312976945	103.8781076
1.312977848	103.8797707
1.312977982	103.8850573
1.312979393	103.880095
1.312979393	103.880095
1.312979393	103.880095
1.312979393	103.880095
1.312980644	103.8837896
1.312981176	103.8837894
1.312981176	103.8837894
1.312984648	103.8761901
1.3129886	103.8876815
1.312988643	103.8876715
1.312992923	103.8784405
1.312992923	103.8784405
1.312992923	103.8784405
1.31299614	103.8789679
1.31299614	103.8789679
1.312996141	103.8789679
1.313000869	103.8824208
1.313003274	103.87916
1.313005443	103.877114
1.313005443	103.877114
1.313008255	103.8777737
1.313008255	103.8777737
1.313008255	103.8777737
1.313008255	103.8777737
1.313008255	103.8777737
1.313008255	103.8777737
1.313008255	103.8777737
1.313008255	103.8777737
1.313009078	103.8777761
1.313011912	103.8774199
1.31301832	103.8840924
1.313018902	103.8786901
1.313018902	103.8786901
1.313019098	103.8831306
1.313021386	103.8875214
1.313022892	103.8854175
1.313029178	103.8872018
1.313029992	103.8872078
1.313035067	103.8768119
1.313035518	103.8768227
1.313036421	103.8781077
1.313036421	103.8781077
1.313036421	103.8781077
1.31303919	103.8876661
1.31303919	103.8876661
1.313041136	103.8857132
1.313041784	103.8789562
1.313041784	103.8789562
1.313041784	103.8789562
1.313052125	103.8770978
1.313052125	103.8770978
1.313061004	103.885934
1.313067634	103.886475
1.313071431	103.8841072
1.313071435	103.8853964
1.313072061	103.8784182
1.313072061	103.8784182
1.313072061	103.8784182
1.31307596	103.8786911
1.31307596	103.8786911
1.31307683	103.8789514
1.31307683	103.8789514
1.31307683	103.8789514
1.313079374	103.8767937
1.313080258	103.8780301
1.313080258	103.8780301
1.313080258	103.8780301
1.313086488	103.8768059
1.313091521	103.8761389
1.313093158	103.888031
1.313093158	103.888031
1.313093158	103.888031
1.313093158	103.888031
1.313093158	103.888031
1.313093158	103.888031
1.313093158	103.888031
1.313096259	103.8867547
1.313096263	103.877415
1.313096264	103.877415
1.313110693	103.8882962
1.313113372	103.891032
1.313113608	103.8770992
1.313114451	103.8789458
1.313116249	103.8861368
1.313121946	103.879475
1.31312539	103.8767723
1.31312539	103.8767723
1.313125925	103.8864711
1.313125925	103.8864711
1.313125925	103.8864711
1.313128111	103.8901262
1.313135636	103.885395
1.313141712	103.8786768
1.313141713	103.8786768
1.313142076	103.8783989
1.313142077	103.8783989
1.313145985	103.8773959
1.313146578	103.877388
1.313150886	103.8844427
1.313152618	103.8872596
1.313157736	103.8770662
1.313157736	103.8770662
1.313157736	103.8770662
1.313159469	103.8789352
1.313161932	103.8807828
1.313163658	103.87805
1.313165909	103.8882749
1.313167083	103.8834591
1.313167083	103.8834591
1.313167083	103.8834591
1.313167083	103.8834591
1.31317202	103.8800026
1.31317202	103.8800026
1.31317202	103.8800026
1.313174993	103.8836467
1.313175092	103.8836467
1.313175092	103.8836467
1.313183496	103.8864691
1.313184175	103.8836945
1.31318419	103.8836945
1.31318419	103.8836945
1.313186377	103.8903721
1.313188637	103.8783848
1.313188637	103.8783848
1.313190122	103.8835862
1.313190123	103.8835862
1.313190123	103.8835862
1.313190123	103.8835862
1.31319096	103.8776823
1.31319096	103.8776823
1.31319096	103.8776823
1.31319096	103.8776823
1.313193703	103.8786669
1.313193703	103.8786669
1.313194017	103.8837423
1.313194026	103.8837423
1.313194026	103.8837423
1.313196836	103.8815556
1.313196836	103.8815556
1.313196836	103.8815556
1.313196836	103.8815556
1.313196836	103.8815556
1.313202959	103.8833992
1.313202959	103.8833992
1.313202959	103.8833992
1.313202959	103.8833992
1.313203189	103.8768196
1.313203189	103.8768196
1.31320385	103.8837901
1.31320385	103.8837901
1.313203923	103.8837901
1.313205256	103.8773817
1.313205256	103.8773817
1.313210997	103.8816169
1.313210997	103.8816169
1.313210997	103.8816169
1.313210997	103.8816169
1.313213897	103.8838462
1.313215025	103.8838464
1.313215025	103.8838464
1.313216287	103.8770481
1.313216287	103.8770481
1.313220036	103.8757761
1.313220036	103.8757761
1.313220036	103.8757761
1.313220036	103.8757761
1.313220036	103.8757761
1.313220036	103.8757761
1.313220036	103.8757761
1.313227704	103.8875849
1.313227704	103.8875849
1.313227704	103.8875849
1.313227704	103.8875849
1.313227704	103.8875849
1.313227705	103.8875849
1.313229855	103.8835286
1.313229855	103.8835286
1.313229855	103.8835286
1.313229855	103.8835286
1.313232679	103.887112
1.313232683	103.8867577
1.31323342	103.8864461
1.31323377	103.8799933
1.31323377	103.8799933
1.31323377	103.8799933
1.313235659	103.8817481
1.313235659	103.8817481
1.313235659	103.8817481
1.313235659	103.8817481
1.313235659	103.8817481
1.313235659	103.8817481
1.313235659	103.8817481
1.313235659	103.8817481
1.313235659	103.8817481
1.313235659	103.8817481
1.313235659	103.8817481
1.31323566	103.8817481
1.313235817	103.8817472
1.313235817	103.8817472
1.313235886	103.8906177
1.313240431	103.8846812
1.313242063	103.8780025
1.313247199	103.8840086
1.313248822	103.8840092
1.313248822	103.8840092
1.31325147	103.8773647
1.31325147	103.8773647
1.313254714	103.8856674
1.313256482	103.8758941
1.313256759	103.8789392
1.313260177	103.8840644
1.313260177	103.8840644
1.313260285	103.8840644
1.313260371	103.8859145
1.313261986	103.8768042
1.313261986	103.8768042
1.31326277	103.8770328
1.31326277	103.8770328
1.313270036	103.8841123
1.313270036	103.8841123
1.313270132	103.8841123
1.313279817	103.8841603
1.313279863	103.8841604
1.313279863	103.8841604
1.313280873	103.8879659
1.313280873	103.8879659
1.313281206	103.8867617
1.313282108	103.8908503
1.313282824	103.8853804
1.313283343	103.885092
1.313283343	103.885092
1.313284111	103.8850925
1.313285687	103.8783814
1.313285687	103.8783814
1.313288459	103.8822257
1.313288612	103.8851531
1.313288612	103.8851531
1.313289669	103.8851538
1.313292159	103.8842302
1.31329216	103.8842302
1.31329216	103.8842302
1.313293805	103.8852134
1.313293805	103.8852134
1.313293926	103.8852135
1.313295954	103.8795432
1.313295954	103.8795432
1.313295954	103.8795432
1.313295954	103.8795432
1.313295954	103.8795432
1.313295954	103.8795432
1.313296412	103.877645
1.31329682	103.8864596
1.31329709	103.8786374
1.31329709	103.8786374
1.31329709	103.8786374
1.313305637	103.8779739
1.313314989	103.8786179
1.313316959	103.8849233
1.31331696	103.8849233
1.31331696	103.8849233
1.31331742	103.8791274
1.31331742	103.8791274
1.31331742	103.8791274
1.313317705	103.8791281
1.313318632	103.8767847
1.313318632	103.8767847
1.313320292	103.8849746
1.313320292	103.8849746
1.313320292	103.8849746
1.313320292	103.8849746
1.313320292	103.8849746
1.313320345	103.882428
1.31332204	103.8770161
1.31332204	103.8770161
1.313324709	103.8824694
1.313324709	103.8824694
1.31332639	103.8850311
1.313330776	103.8867498
1.313332589	103.8773113
1.313334683	103.8842961
1.313337056	103.8861578
1.313337593	103.880013
1.313339281	103.8882284
1.313343064	103.8879495
1.313344104	103.8776295
1.313344581	103.8786267
1.313344581	103.8786267
1.313344581	103.8786267
1.313344614	103.8843471
1.313344805	103.8843472
1.313345583	103.8910843
1.313346595	103.8864474
1.313346764	103.8872783
1.313356744	103.8843989
1.313358045	103.8825228
1.313358046	103.8825228
1.313360219	103.876733
1.313360219	103.876733
1.313363391	103.8844324
1.313363921	103.8875973
1.31336735	103.8825639
1.31336735	103.8825639
1.313367573	103.8824028
1.313369114	103.8770013
1.313369114	103.8770013
1.313371044	103.8844658
1.313372639	103.8779594
1.313372639	103.8779594
1.313372639	103.8779594
1.313372639	103.8779594
1.313372639	103.8779594
1.313372639	103.8779594
1.313372639	103.8779594
1.313372639	103.8779594
1.313372639	103.8779594
1.313376567	103.8844988
1.31337855	103.8867589
1.313381902	103.8826209
1.313381902	103.8826209
1.313383916	103.8845316
1.313385904	103.8882082
1.313388167	103.881579
1.313388167	103.881579
1.313388168	103.881579
1.313389219	103.8826631
1.313389219	103.8826631
1.313391157	103.8879579
1.313391992	103.8845668
1.313400342	103.8800037
1.313400343	103.8800037
1.31340108	103.8827213
1.31340108	103.8827213
1.313403219	103.8786128
1.313403219	103.8786128
1.31340322	103.8786128
1.313407649	103.8791379
1.313410219	103.8827653
1.313410219	103.8827653
1.313425538	103.8767103
1.313425538	103.8767103
1.313430331	103.8775821
1.313437754	103.8815808
1.313437754	103.8815808
1.313437754	103.8815808
1.313439324	103.8881976
1.313439721	103.8879481
1.313444649	103.8779667
1.313449372	103.8856623
1.313452109	103.878393
1.313452323	103.8799972
1.313452609	103.8794585
1.313453177	103.8772667
1.313457092	103.8864673
1.313457246	103.8786022
1.313457247	103.8786022
1.313457247	103.8786022
1.313463171	103.8875724
1.313469031	103.8770047
1.313474563	103.8766981
1.313474563	103.8766981
1.313476186	103.888142
1.31347634	103.8867353
1.313476341	103.8867353
1.313476341	103.8867353
1.313485185	103.8791299
1.313488115	103.8775573
1.313491421	103.8861495
1.313492199	103.887938
1.313494005	103.8778799
1.313494005	103.8778799
1.313494005	103.8778799
1.31349659	103.8797663
1.313497111	103.8829297
1.313497111	103.8829297
1.313497111	103.8829297
1.313499018	103.8831884
1.313505695	103.8831832
1.313506003	103.8785912
1.313506003	103.8785912
1.313506003	103.8785912
1.313509916	103.8830035
1.313509916	103.8830035
1.313509916	103.8830035
1.313510267	103.8853336
1.313513762	103.8809683
1.313515407	103.8799873
1.313515823	103.8788648
1.313517856	103.8875611
1.313518316	103.8783021
1.313518316	103.8783021
1.313518316	103.8783021
1.313518316	103.8783021
1.313518316	103.8783021
1.313521877	103.8815611
1.313521877	103.8815611
1.313521877	103.8815611
1.313521877	103.8815611
1.313526578	103.8885477
1.313530537	103.8775427
1.313535386	103.882363
1.313536893	103.8832361
1.313536895	103.8881784
1.313548825	103.8879313
1.313554129	103.8778766
1.313554129	103.8778766
1.313554129	103.8778766
1.313554957	103.8833316
1.313559972	103.8772721
1.313559972	103.8772721
1.313559972	103.8772721
1.313559972	103.8772721
1.313560231	103.8867464
1.313560282	103.8867475
1.313561102	103.887541
1.313564459	103.8769296
1.313564459	103.8769296
1.31356451	103.8756946
1.31356552	103.8785788
1.31356552	103.8785788
1.31356552	103.8785788
1.313567413	103.879981
1.31356819	103.878287
1.313568794	103.8856167
1.313569446	103.8832766
1.313569446	103.8832766
1.313569446	103.8832766
1.313569517	103.8832766
1.31357032	103.8856164
1.313572947	103.8791207
1.313574611	103.8872441
1.31357605	103.8818778
1.313580984	103.8881701
1.313582136	103.8835271
1.313583406	103.8834737
1.313588395	103.8775268
1.313597327	103.8833958
1.313598264	103.8879124
1.313600759	103.8835669
1.313602091	103.8815568
1.313602091	103.8815568
1.313603889	103.8915751
1.313603952	103.8778574
1.313603952	103.8778574
1.313603952	103.8778574
1.313608702	103.8836075
1.313613736	103.8785677
1.313613736	103.8785677
1.313613736	103.8785677
1.313614431	103.8772543
1.313614431	103.8772543
1.313614431	103.8772543
1.313614431	103.8772543
1.31361553	103.8875455
1.313620575	103.8769214
1.313620575	103.8769214
1.313625899	103.8856653
1.313627122	103.8856653
1.313630082	103.8775098
1.313630793	103.8836675
1.313633008	103.882535
1.313634438	103.8881588
1.313634998	103.8857146
1.313635237	103.8857148
1.313645686	103.8857693
1.313645915	103.8857696
1.31365102	103.8815545
1.313651021	103.8815545
1.313656029	103.8875115
1.313656853	103.8858248
1.313656867	103.8858249
1.313660413	103.8838705
1.313663049	103.8818367
1.313665646	103.8778772
1.313665646	103.8778772
1.313665646	103.8778772
1.313667795	103.88588
1.313667947	103.8858802
1.313672844	103.878538
1.313672844	103.878538
1.313672844	103.878538
1.313673043	103.8828846
1.313673043	103.8828846
1.313678051	103.8881494
1.313678263	103.8772335
1.313678263	103.8772335
1.313678263	103.8772335
1.313678686	103.8859354
1.313678777	103.8859355
1.31367909	103.8790616
1.313681351	103.8782739
1.313681667	103.8839561
1.313687146	103.884063
1.313688885	103.8842127
1.313689715	103.8859908
1.313689743	103.8859908
1.313691548	103.8769226
1.313691548	103.8769226
1.313691548	103.8769226
1.313691831	103.8840068
1.313696733	103.8841064
1.313700569	103.8841664
1.313700736	103.8860464
1.313700746	103.8860464
1.313705473	103.8875057
1.313706897	103.8885063
1.313707124	103.8756647
1.313707576	103.8777988
1.313707576	103.8777988
1.313707576	103.8777988
1.313708041	103.8818296
1.313708265	103.8842126
1.313710497	103.8815474
1.313710498	103.8815474
1.31371168	103.8861016
1.313711818	103.8861017
1.313717209	103.884265
1.313718623	103.8865889
1.313721052	103.8887596
1.313722416	103.8785318
1.313722416	103.8785318
1.313722416	103.8785318
1.313722528	103.8861563
1.313722749	103.8861565
1.313728484	103.8772164
1.313728484	103.8772164
1.313728484	103.8772164
1.313729443	103.8862044
1.313730184	103.8862047
1.313731761	103.8881392
1.313731805	103.8843203
1.313736051	103.8899257
1.313736051	103.8899257
1.313738647	103.8843202
1.313739213	103.8759291
1.313739236	103.8829533
1.313739267	103.8843691
1.313739267	103.8843691
1.313750075	103.8884963
1.313754559	103.8875161
1.313758894	103.8815451
1.313758894	103.8815451
1.313760383	103.8818248
1.313760383	103.8818248
1.313765315	103.8828291
1.313771738	103.8845211
1.313771915	103.8878943
1.313775792	103.8881308
1.313778956	103.8844164
1.313784327	103.8774279
1.313784327	103.8774279
1.313788323	103.8829488
1.31378883	103.878531
1.31378883	103.878531
1.31378883	103.878531
1.313789387	103.8771928
1.313792847	103.8782287
1.313792847	103.8782287
1.313792847	103.8782287
1.313792864	103.8847823
1.313793326	103.8787745
1.313793326	103.8787745
1.313793326	103.8787745
1.313794162	103.8899133
1.313794162	103.8899133
1.313800785	103.8848218
1.313803953	103.888486
1.313805221	103.8774828
1.313805221	103.8774828
1.313809321	103.8847255
1.313818788	103.8815366
1.313818789	103.8815366
1.313820924	103.8775297
1.313820924	103.8775297
1.313824675	103.8878704
1.313829243	103.8881201
1.313833957	103.8829584
1.313835453	103.8898945
1.313835453	103.8898945
1.31383617	103.8785206
1.31383617	103.8785206
1.313836171	103.8785206
1.31383653	103.8822651
1.313838157	103.8775761
1.313838157	103.8775761
1.313838157	103.8775761
1.313842233	103.8782149
1.313842233	103.8782149
1.313842233	103.8782149
1.313842458	103.8849118
1.313843309	103.8787659
1.313843309	103.8787659
1.313843309	103.8787659
1.313845084	103.8850139
1.313847341	103.8884776
1.313848291	103.8776321
1.313848291	103.8776321
1.313848291	103.8776321
1.313850553	103.8848615
1.313850727	103.884862
1.313854259	103.8849654
1.313861787	103.8850132
1.313865965	103.8869677
1.313866135	103.8776922
1.313866135	103.8776922
1.313866135	103.8776922
1.313867177	103.8815344
1.313867177	103.8815344
1.31387212	103.8870106
1.313873624	103.8881115
1.313877966	103.8870425
1.313884455	103.8784824
1.313884455	103.8784824
1.313884455	103.8784824
1.313885361	103.8777521
1.313885361	103.8777521
1.313885361	103.8777521
1.313888832	103.8870862
1.313891674	103.8898955
1.313891674	103.8898955
1.313893132	103.8871191
1.313897777	103.8822396
1.313900562	103.8824778
1.313901595	103.8787541
1.313901595	103.8787541
1.313901595	103.8787541
1.313902126	103.8871627
1.313903114	103.8851016
1.313903114	103.8851016
1.313903114	103.8851016
1.313903114	103.8851016
1.313904304	103.877812
1.313904304	103.877812
1.313904304	103.877812
1.313907285	103.8871969
1.313912239	103.8870835
1.313912239	103.8870835
1.313915702	103.8829018
1.313916811	103.8885586
1.313920736	103.8778725
1.313920736	103.8778725
1.313922782	103.8778722
1.313924175	103.8872763
1.313925924	103.8872422
1.313928158	103.8789867
1.313928451	103.8815368
1.313929573	103.8815263
1.313929622	103.8815368
1.313932515	103.8906126
1.313933708	103.8873198
1.313933835	103.8898852
1.313933835	103.8898852
1.313937609	103.8807076
1.313939279	103.8874064
1.313940404	103.8835609
1.313941378	103.887355
1.31394235	103.8784994
1.31394235	103.8784994
1.31394235	103.8784994
1.313943159	103.8779422
1.313943159	103.8779422
1.313943159	103.8779422
1.313945699	103.8832629
1.313950595	103.8787417
1.313950595	103.8787417
1.313950595	103.8787417
1.313951185	103.8852356
1.31395119	103.8852356
1.313955457	103.8874723
1.313957603	103.8853986
1.313958238	103.8889951
1.313959264	103.8853474
1.313964482	103.8875843
1.313964482	103.8875843
1.313964876	103.8854417
1.313965801	103.8890501
1.313968663	103.8875179
1.313972398	103.8875845
1.313976475	103.8890995
1.313976803	103.8885405
1.313979312	103.8815219
1.313985123	103.8909456
1.31398513	103.8815329
1.31398566	103.8827259
1.313986042	103.8815328
1.313987392	103.8891579
1.31398898	103.889876
1.313989205	103.8877644
1.313997276	103.8892072
1.313998664	103.8878089
1.313999982	103.8793092
1.314000586	103.8792595
1.314000689	103.8855041
1.31400069	103.8855041
1.314005105	103.8829197
1.314005105	103.8829197
1.314006553	103.8840153
1.314008066	103.8878539
1.314008128	103.8781081
1.314008128	103.8781081
1.314008128	103.8781081
1.314012398	103.879348
1.314012733	103.8855147
1.314017724	103.8769186
1.314023562	103.8793986
1.314025412	103.8879459
1.314029578	103.8769647
1.314033093	103.8794377
1.314033863	103.887992
1.314034104	103.887992
1.3140385	103.8827142
1.314041408	103.8899035
1.314041944	103.881516
1.314042688	103.889347
1.314042985	103.8815267
1.314042985	103.8815267
1.314043056	103.8880377
1.314043859	103.8794876
1.31404752	103.8817827
1.314047521	103.8817827
1.314051483	103.8880835
1.314051602	103.8781566
1.314051602	103.8781566
1.314051602	103.8781566
1.31405242	103.8894962
1.31405285	103.8770189
1.314053185	103.8795269
1.314053245	103.8829198
1.314053245	103.8829198
1.314059962	103.888129
1.314062374	103.8895464
1.31406401	103.8795778
1.314065108	103.8881716
1.314067783	103.8770715
1.314068957	103.8823999
1.314070179	103.8782136
1.314070179	103.8782136
1.31407018	103.8782136
1.314071801	103.8901478
1.314071801	103.8901478
1.314071801	103.8901478
1.314074214	103.8878885
1.31407724	103.8896055
1.31408056	103.8782639
1.314080561	103.8782639
1.314080561	103.8782639
1.314081125	103.8827049
1.314082222	103.8858313
1.314082222	103.8858313
1.314082222	103.8858313
1.314082222	103.8858313
1.314082222	103.8858313
1.314082222	103.8858313
1.314084362	103.8898574
1.31408457	103.8771349
1.314092353	103.8796921
1.314093769	103.8858609
1.314094155	103.8815119
1.314094155	103.8815119
1.314094155	103.8815119
1.314095449	103.8817722
1.314095449	103.8817722
1.314098672	103.8863819
1.314098848	103.886382
1.314102256	103.8783177
1.314102256	103.8783177
1.314102256	103.8783177
1.31410573	103.8797411
1.314110642	103.8829194
1.314110642	103.8829194
1.314114171	103.8798046
1.314114171	103.8798046
1.314118951	103.8783646
1.314118951	103.8783646
1.314118951	103.8783646
1.314122854	103.8826959
1.314125968	103.8898498
1.314127788	103.8798559
1.314127788	103.8798559
1.314128766	103.8884793
1.314133243	103.8901323
1.314133243	103.8901323
1.314133243	103.8901323
1.314139051	103.8784215
1.314139051	103.8784215
1.314139051	103.8784215
1.314149966	103.8885449
1.314149966	103.8885449
1.314149966	103.8885449
1.314149966	103.8885449
1.314149966	103.8885449
1.314149966	103.8885449
1.314149966	103.8885449
1.314149966	103.8885449
1.314149966	103.8885449
1.314149966	103.8885449
1.314149966	103.8885449
1.314149966	103.8885449
1.314149966	103.8885449
1.314149966	103.8885449
1.314149966	103.8885449
1.314149966	103.8885449
1.314149966	103.8885449
1.314149966	103.8885449
1.314149966	103.8885449
1.314149966	103.8885449
1.314149966	103.8885449
1.314149966	103.8885449
1.314149966	103.8885449
1.314149966	103.8885449
1.314149966	103.8885449
1.314149966	103.8885449
1.314158302	103.8799342
1.314158302	103.8799342
1.314158351	103.8849496
1.31416047	103.8784781
1.31416047	103.8784781
1.31416047	103.8784781
1.314162409	103.8815063
1.314162409	103.8815063
1.314162409	103.8815063
1.314162767	103.8817589
1.314162767	103.8817589
1.314162767	103.8817589
1.314163616	103.8772956
1.31416434	103.8786672
1.31416434	103.8786672
1.31416434	103.8786672
1.314164426	103.8826868
1.314164705	103.8865018
1.314164705	103.8865018
1.314166104	103.8796266
1.314166107	103.8765353
1.314169179	103.886601
1.314170315	103.8835622
1.314176762	103.8865557
1.314181498	103.8773563
1.314184827	103.8860982
1.314185228	103.8829053
1.314185437	103.8787247
1.314185438	103.8787247
1.314185438	103.8787247
1.314186534	103.8866008
1.314187331	103.8787841
1.314187331	103.8787841
1.314187331	103.8787841
1.314187676	103.8865569
1.314188561	103.8899042
1.314188914	103.8866998
1.314191298	103.8915005
1.314197103	103.886655
1.314198286	103.8901049
1.314198286	103.8901049
1.314200729	103.877414
1.314204327	103.8901179
1.314206541	103.8866998
1.314206682	103.8788325
1.314206682	103.8788325
1.314206682	103.8788325
1.314207835	103.8866566
1.314208752	103.8826776
1.314217032	103.8867534
1.314218412	103.8788931
1.314218412	103.8788931
1.314218412	103.8788931
1.314219366	103.8789388
1.314219366	103.8789388
1.314220969	103.8854437
1.314221379	103.8898345
1.31422148	103.8817516
1.314221698	103.8817525
1.314225269	103.8868874
1.314225951	103.878941
1.314227161	103.8832676
1.314227164	103.8814983
1.314227164	103.8814983
1.314227164	103.8814983
1.314227768	103.8867548
1.314228736	103.8891054
1.314228741	103.8891054
1.314231913	103.8823699
1.314232985	103.8790193
1.314232985	103.8790193
1.314232985	103.8790193
1.314233013	103.8867988
1.31423308	103.8867998
1.314236222	103.8868478
1.314243927	103.8868873
1.31424472	103.886849
1.314251718	103.8826742
1.31425249	103.8869384
1.314254473	103.8900996
1.314257955	103.8900956
1.314257955	103.8900956
1.3142628	103.8869396
1.314263194	103.879198
1.314263194	103.879198
1.31426941	103.882915
1.314271713	103.8775905
1.31427304	103.8777308
1.31427304	103.8777308
1.314274118	103.8872278
1.314275116	103.8817477
1.314281717	103.8778336
1.314281717	103.8778336
1.314281791	103.8814948
1.314281791	103.8814948
1.314281791	103.8814948
1.314290351	103.8777767
1.314290351	103.8777767
1.314295437	103.8792365
1.314295437	103.8792365
1.314295524	103.8873256
1.31429566	103.8826729
1.314295786	103.8778764
1.314295786	103.8778764
1.314301177	103.8872269
1.314301315	103.8792764
1.314301316	103.8792764
1.314307683	103.8871759
1.31431128	103.8907141
1.314312256	103.8871254
1.3143125	103.8793269
1.3143125	103.8793269
1.314313978	103.8779333
1.314313978	103.8779333
1.314313979	103.8779333
1.314314551	103.8874233
1.314314997	103.8872828
1.314317969	103.887176
1.314319013	103.8871258
1.314319362	103.8793671
1.314319362	103.8793671
1.314323278	103.8873246
1.314327019	103.8851134
1.314329229	103.8872844
1.314329285	103.8893197
1.314329285	103.8893197
1.314329285	103.8893197
1.314330111	103.8794193
1.314330111	103.8794193
1.314330234	103.8817403
1.314330352	103.8779841
1.314333357	103.8873808
1.314334327	103.8869117
1.3143364	103.8894108
1.3143364	103.8894108
1.314338529	103.8794594
1.31433853	103.8794594
1.314340042	103.8835705
1.314340519	103.884947
1.314341046	103.889372
1.314341046	103.889372
1.314341046	103.889372
1.314341155	103.8826716
1.314342628	103.8874223
1.314343561	103.8780248
1.314345439	103.8795134
1.314345439	103.8795134
1.314346357	103.882898
1.314348604	103.8894122
1.314349381	103.8873819
1.314349679	103.8814887
1.314349679	103.8814887
1.314349679	103.8814887
1.314353306	103.8874783
1.314357647	103.8895136
1.314357855	103.8795533
1.314357856	103.8795533
1.314360202	103.8780744
1.31436159	103.889467
1.314368558	103.8874796
1.314369295	103.8895147
1.314369448	103.8843458
1.314369917	103.8821578
1.314371104	103.8821576
1.314373599	103.8781147
1.314375008	103.8895737
1.314375478	103.8796478
1.314375478	103.8796478
1.314382237	103.8894662
1.314383387	103.8826703
1.314384913	103.8796054
1.314384913	103.8796054
1.314385799	103.8875517
1.3143858	103.8875517
1.31438696	103.8854483
1.314387571	103.8876363
1.314388886	103.8798383
1.314388886	103.8798383
1.314389197	103.8781644
1.314391143	103.8797437
1.314391143	103.8797437
1.314392262	103.8832518
1.314393306	103.889573
1.314396359	103.8876771
1.314402108	103.8897345
1.314402138	103.8850561
1.314403309	103.8782044
1.314403309	103.8782044
1.314403764	103.8850114
1.314404066	103.8863032
1.314404445	103.8850004
1.314404856	103.8797012
1.314404856	103.8797012
1.314405799	103.8877267
1.31440664	103.8863145
1.314407532	103.8897355
1.314410387	103.8846297
1.314413543	103.8877671
1.314414255	103.8897908
1.314416465	103.881745
1.314422512	103.8797986
1.314422513	103.8797986
1.314423056	103.8898427
1.314424654	103.8878198
1.314426921	103.8826693
1.314428055	103.8814793
1.314428055	103.8814793
1.314428055	103.8814793
1.314433049	103.8898837
1.314434998	103.8829071
1.314436143	103.8798935
1.314437759	103.8782688
1.314439779	103.8832524
1.314440002	103.882324
1.314441647	103.8899354
1.314442523	103.8782717
1.314450563	103.8899767
1.314454079	103.8879917
1.314457536	103.8900686
1.314459687	103.8880293
1.314462969	103.8900274
1.3144666	103.8880657
1.314469098	103.8901291
1.314469098	103.8901291
1.314469804	103.8865309
1.314469967	103.8900697
1.314474924	103.8881095
1.314479938	103.8814748
1.314479938	103.8814748
1.314479938	103.8814748
1.314481706	103.8859858
1.314481819	103.8881465
1.314490179	103.8881913
1.314494731	103.8829072
1.314495643	103.8832521
1.314497216	103.8882294
1.31450413	103.8817126
1.31450413	103.8817126
1.31450413	103.8817126
1.314518344	103.8902872
1.314520248	103.8835356
1.314520769	103.8826626
1.31452077	103.8826626
1.31452077	103.8826626
1.31452077	103.8826626
1.31452077	103.8826626
1.31452077	103.8826626
1.31452077	103.8826626
1.314521078	103.8787162
1.314522703	103.8902873
1.314525277	103.8903885
1.314528692	103.8903489
1.314534269	103.8786235
1.314535095	103.8903902
1.31453771	103.8787613
1.314537801	103.8788121
1.314538378	103.8904889
1.314545981	103.8904413
1.314546595	103.8788539
1.314548333	103.8883874
1.314548333	103.8883874
1.314548333	103.8883874
1.314548333	103.8883874
1.314548333	103.8883874
1.314548333	103.8883874
1.314548333	103.8883874
1.314549297	103.8903485
1.314556081	103.8789046
1.314560057	103.8855422
1.314563926	103.8829069
1.314564659	103.8789468
1.314566537	103.890534
1.314568197	103.8904408
1.314575813	103.8855096
1.314577603	103.885504
1.314577675	103.8905746
1.314581984	103.8862697
1.314582066	103.8862803
1.314582441	103.8906663
1.314585211	103.8906266
1.314595766	103.8906672
1.314596343	103.8888501
1.314600653	103.8887002
1.314604002	103.888754
1.314605902	103.8907187
1.314612227	103.8907601
1.314612312	103.8835882
1.314613201	103.8850512
1.314616364	103.8773949
1.314616898	103.8877013
1.314620185	103.8887962
1.314623245	103.8829056
1.314625029	103.8889657
1.314625029	103.8889657
1.314625078	103.8907186
1.314630976	103.8909045
1.314631026	103.8909045
1.314631975	103.8908531
1.314631976	103.8908531
1.314636605	103.8822902
1.314638189	103.8850538
1.314638999	103.890945
1.314642495	103.8872704
1.314651244	103.8909462
1.314651668	103.8832881
1.314653117	103.8908034
1.314657513	103.890998
1.314658527	103.891038
1.314660155	103.883547
1.314670122	103.891039
1.31467038	103.8909973
1.314676628	103.8814112
1.314676628	103.8814112
1.314676628	103.8814112
1.314677419	103.8911304
1.31468053	103.8910904
1.314680534	103.8876892
1.314680534	103.8876892
1.314680534	103.8876892
1.314681283	103.8874756
1.314684662	103.8828934
1.3146888	103.8814658
1.3146888	103.8814658
1.3146888	103.8814658
1.314691285	103.891131
1.314694896	103.8912228
1.314694896	103.8912228
1.314697109	103.8826289
1.314697997	103.8891011
1.314698128	103.8815132
1.314698128	103.8815132
1.314698128	103.8815132
1.314698354	103.8911825
1.314698997	103.8856018
1.314699409	103.8910899
1.314706081	103.891224
1.314707525	103.8912759
1.314709973	103.8815734
1.314709973	103.8815734
1.314709973	103.8815734
1.314710817	103.8793675
1.314715104	103.8835625
1.314718561	103.8816209
1.314718561	103.8816209
1.314718561	103.8816209
1.31472329	103.8912762
1.314730696	103.8892491
1.314734686	103.8876779
1.31473734	103.8828929
1.314738209	103.8816826
1.314738209	103.8816826
1.314738209	103.8816826
1.314751474	103.8799648
1.314752094	103.8914513
1.314752095	103.8914513
1.314753301	103.882137
1.314753302	103.882137
1.314753302	103.882137
1.314753302	103.882137
1.314753302	103.882137
1.314753302	103.882137
1.314764832	103.8914959
1.314764832	103.8914959
1.314764832	103.8914959
1.314774281	103.8800103
1.314780015	103.8876689
1.314781612	103.8915817
1.314781612	103.8915817
1.314781612	103.8915817
1.314781665	103.8800505
1.314782456	103.8861338
1.3147831	103.8791302
1.314785835	103.8894623
1.31478586	103.8796688
1.314786146	103.8835484
1.314787206	103.891536
1.314787245	103.8835927
1.314787245	103.8835927
1.314787245	103.8835927
1.31479105	103.880101
1.314792163	103.8916315
1.314792163	103.8916315
1.314792163	103.8916315
1.314798466	103.880141
1.314798827	103.8916722
1.314798827	103.8916722
1.314798827	103.8916722
1.31480398	103.885619
1.314804619	103.8791333
1.314807118	103.880191
1.314807118	103.880191
1.314807118	103.880191
1.314808774	103.8917218
1.314808775	103.8917218
1.314808775	103.8917218
1.314808775	103.8917218
1.314810214	103.8918593
1.314813429	103.8880469
1.314815061	103.8802307
1.31481744	103.888377
1.314818275	103.8917619
1.314818275	103.8917619
1.314818275	103.8917619
1.314824091	103.8802817
1.314824887	103.8918119
1.314824887	103.8918119
1.314824887	103.8918119
1.314825899	103.8876599
1.314831984	103.8803224
1.31483512	103.8779959
1.314835817	103.8832745
1.314840768	103.8786701
1.314841289	103.8803735
1.31484172	103.8791235
1.314841727	103.8791235
1.314841727	103.8791235
1.314841778	103.8851423
1.314845008	103.8898054
1.3148453	103.8919038
1.31484791	103.8804145
1.314855714	103.8918985
1.314855714	103.8918985
1.314856455	103.8804703
1.314856455	103.8804703
1.314856536	103.8784376
1.314860838	103.8872913
1.314873792	103.8899476
1.314883159	103.885415
1.31488361	103.8887435
1.314884874	103.8826208
1.314887231	103.8826162
1.314896152	103.8900851
1.314901268	103.8876366
1.314901268	103.8876366
1.314901268	103.8876366
1.314901268	103.8876366
1.314905008	103.8829024
1.314905342	103.8901307
1.314907444	103.8838216
1.314914038	103.8840351
1.314915016	103.8901753
1.314922556	103.8902206
1.31492791	103.8840496
1.314932103	103.890267
1.314936124	103.8835256
1.314940799	103.8832707
1.314942546	103.8903114
1.314950371	103.8903521
1.314952023	103.8903527
1.314958068	103.8903914
1.314958719	103.8855689
1.31495875	103.8792924
1.314966543	103.8794971
1.314966593	103.8904306
1.314969951	103.8793487
1.314974295	103.8904701
1.31497756	103.8883753
1.3149825	103.8905095
1.314983742	103.8890704
1.31499219	103.8905494
1.314992441	103.8905493
1.314997589	103.8844767
1.314999961	103.8797029
1.315000692	103.8905902
1.315003637	103.885816
1.31500874	103.8906311
1.315009412	103.8876155
1.315009412	103.8876155
1.315009412	103.8876155
1.315009412	103.8876155
1.31501285	103.8795995
1.315017302	103.8906719
1.315025252	103.8892165
1.315025385	103.8907128
1.315026933	103.8909217
1.315029823	103.8909632
1.315037331	103.8907644
1.31503871	103.8832653
1.31503871	103.8832653
1.31503871	103.8832653
1.315039075	103.8861554
1.315039968	103.8887113
1.315042568	103.8910323
1.315044365	103.8851192
1.315047636	103.8810207
1.315049241	103.8910685
1.315051546	103.8887212
1.315055938	103.8911051
1.315062245	103.8911404
1.315062245	103.8911404
1.315062755	103.8911405
1.315077791	103.8912105
1.315077791	103.8912105
1.31507812	103.8912106
1.315079459	103.8856683
1.315079996	103.8835467
1.31508422	103.8835467
1.31508422	103.8835467
1.315102754	103.884735
1.315113903	103.8911665
1.315122348	103.8883933
1.31512383	103.8883967
1.315130173	103.8912538
1.315130464	103.8912543
1.315130464	103.8912543
1.315130464	103.8912543
1.315131063	103.8875914
1.315140071	103.8913063
1.315141138	103.8790401
1.315141475	103.8880428
1.315144484	103.8840503
1.315146278	103.8913414
1.315146883	103.8909902
1.315147812	103.8847419
1.315155666	103.8913818
1.3151559	103.8861276
1.315166196	103.8802846
1.315175163	103.8851473
1.315175163	103.8851473
1.315175163	103.8851473
1.315175163	103.8851473
1.315175163	103.8851473
1.315175163	103.8851473
1.315175163	103.8851473
1.315182136	103.8915454
1.315182707	103.8917361
1.315183061	103.8915457
1.315191015	103.8887215
1.315192745	103.8887175
1.31519469	103.8916096
1.315195125	103.8865738
1.315195362	103.8786439
1.31519766	103.8918111
1.315199622	103.8786441
1.315199622	103.8786441
1.315201945	103.89165
1.315205703	103.8899253
1.315205703	103.8899253
1.3152071	103.8847511
1.315209739	103.8784077
1.31521023	103.891689
1.315215542	103.8918857
1.315220204	103.8856614
1.315221614	103.8814501
1.315221614	103.8814501
1.315221614	103.8814501
1.315224639	103.8919207
1.315226542	103.8814471
1.315226543	103.8814471
1.315229155	103.8808385
1.315238594	103.8919652
1.315246177	103.877899
1.315251042	103.8847586
1.31525714	103.8871749
1.315265205	103.8790205
1.315271457	103.8920217
1.315271457	103.8920217
1.315272099	103.8844011
1.3152721	103.8844011
1.3152802	103.8792088
1.315282197	103.8845138
1.315282198	103.8845138
1.315283922	103.8845617
1.315283922	103.8845617
1.315287713	103.8844516
1.315287713	103.8844516
1.315288105	103.8894301
1.315301787	103.8847674
1.315311385	103.8904994
1.315316984	103.8875441
1.315317232	103.8905055
1.315325608	103.8913032
1.315327926	103.8832174
1.315327926	103.8832174
1.315331453	103.8794615
1.315333478	103.8852234
1.315333479	103.8852234
1.315333479	103.8852234
1.315333479	103.8852234
1.315333479	103.8852234
1.315333479	103.8852234
1.315333479	103.8852234
1.315333479	103.8852234
1.315333479	103.8852234
1.315333479	103.8852234
1.315333479	103.8852234
1.315333479	103.8852234
1.315333479	103.8852234
1.315333479	103.8852234
1.315333479	103.8852234
1.315333479	103.8852234
1.315333479	103.8852234
1.315333479	103.8852234
1.315333479	103.8852234
1.315333479	103.8852234
1.315333479	103.8852234
1.315333479	103.8852234
1.315333479	103.8852234
1.315333479	103.8852234
1.315333479	103.8852234
1.315333479	103.8852234
1.315333529	103.8918289
1.315336418	103.8883142
1.315347523	103.8799183
1.315353893	103.8870882
1.315355588	103.8865359
1.315372548	103.8912945
1.315372549	103.8912945
1.315382218	103.8879365
1.315382228	103.8799333
1.315399983	103.8835481
1.315399983	103.8835481
1.315399983	103.8835481
1.31540111	103.8832408
1.31540111	103.8832408
1.315406736	103.8855982
1.315407511	103.8855978
1.315412334	103.8801672
1.315417644	103.8912866
1.315417644	103.8912866
1.315417644	103.8912866
1.315426852	103.8911743
1.315439514	103.889367
1.31544304	103.8832472
1.31544304	103.8832472
1.315443946	103.8832591
1.315446432	103.8814876
1.315452971	103.8814622
1.315463163	103.8912777
1.315463163	103.8912777
1.315468023	103.8808568
1.31547407	103.8888276
1.315486894	103.8836066
1.315486894	103.8836066
1.315487281	103.8835138
1.315488571	103.8820806
1.315495	103.883256
1.315495001	103.883256
1.315497162	103.8858031
1.315497162	103.8858031
1.315497162	103.8858031
1.315497162	103.8858031
1.315497162	103.8858031
1.315509169	103.8912691
1.315509169	103.8912691
1.315509169	103.8912691
1.31551365	103.8863179
1.315524964	103.8879755
1.315531146	103.887542
1.315532106	103.8836155
1.315532851	103.8835844
1.315532851	103.8835844
1.315538631	103.8832622
1.315538631	103.8832622
1.315539436	103.8870524
1.315541079	103.8904583
1.315552677	103.8792445
1.315555967	103.8912605
1.315555968	103.8912605
1.315566942	103.876391
1.315576886	103.8806153
1.315576886	103.8806153
1.315576886	103.8806153
1.315582581	103.8800856
1.315582719	103.889462
1.31559661	103.8832816
1.31559661	103.8832816
1.31559661	103.8832816
1.315602048	103.891252
1.315602048	103.891252
1.315611852	103.886657
1.315624852	103.8879713
1.315628618	103.8836263
1.315628618	103.8836263
1.315628618	103.8836263
1.315634619	103.8814456
1.315634619	103.8814456
1.315634619	103.8814456
1.315634619	103.8814456
1.315642089	103.8832886
1.315642089	103.8832886
1.315643051	103.883376
1.315643846	103.8875972
1.3156467	103.8912438
1.3156467	103.8912438
1.315663472	103.8797549
1.315669411	103.8809849
1.315672027	103.8883506
1.315674039	103.8769527
1.315689834	103.8836441
1.315689834	103.8836441
1.315689834	103.8836441
1.315691753	103.8912354
1.315691753	103.8912354
1.315691753	103.8912354
1.31569216	103.8869267
1.315693407	103.8869254
1.315705426	103.883298
1.315705426	103.883298
1.315705426	103.883298
1.315717032	103.8814301
1.315721209	103.8888371
1.31572497	103.8880375
1.315735501	103.8911178
1.315735794	103.8915605
1.315735996	103.8836524
1.315735996	103.8836524
1.315735996	103.8836524
1.315738184	103.8912268
1.315738184	103.8912268
1.315747261	103.8871882
1.315750885	103.8833057
1.315750886	103.8833057
1.315750886	103.8833057
1.315751898	103.8893598
1.315779947	103.890339
1.315784103	103.8912184
1.315784103	103.8912184
1.315784103	103.8912184
1.315784936	103.8806182
1.315788007	103.8899595
1.315792529	103.8876546
1.315798404	103.8836636
1.315798405	103.8836636
1.315798405	103.8836636
1.315810127	103.8844739
1.315814268	103.8833162
1.315814268	103.8833162
1.315814268	103.8833162
1.315819544	103.8874366
1.315819544	103.8874366
1.315830761	103.881438
1.315831096	103.8912098
1.315831096	103.8912098
1.315832107	103.8874951
1.315832107	103.8874951
1.315834514	103.8775443
1.315839138	103.8875406
1.315839138	103.8875406
1.315844558	103.8836726
1.315844558	103.8836726
1.315844558	103.8836726
1.315850106	103.8875948
1.31585562	103.8852714
1.315857917	103.8809475
1.315859164	103.8833261
1.315859164	103.8833261
1.315859164	103.8833261
1.315865643	103.8876848
1.315873088	103.8877242
1.315875894	103.8839563
1.315875895	103.8839563
1.315875895	103.8839563
1.315878334	103.8912012
1.315878334	103.8912012
1.315890148	103.8877962
1.315903153	103.8880003
1.315906056	103.8836642
1.315906056	103.8836642
1.315906995	103.8836822
1.315912043	103.8900163
1.315922331	103.8833379
1.315922331	103.8833379
1.315922331	103.8833379
1.315927111	103.8889487
1.315936615	103.8839645
1.315936615	103.8839645
1.315936615	103.8839645
1.315945334	103.8880598
1.315953459	103.8836907
1.315953459	103.8836907
1.315953459	103.8836907
1.315953787	103.8881089
1.31596031	103.8814573
1.31596088	103.8881484
1.315964408	103.8900156
1.315964412	103.8900156
1.315967568	103.8833478
1.315967568	103.8833478
1.315967568	103.8833478
1.315968523	103.8881978
1.315975593	103.888237
1.315983268	103.8882867
1.315989455	103.8894481
1.315989462	103.8894481
1.315990275	103.8883255
1.315995095	103.8860085
1.315997978	103.8883755
1.316004925	103.8884141
1.316006117	103.8840054
1.316006117	103.8840054
1.316006117	103.8840054
1.316012636	103.8884644
1.316014588	103.8853059
1.316016375	103.8837024
1.316016375	103.8837024
1.316016376	103.8837024
1.316018746	103.8883763
1.316019545	103.8885026
1.316024848	103.8900229
1.316030082	103.8885524
1.316030082	103.8885524
1.316037392	103.8886195
1.316046729	103.8888466
1.316046729	103.8888466
1.31604995	103.8902249
1.316058096	103.8902875
1.316062923	103.888622
1.316062923	103.888622
1.316064891	103.8837118
1.316064892	103.8837118
1.316064892	103.8837118
1.316066835	103.8903325
1.316074129	103.8910928
1.316076134	103.8840184
1.316076134	103.8840184
1.316076134	103.8840184
1.316076975	103.8903932
1.316080784	103.8904849
1.316083418	103.8900105
1.316091895	103.8889078
1.316096642	103.8889526
1.316100894	103.888998
1.316103271	103.8833591
1.316103271	103.8833591
1.316103271	103.8833591
1.316106072	103.8890442
1.316111166	103.8890905
1.316116334	103.8891376
1.316120128	103.8837419
1.316121496	103.8891852
1.316124017	103.8805284
1.316126678	103.8837236
1.316126678	103.8837236
1.316126678	103.8837236
1.316146225	103.884031
1.316146225	103.884031
1.316146225	103.884031
1.316150219	103.8892366
1.31615022	103.8892366
1.316150757	103.8784402
1.316154847	103.8833681
1.316154847	103.8833681
1.316154847	103.8833681
1.316168102	103.8895619
1.316173297	103.883731
1.316173297	103.883731
1.316173297	103.883731
1.316189462	103.8875395
1.316199195	103.8875914
1.316208281	103.8874896
1.316208547	103.8791883
1.316209422	103.8876325
1.316213981	103.8840467
1.316213981	103.8840467
1.316213981	103.8840467
1.316216474	103.8876844
1.316218883	103.8833797
1.316218883	103.8833797
1.316218883	103.8833797
1.316227112	103.8877261
1.31623495	103.884418
1.316235021	103.8837414
1.316235021	103.8837414
1.316235021	103.8837414
1.316235211	103.8768812
1.316256112	103.8808687
1.316256837	103.8900687
1.31626537	103.8900598
1.31626537	103.8900598
1.31626537	103.8900598
1.31626537	103.8900598
1.31626537	103.8900598
1.31626537	103.8900598
1.31626537	103.8900598
1.316269615	103.8833872
1.316269615	103.8833872
1.316269615	103.8833872
1.316290936	103.8837284
1.316290936	103.8837284
1.316290936	103.8837284
1.316292321	103.878899
1.316293978	103.8865742
1.31631897	103.8901792
1.316327676	103.8869654
1.316331554	103.890233
1.316339661	103.8902755
1.316339661	103.8902755
1.316340609	103.8834114
1.316340609	103.8834114
1.316340609	103.8834114
1.316348639	103.8903809
1.316348904	103.8859415
1.316350169	103.8903264
1.316358543	103.8904327
1.316364562	103.8905105
1.316366944	103.8903268
1.316380157	103.8915981
1.316404857	103.8879068
1.31641965	103.8814369
1.316432612	103.882906
1.31643953	103.885462
1.316441188	103.882964
1.316441188	103.882964
1.316441188	103.882964
1.316441188	103.882964
1.316446407	103.8854577
1.316447436	103.8872115
1.316453491	103.8890496
1.316453491	103.8890496
1.316453491	103.8890496
1.316453491	103.8890496
1.316456767	103.88912
1.316456767	103.88912
1.316468054	103.8891748
1.316476504	103.8892157
1.316487699	103.8892696
1.316494686	103.8893111
1.316499491	103.8783838
1.316505418	103.8893659
1.31651342	103.8894087
1.316517107	103.8895227
1.316529215	103.8894705
1.316529215	103.8894705
1.316529215	103.8894705
1.316595079	103.8795456
1.316665447	103.8803905
1.316668875	103.8760975
1.316692823	103.8897436
1.316723805	103.8787862
1.316724372	103.8787808
1.31674318	103.881471
1.316754223	103.8868112
1.316785424	103.8877728
1.316797539	103.8808409
1.316818844	103.8766396
1.316855329	103.8755513
1.316866352	103.8888646
1.316900139	103.8803281
1.316903929	103.8882074
1.316913201	103.8894198
1.316972615	103.8813952
1.316996727	103.8816558
1.317000196	103.8759946
1.317025366	103.8813905
1.317029591	103.8899423
1.317031147	103.8904996
1.317035023	103.8793099
1.317048749	103.8919536
1.317062813	103.8816566
1.317079276	103.8813912
1.317116877	103.8816896
1.317130402	103.8781851
1.317131039	103.8911968
1.31713993	103.8912609
1.317160584	103.8765829
1.317215015	103.8846689
1.317227826	103.8850159
1.317273796	103.881366
1.317337215	103.8784427
1.317383543	103.8858643
1.317443878	103.8863737
1.31747603	103.8763541
1.317476827	103.8839028
1.317521438	103.8914757
1.317556995	103.8871303
1.317558643	103.8804781
1.317568426	103.8813762
1.317568693	103.8813801
1.317577856	103.8787859
1.317581695	103.8918145
1.317588514	103.8808716
1.317591268	103.8838457
1.317600613	103.8774085
1.317649005	103.8826611
1.317679503	103.8849715
1.317679508	103.8849716
1.31772915	103.8877599
1.317739417	103.8806245
1.317755598	103.8794395
1.317756065	103.8794408
1.317823747	103.8800776
1.317830793	103.8800721
1.317859525	103.8812764
1.317930179	103.8853145
1.317941213	103.8790254
1.317972719	103.8887783
1.318005198	103.888354
1.318045495	103.8853115
1.318046611	103.8762923
1.318144168	103.8836285
1.318177351	103.8854258
1.318202494	103.8805059
1.318208029	103.8806294
1.318211531	103.8847523
1.318236041	103.8808331
1.318262246	103.8813369
1.318296543	103.8772511
1.318304809	103.8911087
1.318309195	103.887754
1.318309202	103.887754
1.318318135	103.8780532
1.318388638	103.8866757
1.318400256	103.8886913
1.31846573	103.878835
1.318755323	103.8882716
1.318824593	103.8914286
1.318837334	103.8785114
1.31895596	103.890751
1.318964653	103.8842872
1.318974954	103.8808272
1.318995905	103.8758875
1.319012761	103.8851688
1.31905495	103.8829009
1.319175152	103.8853216
1.319189587	103.8813808
1.31920343	103.8863355
1.31920343	103.8863355
1.319263881	103.8767682
1.319267105	103.8806159
1.319287439	103.8785276
1.319392918	103.8844399
1.319414157	103.8907651
1.319414576	103.8907651
1.319468621	103.8827515
1.319482268	103.8872342
1.319493656	103.887166
1.31950742	103.8810053
1.319525691	103.8877434
1.319531639	103.8805422
1.319637296	103.881298
1.319785914	103.8867673
1.319835215	103.8806269
1.319943482	103.8814856
1.31995514	103.8894969
1.319976747	103.8844393
1.320000402	103.8873631
1.320000409	103.8873631
1.320048977	103.8874066
1.320068866	103.8828181
1.320076441	103.8812315
1.32007896	103.8828136
1.320128873	103.8860581
1.320268622	103.8899609
1.320292794	103.890443
1.320371265	103.8840291
1.32037127	103.8840291
1.320397276	103.8842468
1.320418047	103.8850987
1.32043903	103.8824204
1.320456543	103.8892978
1.320480871	103.8824728
1.320488802	103.8772184
1.320516922	103.8832703
1.320525959	103.8861593
1.320646368	103.8870241
1.320803832	103.8787294
1.320865256	103.8856974
1.32088606	103.8891096
1.320922753	103.883352
1.320938852	103.8900038
1.320959012	103.8841294
1.320966199	103.8841674
1.320977685	103.8876504
1.320985343	103.8877533
1.321079609	103.8890997
1.321094174	103.8850571
1.321114034	103.8861086
1.321130345	103.8899648
1.321245705	103.8867006
1.321296734	103.885668
1.321301212	103.885672
1.32131988	103.8872777
1.321381183	103.8843063
1.321429059	103.8890775
1.32147	103.8897567
1.321623316	103.8890673
1.321656498	103.8854234
1.321673283	103.8898683
1.32170329	103.8861957
1.321722962	103.8868118
1.321724552	103.8868071
1.321724552	103.8868071
1.321766436	103.8866728
1.321766436	103.8866728
1.321796654	103.8872233