1.328325919	103.7758052
1.328934101	103.7735528
1.328934101	103.7735528
1.328965807	103.7762059
1.329108305	103.7762334
1.329137017	103.7761858
1.329192003	103.7757011
1.32958493	103.776237
1.329613144	103.7760434
1.329900549	103.7773637
1.329931034	103.7773098
1.329958536	103.7772523
1.329982611	103.7772
1.330009521	103.7771426
1.330034836	103.7770915
1.330060671	103.7770339
1.330086521	103.7769826
1.330101452	103.7769152
1.330134121	103.7749951
1.330272774	103.7743201
1.330300319	103.7773921
1.330338339	103.7773279
1.330346727	103.7749525
1.330367666	103.7772655
1.330609244	103.7743657
1.330674885	103.7770283
1.330679091	103.7750001
1.330974621	103.7744885
1.330975817	103.7746366
1.33102412	103.7757007
1.331230851	103.7759424
1.331272701	103.7746554
1.331565155	103.7749778
1.331693318	103.7739072
1.331782711	103.7759008
1.33180824	103.7751536
1.331926091	103.772923
1.332158384	103.7744173
1.332284643	103.7725296
1.332329714	103.7718112
1.332400877	103.7728137
1.332459629	103.7754027
1.332480572	103.7733059
1.332559657	103.7737352
1.332677183	103.7730182
1.332754628	103.7733058
1.332760611	103.7722033
1.3327626	103.7715625
1.332762601	103.7715625
1.332873308	103.7669705
1.332886938	103.7670371
1.332898475	103.7670971
1.332898838	103.7676934
1.332908678	103.7671573
1.332912996	103.7676287
1.33292132	103.7677514
1.332921707	103.7675035
1.332931003	103.7678085
1.332931651	103.7673811
1.332931901	103.7675636
1.332932971	103.7680449
1.33293387	103.7672151
1.332941331	103.7674382
1.332942226	103.7682274
1.332942844	103.7681034
1.332943443	103.7672716
1.332946518	103.7664653
1.332952401	103.7682876
1.332953019	103.7681636
1.33296153	103.7665275
1.332962572	103.7683478
1.33297245	103.7684063
1.332980502	103.7665864
1.332998353	103.7666421
1.333006371	103.7667084
1.333021078	103.7686605
1.333031343	103.7687217
1.333041462	103.7687819
1.333049234	103.7759072
1.333049887	103.7668554
1.333063311	103.7688402
1.333067973	103.766926
1.333071256	103.767704
1.333073431	103.7689004
1.333083549	103.7689607
1.333093818	103.7690218
1.33311634	103.7670738
1.333118853	103.7681206
1.333125417	103.7726905
1.333128758	103.7693096
1.333129501	103.7683097
1.333130485	103.7737347
1.33313156	103.7676914
1.333137378	103.7671436
1.333182166	103.7681101
1.333192351	103.7693007
1.333192872	103.7682994
1.333198184	103.767311
1.33320851	103.7695317
1.333210088	103.7687126
1.33321509	103.7673842
1.333241239	103.7680744
1.333250126	103.768924
1.33325304	103.7692908
1.333253748	103.7682891
1.333256814	103.7675228
1.333270496	103.7695214
1.333271643	103.7687023
1.333284123	103.7675937
1.333309718	103.7682782
1.333311666	103.7689137
1.33331356	103.7692807
1.333321335	103.766431
1.333329335	103.7677434
1.333332328	103.7686922
1.333333717	103.7695177
1.33334114	103.7664975
1.333357889	103.7678402
1.333358847	103.7668138
1.333364587	103.7665597
1.333373209	103.7689034
1.33337422	103.7692706
1.333381167	103.7666276
1.333391576	103.7694969
1.333393894	103.7686819
1.333399626	103.7679719
1.333419051	103.7680667
1.333436214	103.7692603
1.333437008	103.7667856
1.33346081	103.7682049
1.333462405	103.7694972
1.333472541	103.7754082
1.333487282	103.7670492
1.333489153	103.7671157
1.333498499	103.7682748
1.333516016	103.7769768
1.333522405	103.7689028
1.333524378	103.7671685
1.333525408	103.7672308
1.333533216	103.7672929
1.333564558	103.7673454
1.333572919	103.7686866
1.333574275	103.7665579
1.333575756	103.768909
1.333577039	103.7667526
1.333586359	103.7739757
1.333606923	103.767443
1.333609372	103.769243
1.333612318	103.7694679
1.333620476	103.7672647
1.333622441	103.766472
1.333632701	103.7675063
1.333636896	103.7675681
1.33364134	103.7667469
1.333647285	103.7697662
1.33366197	103.7676234
1.333664654	103.7700131
1.333679781	103.767681
1.333682303	103.7747454
1.333686653	103.7664561
1.333708783	103.7677408
1.333708996	103.7680078
1.333710752	103.7670079
1.333727732	103.767064
1.333732144	103.7681677
1.333738247	103.7754908
1.33374495	103.7702574
1.333745232	103.7671219
1.333750926	103.7664347
1.333762849	103.7671798
1.333775513	103.7682176
1.33378043	103.7672375
1.333782271	103.7679857
1.333783562	103.7667195
1.333784623	103.7752943
1.333793231	103.7665655
1.333793295	103.7753503
1.333793574	103.7710611
1.333797759	103.7672939
1.333818839	103.7664266
1.333828873	103.7674005
1.333833423	103.7761734
1.333833926	103.7682084
1.333841353	103.7679743
1.333846798	103.7674596
1.333849375	103.7712714
1.333849489	103.7703534
1.333864231	103.7675173
1.333879851	103.7666944
1.333892906	103.7681946
1.333899006	103.7676327
1.333900185	103.7675681
1.333901014	103.7679645
1.333902412	103.7664665
1.333909185	103.7687764
1.333916011	103.7688656
1.333921338	103.7706752
1.333923989	103.7686091
1.333932104	103.7676811
1.333953275	103.7681882
1.333954054	103.7690555
1.333960286	103.769297
1.333961348	103.7679555
1.333971043	103.775439
1.333973966	103.7716463
1.333975923	103.7695108
1.333978011	103.7703942
1.333983624	103.769603
1.333998558	103.7710313
1.333999531	103.7697532
1.334006776	103.7698506
1.334013046	103.7681778
1.334017309	103.7666729
1.334018634	103.7661916
1.334021522	103.7679457
1.334024693	103.7700177
1.334038148	103.7712616
1.334040862	103.7662469
1.33404678	103.7703817
1.334060238	103.7663011
1.33407233	103.7710238
1.334073933	103.7681738
1.33407541	103.7669334
1.334077903	103.7663587
1.334085042	103.7679592
1.334091135	103.7670014
1.334092842	103.76859
1.334098055	103.7706402
1.334099157	103.7716391
1.334104505	103.7718879
1.334104895	103.7664089
1.334105527	103.7670602
1.33411203	103.7666538
1.334119497	103.7688541
1.334122075	103.7712499
1.334127916	103.7671163
1.334132239	103.7681482
1.334139119	103.7703736
1.334143274	103.7679387
1.334150946	103.7690522
1.334152666	103.7672414
1.334153756	103.7693424
1.334156409	103.7671707
1.334166979	103.7695413
1.334168477	103.7664693
1.334176774	103.7705367
1.334180168	103.7706547
1.334189372	103.7681333
1.334191901	103.7716243
1.334196305	103.7673343
1.334203455	103.7679302
1.334203482	103.7703671
1.33420476	103.7697499
1.334209173	103.7768915
1.334211834	103.7744806
1.334212091	103.7698446
1.334213103	103.7700222
1.334216857	103.767396
1.334224649	103.7674567
1.334230951	103.7666335
1.334238825	103.77187
1.334243611	103.7709915
1.334246119	103.767513
1.33424997	103.7762343
1.334258112	103.7681616
1.334259389	103.7711444
1.334262502	103.7675711
1.334262634	103.7679066
1.334269494	103.7712326
1.334283355	103.7666232
1.334288715	103.7676382
1.334300007	103.7703578
1.334306795	103.7680738
1.334308567	103.7706163
1.3343168	103.7709849
1.334330171	103.7716327
1.334331282	103.7669039
1.334331376	103.7722757
1.334337103	103.766965
1.334338054	103.7721756
1.334351571	103.7712242
1.334352135	103.7718621
1.334363168	103.7703522
1.334364642	103.7724881
1.334364891	103.7670219
1.334366809	103.7670813
1.334367003	103.766064
1.334374892	103.7666196
1.334378859	103.767885
1.334384281	103.7671407
1.334388915	103.7706103
1.334390421	103.7661442
1.334399076	103.7671938
1.334410253	103.7662076
1.334414954	103.7716075
1.334422311	103.771854
1.334429022	103.7666234
1.334434227	103.7678756
1.334436465	103.7681119
1.334439045	103.7673639
1.334439725	103.7662704
1.334443244	103.768525
1.33444358	103.7684321
1.334445231	103.7679403
1.334447776	103.7673026
1.33445466	103.7687404
1.334456137	103.7698138
1.334458314	103.7724665
1.334459528	103.7663335
1.334461907	103.7686575
1.334464802	103.7674193
1.334465903	103.7674811
1.334472604	103.7703456
1.334472933	103.7689494
1.33447577	103.7688835
1.334483986	103.7666073
1.334485139	103.769106
1.33448695	103.7664056
1.334489898	103.7691692
1.334492662	103.7681024
1.334494053	103.7678655
1.334505246	103.769388
1.334506567	103.7724316
1.334511717	103.7675319
1.334513918	103.7693033
1.334518022	103.7695414
1.334522734	103.7705857
1.334530868	103.7696109
1.334533917	103.7675874
1.334539353	103.7680161
1.334540032	103.770338
1.334540664	103.7697442
1.334540744	103.7666301
1.334552479	103.7680921
1.334553807	103.7678545
1.334564967	103.7700489
1.334571868	103.76997
1.334598728	103.7666331
1.334599352	103.772789
1.334605831	103.7703346
1.334606834	103.7705865
1.334612115	103.768082
1.334614865	103.7678485
1.334616812	103.7709559
1.334619982	103.7708917
1.334631893	103.7710205
1.33463544	103.7684136
1.334639124	103.7710857
1.334644754	103.7660652
1.334646638	103.7711512
1.334651294	103.7727502
1.334652673	103.7713477
1.334652802	103.7666366
1.33465402	103.7712166
1.334661052	103.7685124
1.334661401	103.7712819
1.334664136	103.7769691
1.334668698	103.7686478
1.334670825	103.7687152
1.334671455	103.7680704
1.33467319	103.7678349
1.334676296	103.7714126
1.334676734	103.7661519
1.33468643	103.7730147
1.334688923	103.7688222
1.334691894	103.771485
1.334693168	103.7715988
1.334693663	103.768943
1.334701255	103.7716631
1.334701437	103.7727129
1.334702207	103.766213
1.334704094	103.7762999
1.334709642	103.7717283
1.334712464	103.7690899
1.334718033	103.7717935
1.334718178	103.7719247
1.334718562	103.7691517
1.334724741	103.7703257
1.334725586	103.7662777
1.334726424	103.7718587
1.33473065	103.7692997
1.33473164	103.7680555
1.334732395	103.7693693
1.334733714	103.767827
1.334737873	103.7729753
1.334741178	103.7696052
1.334743208	103.7719891
1.334744366	103.7695264
1.334751598	103.7720543
1.334755963	103.7705717
1.334760836	103.7697466
1.334763986	103.7663326
1.33476624	103.7698029
1.334768263	103.7721852
1.3347686	103.7721192
1.33477703	103.7664025
1.334777489	103.7699645
1.334781827	103.7723404
1.33478204	103.7700248
1.334790573	103.7729353
1.334793019	103.7678147
1.334794674	103.7680702
1.33479606	103.7657508
1.334796076	103.7719169
1.334800637	103.7718504
1.334801814	103.7664632
1.334817511	103.7703149
1.334826715	103.7723899
1.334828246	103.7665275
1.334829749	103.7705635
1.334840946	103.7728974
1.334851331	103.7680412
1.334852457	103.7678046
1.334852556	103.7665882
1.33486084	103.7709287
1.33486128	103.7724463
1.3348639	103.7708592
1.334864749	103.765755
1.33486689	103.7715647
1.334868142	103.7709938
1.334871613	103.7666519
1.334875392	103.7710593
1.334880166	103.7712572
1.334882186	103.7756028
1.334882718	103.7711248
1.334890021	103.7711899
1.334900797	103.772499
1.334904598	103.7713207
1.334911892	103.771386
1.334916064	103.76804
1.334919228	103.7714515
1.334920896	103.7677939
1.334923878	103.7657444
1.334940441	103.7725521
1.334943238	103.771636
1.334949491	103.7717014
1.334955747	103.7717669
1.334957355	103.7668888
1.334962005	103.7718323
1.334964836	103.7720304
1.334968263	103.7718977
1.334975105	103.7719631
1.334978646	103.76704
1.334981215	103.7726062
1.334986433	103.7720941
1.334987638	103.7657509
1.334997481	103.7721622
1.335032964	103.7686052
1.335043716	103.7683475
1.335044115	103.7723132
1.33504529	103.7660334
1.335045709	103.7684577
1.335046413	103.765747
1.335050143	103.7660958
1.335051968	103.7719545
1.335052331	103.7686685
1.335056279	103.7726923
1.335056638	103.7688014
1.335062295	103.7720856
1.33506628	103.7661582
1.335071742	103.7669181
1.335075761	103.768889
1.335078073	103.769024
1.335085295	103.7662309
1.335087908	103.7690976
1.335090265	103.7672113
1.335091451	103.7723567
1.335093153	103.7727537
1.335097984	103.7700214
1.335104911	103.7692993
1.335105954	103.7692235
1.335109164	103.765748
1.335109579	103.7695043
1.335113584	103.7670895
1.335117947	103.7663374
1.335118974	103.7672659
1.335121007	103.7694294
1.335121116	103.7697121
1.335129402	103.7696423
1.335130446	103.7724097
1.33513274	103.7728065
1.335133712	103.7673158
1.335146027	103.7704849
1.33515075	103.7702048
1.335150823	103.76737
1.33515139	103.7702618
1.33515592	103.7700038
1.335161093	103.7724738
1.335168925	103.7674175
1.335169321	103.7657453
1.335172495	103.7728595
1.335179456	103.7665371
1.335184651	103.7674731
1.335192891	103.7727619
1.335195206	103.770461
1.335198195	103.7676451
1.335199144	103.7709145
1.335199776	103.767516
1.335222444	103.7661018
1.335227508	103.7729003
1.335231348	103.7657436
1.335236038	103.7725528
1.335246262	103.7704351
1.335246501	103.7707827
1.335256829	103.7692958
1.33525999	103.7729587
1.335261389	103.7709473
1.335261493	103.7683645
1.335261976	103.7678822
1.33526218	103.77161
1.335267286	103.7760802
1.335276007	103.7685822
1.335281505	103.7700022
1.335281542	103.7726127
1.335282752	103.7684495
1.335288031	103.7687894
1.335288916	103.7686581
1.335290773	103.765743
1.33529102	103.7665009
1.335292159	103.7704127
1.33529491	103.7736223
1.335296484	103.7690036
1.335297956	103.7730129
1.335307558	103.7688597
1.335314292	103.7690809
1.335316319	103.7668811
1.335317436	103.7709575
1.33531983	103.7660339
1.335321153	103.7726654
1.335321392	103.7676184
1.335323354	103.7660976
1.335326516	103.7714052
1.335328639	103.7694106
1.335328939	103.7661577
1.335330416	103.7730698
1.335331328	103.7662224
1.335335328	103.7714773
1.335336798	103.7694883
1.335337595	103.7663495
1.335337751	103.7692136
1.335338002	103.7662829
1.335342259	103.7678626
1.3353433	103.7703869
1.335346982	103.7673298
1.335348183	103.7707704
1.335349257	103.7700075
1.335351833	103.7736811
1.335355328	103.7657411
1.335356296	103.7696367
1.335360987	103.7727182
1.335361007	103.7696918
1.335363574	103.7716901
1.335366324	103.7670362
1.335367624	103.7709694
1.335372034	103.7731213
1.335380475	103.7656666
1.33538399	103.771836
1.335388663	103.7701863
1.335389143	103.7703644
1.335396402	103.7720844
1.335397764	103.7707497
1.335399085	103.7719185
1.335400749	103.7727708
1.335403581	103.766543
1.335410544	103.7731766
1.335416952	103.7673079
1.33542354	103.7709798
1.335424631	103.766472
1.33544032	103.7703387
1.335440436	103.7728235
1.335445029	103.7721506
1.33544537	103.7738252
1.335449638	103.7707252
1.335473867	103.7709914
1.335477903	103.7699897
1.335482693	103.7728738
1.335486258	103.7703164
1.335491666	103.7738863
1.335497387	103.7707122
1.335508064	103.7678853
1.335513024	103.7667638
1.335523535	103.7729241
1.335529081	103.7722659
1.335529906	103.7710011
1.335537251	103.7702904
1.335553248	103.7699969
1.335556348	103.7729824
1.335571363	103.7723218
1.335578549	103.7672903
1.335582335	103.7702663
1.335584386	103.7710276
1.335593204	103.7682926
1.335594626	103.7730379
1.335596116	103.7733833
1.335600028	103.7678483
1.335601754	103.7764604
1.335602437	103.7684812
1.33560932	103.7683603
1.335609763	103.7684214
1.335609873	103.7705689
1.335615226	103.7685505
1.335616147	103.7686651
1.335620026	103.7706181
1.335621265	103.7687214
1.335626711	103.7687862
1.335630313	103.7688418
1.335634401	103.7689067
1.335637152	103.7706719
1.335640539	103.7689623
1.33565239	103.7656698
1.335653839	103.7707205
1.335657736	103.7657368
1.335659948	103.7657969
1.335661642	103.7724394
1.335666735	103.7658672
1.335671343	103.7707742
1.335672973	103.769173
1.33567448	103.7659782
1.335677499	103.7692294
1.335680469	103.7660448
1.335683762	103.7661049
1.335685353	103.7693247
1.335686229	103.765282
1.335686229	103.765282
1.335686229	103.765282
1.335686229	103.765282
1.335686229	103.765282
1.335687421	103.770823
1.335689131	103.76617
1.335690632	103.7693818
1.335694074	103.76623
1.335696087	103.774004
1.335697226	103.7677358
1.335697556	103.7662943
1.335702392	103.7666626
1.335703407	103.7663545
1.335703453	103.7721337
1.33570381	103.7724964
1.33570453	103.7708769
1.335710928	103.7664176
1.335720899	103.7709256
1.335721079	103.7667375
1.335733769	103.7734563
1.3357382	103.7709794
1.335745284	103.7679307
1.335745732	103.772191
1.335746381	103.7668391
1.335751734	103.767722
1.335753017	103.7739548
1.335754615	103.7710281
1.335757401	103.7735943
1.335758007	103.7732728
1.335761708	103.7670969
1.335762701	103.7695837
1.335763918	103.7669125
1.335771701	103.7710819
1.335783929	103.7698585
1.335796743	103.7671779
1.335801219	103.7679164
1.335803604	103.7736557
1.33580516	103.7733339
1.335807985	103.7711267
1.335818114	103.7673129
1.335819908	103.7700945
1.335821548	103.7674025
1.335834484	103.7683994
1.335835527	103.7701437
1.335837073	103.7682777
1.335841613	103.7683366
1.335847329	103.7677069
1.335848469	103.7722983
1.335849386	103.7685183
1.33585048	103.7684569
1.335854478	103.7701975
1.335854789	103.772706
1.335857324	103.7686369
1.335857329	103.7688194
1.335861876	103.7688814
1.33586363	103.7687617
1.335864561	103.7655726
1.335869146	103.7702462
1.3358697	103.768697
1.335871373	103.7689499
1.33587402	103.7738636
1.335876931	103.7768526
1.335879111	103.7723657
1.335882198	103.7656678
1.335885678	103.7658022
1.335887636	103.7703002
1.335891306	103.7678846
1.335892954	103.7658973
1.335898638	103.7727625
1.3359025	103.7703488
1.335904092	103.7734127
1.335904935	103.7660295
1.33592091	103.7704028
1.335924546	103.7661287
1.335929035	103.7662603
1.335930088	103.7738223
1.335935623	103.7704515
1.335952881	103.7723041
1.335954228	103.7705054
1.335955706	103.7692903
1.335962429	103.7652243
1.335968927	103.7697448
1.335969775	103.7705557
1.335973699	103.7735366
1.335975805	103.766365
1.335988664	103.7728788
1.335998815	103.7706407
1.336002779	103.7676752
1.33601547	103.7706903
1.336029913	103.7652226
1.336032896	103.7729383
1.336033819	103.7707442
1.336041578	103.7725657
1.33604984	103.7707925
1.336050779	103.7737323
1.336055229	103.7678746
1.336055233	103.7678746
1.336067621	103.7708467
1.33608345	103.770895
1.336084805	103.7726225
1.336090202	103.7651994
1.336101065	103.7709493
1.336101605	103.7666154
1.336108668	103.7736636
1.336111772	103.7719913
1.336113556	103.7703025
1.336116575	103.7709978
1.336125415	103.7667504
1.336126517	103.773041
1.336134665	103.7710519
1.336136667	103.7696143
1.336148325	103.7668407
1.336150532	103.7711015
1.336151262	103.7651894
1.336156823	103.7720515
1.336167732	103.7684334
1.336167732	103.7684334
1.336169937	103.7702778
1.336174668	103.7685146
1.336174669	103.7685146
1.336175668	103.7727248
1.336178333	103.7731113
1.336178651	103.7741873
1.336179016	103.7681917
1.336179338	103.7681923
1.336180948	103.7682732
1.336181015	103.7685908
1.336181015	103.7685908
1.336185912	103.7682747
1.336187302	103.7670479
1.336192023	103.7683536
1.336192209	103.7683539
1.336206214	103.7689086
1.336206214	103.7689086
1.336212112	103.7676339
1.336212611	103.765181
1.336214305	103.768672
1.336215831	103.7699263
1.336217752	103.7686708
1.336219908	103.7687483
1.336221875	103.7688322
1.336221875	103.7688322
1.336223765	103.7687495
1.336231697	103.7708291
1.336235478	103.772792
1.336256314	103.772145
1.336256812	103.7732176
1.336264946	103.7739908
1.336265904	103.7678418
1.336273923	103.7702595
1.336279682	103.7651845
1.336280695	103.7655084
1.336288966	103.7672104
1.33628902	103.7722269
1.336290516	103.7708378
1.336293165	103.7655825
1.336304266	103.7676267
1.336307841	103.7728497
1.336307858	103.7740483
1.336308028	103.7732852
1.336308539	103.7729137
1.33631905	103.7657358
1.336324744	103.7702372
1.336325892	103.76825
1.33633298	103.7711035
1.336338208	103.7684088
1.336338459	103.7658154
1.33633924	103.7742016
1.336340141	103.77081
1.336347218	103.7667588
1.336352656	103.7729714
1.336353425	103.7678274
1.336363939	103.7659601
1.336364167	103.7681674
1.33636421	103.7681678
1.336368413	103.7691191
1.336373491	103.7660353
1.336373521	103.769176
1.336376161	103.7688848
1.336377194	103.7683322
1.336377263	103.7683321
1.336380103	103.7692724
1.336382419	103.7740119
1.336382505	103.7723404
1.336384562	103.7693296
1.336389	103.7684907
1.336389207	103.768491
1.336391867	103.7733984
1.336391954	103.7694255
1.336394941	103.7708004
1.336395426	103.7685683
1.336396345	103.7694824
1.336400944	103.7685671
1.336402126	103.7686491
1.336402294	103.7686492
1.336404306	103.7661772
1.336405092	103.7741607
1.336408055	103.7687284
1.336408114	103.768271
1.336408169	103.7687284
1.336413977	103.768807
1.336414248	103.7688074
1.336420627	103.7684301
1.336422125	103.766267
1.3364257	103.7651382
1.336427496	103.7672147
1.336429542	103.7699368
1.336430743	103.7711178
1.336435656	103.7734555
1.336437152	103.7723955
1.336446062	103.7730877
1.336448105	103.7697377
1.336449089	103.774217
1.336451354	103.7707956
1.336454223	103.7675817
1.336457181	103.7698451
1.336459468	103.7689065
1.336489412	103.770742
1.336492766	103.7651284
1.33649551	103.7751521
1.336506124	103.7654571
1.336510852	103.767798
1.336513336	103.7725162
1.336514367	103.7698874
1.336515695	103.7731424
1.336516237	103.7710182
1.336522928	103.7655465
1.336530651	103.7735703
1.336539702	103.7700233
1.336544715	103.7675648
1.336547501	103.7656963
1.336554024	103.771959
1.336554024	103.771959
1.336554024	103.771959
1.336554024	103.771959
1.336554024	103.771959
1.336554024	103.771959
1.336554024	103.771959
1.336554024	103.771959
1.336554024	103.771959
1.336554024	103.771959
1.336554024	103.771959
1.336554024	103.771959
1.336554024	103.771959
1.336554024	103.771959
1.336554024	103.771959
1.336554024	103.771959
1.336554024	103.771959
1.336554024	103.771959
1.336554024	103.771959
1.33655771	103.7665231
1.336557935	103.7700792
1.336559413	103.7725765
1.336561522	103.7719487
1.336562078	103.7657771
1.336565975	103.7743191
1.336571854	103.7732564
1.336573046	103.7702288
1.336573327	103.7736268
1.336585088	103.7703197
1.336587144	103.7659223
1.336591982	103.7677835
1.336602025	103.7666584
1.33660246	103.7659986
1.336623636	103.7733152
1.336624258	103.7661438
1.336629385	103.7667964
1.336644166	103.7710933
1.336644237	103.7662278
1.336649713	103.7726889
1.336654008	103.7706147
1.336663124	103.7737436
1.336667117	103.7671802
1.336672911	103.7706648
1.336677128	103.7675444
1.336686866	103.7707887
1.336690114	103.7687402
1.336691024	103.7707277
1.336694033	103.7727482
1.336700447	103.770844
1.33670836	103.7738025
1.336718203	103.7680692
1.336720879	103.7708922
1.336721298	103.7681268
1.336725542	103.7681812
1.336727645	103.7677491
1.336729753	103.7682355
1.336730381	103.7711493
1.336734029	103.7682899
1.336738275	103.7683443
1.336739774	103.7687153
1.336742519	103.7683986
1.336746764	103.768453
1.336747057	103.7675271
1.336751008	103.7685074
1.336751432	103.76694
1.336758408	103.7685649
1.336770881	103.773357
1.336775946	103.7734907
1.336778721	103.7755256
1.336779182	103.7728651
1.336781342	103.7716896
1.336790483	103.7647296
1.336793803	103.7697897
1.336793911	103.7686999
1.336796355	103.7646498
1.336798158	103.7720016
1.336799375	103.7677314
1.336801964	103.7647948
1.336822075	103.7648533
1.33682453	103.7649189
1.336824996	103.7729239
1.336831924	103.769664
1.336832307	103.7722851
1.33683766	103.7695966
1.336846379	103.7736036
1.33685056	103.7686869
1.336851719	103.7740061
1.336855863	103.7675123
1.336856457	103.7650954
1.336857957	103.7649785
1.336866461	103.7651536
1.336866826	103.7698492
1.336870537	103.7699809
1.336875125	103.7712233
1.336878227	103.7652186
1.336878808	103.7716047
1.336888811	103.7671408
1.336889375	103.7652776
1.336889452	103.7740792
1.336891383	103.7736662
1.336901323	103.7653423
1.336903703	103.7723565
1.336906105	103.7700354
1.336906897	103.7677167
1.336907296	103.7686738
1.33691215	103.7654023
1.336912451	103.7730407
1.336919885	103.7701626
1.336925549	103.7674947
1.336930407	103.768116
1.336937408	103.7709902
1.336937507	103.7702164
1.336942056	103.7712207
1.336944635	103.7681665
1.336946145	103.7655184
1.336949295	103.7655834
1.336955344	103.7682244
1.336957678	103.7731003
1.336960633	103.7723637
1.336964033	103.7686607
1.336965552	103.7656431
1.336967109	103.7657035
1.336968378	103.7682774
1.336976804	103.7741952
1.336978208	103.7676989
1.336979517	103.765768
1.336980922	103.7683308
1.336990304	103.7658316
1.336993369	103.7683842
1.33700524	103.7661383
1.337005256	103.7705454
1.337005833	103.7684376
1.337008764	103.7717187
1.337009438	103.7704901
1.337018511	103.7684919
1.337020769	103.7686477
1.337021402	103.7742542
1.337023028	103.7706082
1.337023976	103.7720616
1.337025306	103.7723742
1.337025373	103.7741191
1.337032336	103.7646239
1.337037426	103.7706619
1.337039262	103.7674903
1.337044436	103.7732157
1.337048383	103.7680756
1.33705323	103.7646844
1.337055769	103.7707239
1.337056906	103.7738613
1.337061238	103.7647486
1.337070359	103.770778
1.337072057	103.7648071
1.337077506	103.7686346
1.337079703	103.7661256
1.337084593	103.7648708
1.337086814	103.7676784
1.337093944	103.7649299
1.337095521	103.7717082
1.337098442	103.7708371
1.337101714	103.7739205
1.33710403	103.7720741
1.337106039	103.7732747
1.33711159	103.7680616
1.337111807	103.7712676
1.337112674	103.7724177
1.337119742	103.765046
1.337122075	103.7758897
1.337127584	103.765107
1.337133627	103.7709905
1.337134243	103.7686215
1.337139298	103.765172
1.337139426	103.7681926
1.337149553	103.765231
1.337154508	103.7682484
1.337161101	103.765296
1.33716676	103.7683009
1.337171626	103.7653547
1.337179014	103.7683534
1.337179084	103.7712621
1.337180148	103.7654773
1.337182833	103.7680579
1.337184919	103.7733762
1.337187052	103.7740262
1.337190979	103.7686085
1.337191266	103.768406
1.337198072	103.7693284
1.337202442	103.7684627
1.337204719	103.7655326
1.337215304	103.7655974
1.337217496	103.7694793
1.337218339	103.7661095
1.337220449	103.765659
1.33722239	103.7734494
1.337223465	103.7743437
1.337231201	103.7741129
1.337233286	103.769643
1.337234244	103.7704
1.337238365	103.7657219
1.337238476	103.765785
1.337242011	103.7697783
1.337247716	103.7685954
1.337249955	103.7717473
1.337257899	103.7699341
1.337272387	103.7700892
1.337282783	103.7721007
1.337291227	103.7742931
1.337295448	103.7660888
1.337309361	103.7685794
1.337311269	103.773565
1.337332294	103.7704652
1.337333091	103.7705845
1.337339192	103.7712807
1.337340422	103.7717621
1.337342193	103.7705271
1.33734834	103.7706403
1.337348774	103.7724301
1.337355075	103.7736234
1.337359918	103.7707069
1.337361213	103.7721132
1.337373144	103.7750432
1.337408695	103.7645407
1.337413439	103.7741985
1.337415891	103.7724437
1.337420634	103.7646166
1.337423661	103.7710527
1.337425057	103.7704544
1.337426728	103.7713546
1.337428191	103.7709936
1.337429848	103.7709285
1.337430494	103.7660528
1.337433055	103.7646821
1.337433862	103.7705075
1.337440497	103.7711166
1.337442836	103.7647406
1.337455011	103.7648062
1.337455307	103.7737334
1.337463626	103.7648613
1.337472815	103.774155
1.3374818	103.7717814
1.337485625	103.7649809
1.337496117	103.7650408
1.337502639	103.7737967
1.337508938	103.7651061
1.3375186	103.7672433
1.337519136	103.7651644
1.337521324	103.7655298
1.337526287	103.7660441
1.337531666	103.7652299
1.337537626	103.7721433
1.337539566	103.7731611
1.337542383	103.7652915
1.337547769	103.7712241
1.337549681	103.7724837
1.337555156	103.7713141
1.337559883	103.7714014
1.337560626	103.7654033
1.337573744	103.7654669
1.337581811	103.7740332
1.337582837	103.771804
1.337585606	103.7645743
1.337585749	103.7655318
1.337596869	103.7655902
1.337609215	103.7656555
1.337620386	103.7724953
1.337627876	103.7657208
1.33763407	103.7721501
1.337638332	103.7644755
1.33764265	103.7739857
1.337648488	103.7645419
1.337658402	103.7660273
1.337662388	103.7646039
1.337672351	103.7646577
1.337680936	103.7647185
1.337683126	103.7691165
1.337702593	103.7649288
1.337712171	103.7649803
1.33771774	103.7698675
1.337723101	103.7650383
1.337730047	103.7691916
1.337731109	103.7697875
1.337731237	103.766015
1.337732246	103.7650888
1.337734849	103.7693522
1.337736884	103.7692439
1.337742944	103.7651466
1.337749862	103.7668553
1.337751457	103.7692989
1.337752271	103.7651975
1.337763074	103.7652555
1.337764233	103.7696858
1.337772171	103.7653067
1.337773028	103.7751307
1.337798518	103.7694144
1.337800606	103.7696238
1.337808822	103.769039
1.337812616	103.7695676
1.337818263	103.7705178
1.337819907	103.7705179
1.337827128	103.7695123
1.337839319	103.7659471
1.337842104	103.7655171
1.337848813	103.7655785
1.337862205	103.7656374
1.337865419	103.7717769
1.337872029	103.7656968
1.337879242	103.7711303
1.337880293	103.7705517
1.337881971	103.765756
1.337882714	103.7705504
1.337884884	103.7658763
1.337886318	103.7711311
1.337891763	103.7658156
1.337903974	103.7710709
1.337905629	103.7659948
1.337907305	103.7710686
1.33791402	103.7659328
1.337931554	103.7660543
1.337938635	103.7710033
1.337939294	103.7705793
1.337940797	103.7705796
1.337941001	103.7710038
1.337961747	103.766192
1.337964191	103.7709452
1.337964912	103.7740157
1.337965312	103.7714492
1.337967526	103.770943
1.337974738	103.7644801
1.337976704	103.7644122
1.337986801	103.7645422
1.337998693	103.7708784
1.338001211	103.7713711
1.33800189	103.7708789
1.33800189	103.7708789
1.338002612	103.7726033
1.338009303	103.7646515
1.338011764	103.7645912
1.338018477	103.7647049
1.338018596	103.766236
1.338023325	103.7708224
1.338026912	103.7708201
1.33803064	103.7647681
1.338031819	103.7706271
1.338039388	103.769057
1.338043313	103.7689925
1.338043493	103.7648207
1.338044451	103.7706216
1.338044451	103.7706216
1.338044451	103.7706216
1.338049395	103.7645156
1.33805244	103.7648811
1.338055072	103.7761083
1.338055078	103.7761082
1.338057224	103.7691099
1.338058053	103.7707337
1.338058053	103.7707337
1.338058053	103.7707337
1.338058648	103.7662867
1.338061423	103.7712295
1.338062559	103.7649322
1.338067457	103.7707275
1.338068947	103.7691753
1.338090547	103.765097
1.338100827	103.7663434
1.338101326	103.7651596
1.338105906	103.7711536
1.338111594	103.765219
1.338128719	103.7652773
1.338131993	103.7719863
1.33813213	103.7653378
1.33814035	103.7663942
1.338146315	103.7654018
1.338157193	103.765516
1.338174381	103.770989
1.338174711	103.764386
1.338175095	103.7655748
1.33818209	103.7656347
1.338187226	103.766444
1.338192542	103.7745226
1.33819304	103.765694
1.338201192	103.764436
1.338202368	103.7745226
1.33820311	103.7657534
1.338203605	103.7644974
1.338211063	103.7645533
1.338224578	103.7708841
1.338229434	103.76461
1.338231912	103.7658706
1.338232225	103.7659383
1.338232932	103.7658095
1.338234701	103.7646674
1.338241883	103.764725
1.338258003	103.7647793
1.338274821	103.7648952
1.338280663	103.7648366
1.338288641	103.7754791
1.338288648	103.7754791
1.338303955	103.7650405
1.338304798	103.7735416
1.338310862	103.766464
1.338312582	103.7707167
1.338319975	103.765105
1.338324474	103.7651649
1.338334391	103.7652244
1.338342613	103.7653452
1.338345635	103.7654082
1.338346825	103.771505
1.338355829	103.7652812
1.338364531	103.7714216
1.338375614	103.7664807
1.338377612	103.7707498
1.338382098	103.7655202
1.338392634	103.7651532
1.338394276	103.7650756
1.338394724	103.7655804
1.338402743	103.7726858
1.33840275	103.7726858
1.338409257	103.7656397
1.338412493	103.7657008
1.338418927	103.7653352
1.338421939	103.7713127
1.338424966	103.768928
1.338429174	103.7657581
1.338430315	103.7690429
1.338431378	103.7689871
1.338432251	103.7658188
1.338442242	103.7658782
1.338444274	103.766497
1.338451271	103.7690931
1.33845266	103.7659401
1.338452929	103.7661935
1.338461923	103.7691506
1.338467787	103.7712462
1.338471685	103.7644271
1.338507075	103.7692164
1.338507452	103.7665122
1.338512067	103.7745698
1.338524525	103.7643892
1.338525855	103.7646746
1.338526429	103.7662064
1.338535544	103.7708298
1.338550438	103.771103
1.338553207	103.7714975
1.338565005	103.7683939
1.338576008	103.7665288
1.338578256	103.7710437
1.338578943	103.7646657
1.338581102	103.7714305
1.338585906	103.7643969
1.338589	103.7662096
1.338601048	103.7703593
1.338604733	103.7708633
1.338626473	103.7649894
1.338631653	103.7785854
1.338631653	103.7785854
1.338631653	103.7785854
1.338631653	103.7785854
1.338631653	103.7785854
1.338632003	103.7768117
1.338635011	103.7689611
1.338639362	103.7665433
1.338639925	103.7646564
1.338641361	103.7693787
1.338641745	103.7650583
1.338644478	103.764396
1.338652775	103.7662343
1.338660252	103.765203
1.338666529	103.7656373
1.338668425	103.7712569
1.338672662	103.7652721
1.338693137	103.7689505
1.338693275	103.7646475
1.33869517	103.7654155
1.338700241	103.7711952
1.338701593	103.7643864
1.338707959	103.76656
1.338709135	103.7662425
1.338712908	103.7654939
1.338741118	103.7657021
1.338742309	103.7656239
1.338744625	103.7689261
1.33874588	103.7724386
1.338755071	103.7643763
1.338756982	103.7646352
1.338759307	103.7786001
1.338764409	103.7658476
1.338765701	103.766243
1.338771232	103.7665746
1.338774304	103.7752542
1.338775502	103.7659177
1.33878248	103.7644453
1.338792462	103.7699849
1.338793116	103.7709317
1.338802497	103.768937
1.338806803	103.7652717
1.338808576	103.7646167
1.338816178	103.7705754
1.338819279	103.7662396
1.338819296	103.7643673
1.338841037	103.7665888
1.33885137	103.7650321
1.338853545	103.7649032
1.338853909	103.769183
1.33885692	103.7672516
1.338859371	103.7689301
1.338859551	103.7642907
1.338862385	103.7651566
1.338871298	103.7646169
1.338871475	103.7652406
1.338875834	103.7662059
1.338876667	103.7643641
1.338892836	103.7653828
1.33890329	103.7666044
1.338904574	103.7654546
1.338909352	103.7689207
1.33892659	103.7655991
1.338927509	103.7662067
1.338932232	103.7646016
1.33893797	103.7656699
1.338960756	103.7658146
1.338967433	103.7689086
1.338972982	103.7658864
1.338991603	103.7643932
1.33902028	103.7688979
1.339021377	103.7695234
1.339030736	103.7646089
1.33904481	103.7743004
1.339046548	103.7715878
1.339050198	103.7643737
1.339051924	103.7666333
1.339054843	103.7663045
1.339057451	103.7662286
1.339058024	103.7665094
1.339058787	103.7664311
1.339072513	103.7688816
1.339087026	103.7725693
1.339088825	103.7700929
1.339092399	103.7645777
1.339103458	103.7643527
1.33910665	103.764883
1.339126198	103.768881
1.339144633	103.7734784
1.339154451	103.7645838
1.33916469	103.7643538
1.339164796	103.7653093
1.339174804	103.7753414
1.339181233	103.7688641
1.33918785	103.7649585
1.33920119	103.765104
1.339209599	103.7645897
1.33921251	103.7651744
1.339224223	103.7643658
1.339232984	103.7706571
1.339237491	103.7653922
1.339237614	103.7688541
1.339261701	103.7655317
1.339271217	103.765606
1.33927333	103.7645806
1.339278138	103.7667075
1.339283858	103.7657089
1.339286158	103.7657558
1.339294178	103.7695046
1.339299423	103.7658376
1.339310858	103.7720515
1.339315679	103.7649378
1.339326327	103.7665324
1.339328384	103.7645487
1.339333844	103.7662952
1.33933394	103.76733
1.339338447	103.7661596
1.339340022	103.7660847
1.339340855	103.766368
1.339341725	103.7697797
1.33936076	103.7702999
1.339362964	103.7688119
1.339373598	103.7648496
1.339386705	103.7649294
1.339387139	103.7650732
1.339408681	103.7726057
1.339425166	103.7652865
1.33943103	103.7651397
1.339433703	103.7653575
1.339452429	103.7760073
1.33945686	103.7655029
1.339468289	103.765574
1.339480716	103.7657231
1.339483171	103.7667622
1.339484462	103.7667079
1.33949027	103.7666414
1.33949351	103.7657937
1.33949525	103.7665844
1.339501058	103.7665179
1.339506636	103.7664634
1.339510388	103.7662961
1.339510809	103.7663506
1.339510909	103.7662291
1.339511356	103.7661722
1.339511878	103.7661052
1.339515721	103.7660512
1.339520862	103.7688551
1.339536621	103.7689127
1.339571753	103.7746782
1.339579167	103.7746355
1.339581559	103.7745863
1.339583642	103.7689437
1.33960689	103.7706627
1.339611129	103.7695931
1.339623767	103.7689944
1.339623771	103.7689944
1.339645964	103.7709213
1.339671211	103.7703885
1.339692526	103.769845
1.339741241	103.769347
1.33976377	103.7779309
1.33976904	103.7725561
1.339773456	103.7692014
1.339775676	103.7692565
1.339813463	103.7710283
1.339845741	103.7693465
1.339865453	103.7651538
1.339868723	103.7694061
1.339870741	103.7652102
1.339876195	103.7652684
1.339881651	103.7653265
1.339886291	103.7680597
1.339887106	103.7653847
1.339892561	103.7654429
1.339893833	103.76661
1.339893839	103.76661
1.339898017	103.765501
1.33990117	103.7649706
1.339903472	103.7655592
1.339907346	103.7650306
1.339908928	103.7656174
1.339914215	103.7656738
1.339925151	103.7657903
1.339930447	103.7658467
1.339934857	103.7747452
1.33993591	103.7659048
1.339937914	103.7747171
1.339941376	103.765963
1.339946838	103.7660212
1.33995107	103.7697319
1.339952303	103.7660793
1.339955985	103.7663119
1.339957767	103.7661375
1.339959693	103.7662547
1.339962696	103.7738977
1.339963233	103.7661957
1.339968922	103.7710969
1.339979136	103.7731322
1.33999732	103.7729608
1.340040859	103.767629
1.34004659	103.7701215
1.340074107	103.7685754
1.340090062	103.7708624
1.340149935	103.7650349
1.340175535	103.7665396
1.340177893	103.7666547
1.340179261	103.7667099
1.340180782	103.7667715
1.34018215	103.7668267
1.340183401	103.7665945
1.340184041	103.7668834
1.340206602	103.7650486
1.340231247	103.7653657
1.340236782	103.7654194
1.340242505	103.7654803
1.340247714	103.7655357
1.340253433	103.7655966
1.340258642	103.765652
1.340264361	103.7657129
1.340266961	103.765059
1.340268924	103.7657667
1.340276615	103.7659431
1.340280175	103.7658864
1.340291431	103.766001
1.34029664	103.7660565
1.340302361	103.7661173
1.340306923	103.7661711
1.340322326	103.7650685
1.340358869	103.7690897
1.340382644	103.7650788
1.340405779	103.7696325
1.340418749	103.771773
1.340444375	103.7717095
1.340448794	103.7650906
1.340453974	103.7655248
1.340481543	103.7696919
1.340488888	103.7697601
1.340493448	103.7655651
1.340500866	103.7716096
1.34051012	103.7698115
1.340513457	103.7698808
1.340515573	103.7699426
1.340523816	103.7671834
1.340534187	103.7656036
1.340548189	103.766527
1.340548479	103.7736491
1.34054871	103.7733294
1.340550052	103.766584
1.340551574	103.7666456
1.340552076	103.7732831
1.340552201	103.7701234
1.340552979	103.7667008
1.340554491	103.7667623
1.340554632	103.7700541
1.340555306	103.7732374
1.34055585	103.7743421
1.34055585	103.7743421
1.34055585	103.7743421
1.340555914	103.7668176
1.340557009	103.7668777
1.340557274	103.7742877
1.340557274	103.7742877
1.340557274	103.7742877
1.340558339	103.7731917
1.340559011	103.7742321
1.340559011	103.7742321
1.340559012	103.7742321
1.340560545	103.7741763
1.340560545	103.7741763
1.340560545	103.7741763
1.340561465	103.7731459
1.340561927	103.7741215
1.340561927	103.7741215
1.340561927	103.7741215
1.340563066	103.7740676
1.340563066	103.7740676
1.340563066	103.7740676
1.340564508	103.7731002
1.340564791	103.774013
1.340564791	103.774013
1.340564791	103.774013
1.340565919	103.7739579
1.340565919	103.7739579
1.340565919	103.7739579
1.34056696	103.7739039
1.34056696	103.7739039
1.34056696	103.7739039
1.340567764	103.7730546
1.34057044	103.7651465
1.340570602	103.7730089
1.340572615	103.7728514
1.340573896	103.7729632
1.340575764	103.7701919
1.340576947	103.7729175
1.340578592	103.7656456
1.340592378	103.7699759
1.340600802	103.7727897
1.340610298	103.7651836
1.340616394	103.7727166
1.340619329	103.7656842
1.340624381	103.7688765
1.340628753	103.7704435
1.340643614	103.7680781
1.340654646	103.7652255
1.340662223	103.7695578
1.340663738	103.7657262
1.340674586	103.7704024
1.340679814	103.7696102
1.340697762	103.7652624
1.340700381	103.7696721
1.340714565	103.765758
1.340719207	103.7703629
1.340719559	103.7697243
1.340739773	103.7653061
1.34074851	103.765941
1.34075035	103.7660019
1.340751203	103.7660589
1.340756098	103.7662355
1.340757265	103.7661744
1.340758706	103.766289
1.340760071	103.7661173
1.340760349	103.7658806
1.340761232	103.7665221
1.340762059	103.7665794
1.340762967	103.7703215
1.340763153	103.7699305
1.340766768	103.7667576
1.340767882	103.7668129
1.34076885	103.7763589
1.34076885	103.7763589
1.340768909	103.7666957
1.340768927	103.7763591
1.34076987	103.7668728
1.340778972	103.7653439
1.340783275	103.7726072
1.340783275	103.7726072
1.340783275	103.7726072
1.340783275	103.7726072
1.340783275	103.7726072
1.340783276	103.7726072
1.340786657	103.7666408
1.340808121	103.7702828
1.340822651	103.7691219
1.340827693	103.7742159
1.340834463	103.7763451
1.340834463	103.7763451
1.340834512	103.7763452
1.340842715	103.7736382
1.340851512	103.7702411
1.340855465	103.7731395
1.340871658	103.7654316
1.340873817	103.7724602
1.340873817	103.7724602
1.340873817	103.7724602
1.340873817	103.7724602
1.340873817	103.7724602
1.340873817	103.7724602
1.340873818	103.7724602
1.340878715	103.7779346
1.340896476	103.7763321
1.340896476	103.7763321
1.340896521	103.7763321
1.340897361	103.7702045
1.34090149	103.7757467
1.340911518	103.7654687
1.340911764	103.7727831
1.340930149	103.770146
1.340955864	103.7655106
1.340957301	103.7763193
1.340957301	103.7763193
1.340957301	103.7763193
1.340957301	103.7763193
1.340957347	103.7763193
1.340967315	103.7693886
1.340979199	103.7694484
1.340996641	103.7655492
1.341004083	103.7695058
1.341015289	103.7709773
1.341015289	103.7709773
1.341015289	103.7709773
1.341015289	103.7709773
1.341018942	103.7763063
1.341018942	103.7763063
1.341018988	103.7763064
1.34102422	103.7700409
1.341030383	103.7686419
1.341040993	103.7655912
1.341068108	103.7726386
1.341068108	103.7726386
1.341068108	103.7726386
1.341068108	103.7726386
1.341068108	103.7726386
1.341068108	103.7726386
1.341070827	103.7695448
1.34107689	103.7696815
1.341080195	103.765629
1.341080703	103.7762934
1.341080703	103.7762934
1.341080749	103.7762934
1.341094747	103.7699917
1.341094748	103.7699917
1.341103425	103.7658023
1.34110523	103.7658565
1.341106714	103.7659173
1.341108081	103.7659733
1.341109567	103.7660341
1.341110909	103.76609
1.341112415	103.7661507
1.341113783	103.7662067
1.341115268	103.7662675
1.341120185	103.7663339
1.341120812	103.7664581
1.341122758	103.7665729
1.34112414	103.7666288
1.341125631	103.7666897
1.341127002	103.7667456
1.341128494	103.7668065
1.341129301	103.7665137
1.341129345	103.7668607
1.341143746	103.7762801
1.341143746	103.7762801
1.341143794	103.7762802
1.341165663	103.7733691
1.341168696	103.7733184
1.3411784	103.7721164
1.341178402	103.7721164
1.341179871	103.772974
1.341192238	103.7740228
1.341205933	103.7732588
1.341207618	103.7731993
1.3412084	103.7731436
1.341208573	103.7736017
1.341208574	103.7736017
1.341208574	103.7736017
1.341208574	103.7736017
1.341208574	103.7736017
1.341208574	103.7736017
1.341209271	103.773085
1.341210091	103.774251
1.341210261	103.7730292
1.341223211	103.7757943
1.34123654	103.7677435
1.341241627	103.7699417
1.341245503	103.765327
1.341295988	103.7699707
1.341302021	103.774513
1.341324872	103.772845
1.341333508	103.772344
1.341333816	103.7723438
1.341347387	103.7699965
1.341388809	103.7728021
1.341396877	103.7718719
1.341398784	103.7700223
1.341407897	103.767177
1.341413325	103.7663936
1.341433492	103.7706265
1.341433492	103.7706265
1.341433492	103.7706265
1.341434186	103.7718186
1.34145018	103.7700481
1.341473806	103.7721968
1.341473806	103.7721968
1.341473806	103.7721968
1.341473806	103.7721968
1.341473807	103.7721968
1.341480633	103.7717663
1.341482011	103.7733789
1.341501566	103.7700739
1.341506522	103.7727358
1.341528035	103.7717187
1.341552955	103.7700997
1.341556343	103.7719838
1.341573013	103.7726195
1.34157551	103.771665
1.341578928	103.7658044
1.341594078	103.7693648
1.341598922	103.7725455
1.341611127	103.7701132
1.341621921	103.7719746
1.341622326	103.7716185
1.341669625	103.7741647
1.341669848	103.7715655
1.341687292	103.7701185
1.341718464	103.7754136
1.341727288	103.7715271
1.341729902	103.7704771
1.341739078	103.7728502
1.341739079	103.7728502
1.341740621	103.7727839
1.341740632	103.7727839
1.341742203	103.7727168
1.341742205	103.7727168
1.341743767	103.7726497
1.341743779	103.7726497
1.341745341	103.7725826
1.341745352	103.7725826
1.341746916	103.7725155
1.341746924	103.7725155
1.341748498	103.7724484
1.341748499	103.7724484
1.34175003	103.7718041
1.341773002	103.7679966
1.34178418	103.7714864
1.34179125	103.7653978
1.341792123	103.7720683
1.341800186	103.7762594
1.34180721	103.7719953
1.341810475	103.7685529
1.341820986	103.7714276
1.341835005	103.7701982
1.341838594	103.7662926
1.341850238	103.7718004
1.341888202	103.7717375
1.341898024	103.7713317
1.341899682	103.7702699
1.341920464	103.7716811
1.341947752	103.7712795
1.341988954	103.7712386
1.34199826	103.7754073
1.34199826	103.7754073
1.34200889	103.7715749
1.342016168	103.7750096
1.342016169	103.7750096
1.342017084	103.7753446
1.342017084	103.7753446
1.342018725	103.7751737
1.342018725	103.7751737
1.342018813	103.7751253
1.342019411	103.7752352
1.342019411	103.7752352
1.342019587	103.7750641
1.342019587	103.7750641
1.342020076	103.7752825
1.342027218	103.7751219
1.34203315	103.7740109
1.342041654	103.7711875
1.342050799	103.7715343
1.342054964	103.7741982
1.342071807	103.7746916
1.342073566	103.7746918
1.342074964	103.7746328
1.34207679	103.7746331
1.342077473	103.774748
1.342077748	103.774574
1.342079482	103.7747487
1.342079631	103.7745743
1.342080283	103.7735641
1.342080606	103.7733689
1.34208096	103.7733009
1.342081028	103.7745036
1.342081207	103.7745033
1.342082391	103.7734336
1.34208285	103.7711463
1.342084198	103.7737035
1.342085044	103.7731098
1.342085867	103.7736311
1.342086167	103.7729146
1.342087196	103.7730452
1.34208722	103.7747993
1.342088313	103.7729815
1.342089048	103.7727831
1.34209002	103.7735011
1.342090805	103.7727152
1.342092701	103.7728478
1.342095385	103.7748003
1.342098179	103.7732332
1.342104653	103.7714816
1.342109142	103.7739908
1.342111328	103.7725275
1.342116089	103.7725906
1.342126566	103.7724608
1.342128021	103.7741803
1.342128085	103.7752888
1.342132024	103.772398
1.342137052	103.7710967
1.34213715	103.7723296
1.342142424	103.7719627
1.342148898	103.7714378
1.342159461	103.7722544
1.342177901	103.7710557
1.342179076	103.7671735
1.342204061	103.7713869
1.342226676	103.7747381
1.342227235	103.7697569
1.342228923	103.7739506
1.342238259	103.772006
1.342238908	103.7710197
1.34224751	103.7744831
1.342249087	103.7713441
1.342260638	103.7741573
1.342260987	103.7717327
1.342271243	103.7753789
1.342278854	103.7752985
1.342280218	103.7750558
1.34228663	103.7736506
1.34228965	103.7747249
1.342289704	103.7731774
1.342291712	103.7709741
1.342295166	103.7735811
1.34230107	103.7744718
1.34230114	103.7732507
1.342302442	103.7729888
1.342303039	103.7712921
1.342310201	103.7726571
1.34231054	103.7735133
1.34231135	103.7733816
1.342311388	103.7734495
1.342311752	103.7733176
1.342313507	103.7739407
1.342316344	103.771669
1.342316937	103.7730567
1.342318867	103.7741451
1.342326427	103.7729269
1.34232668	103.7727269
1.34233223	103.7728587
1.342332729	103.7725472
1.342337471	103.7727957
1.342341204	103.7712418
1.342342928	103.7724773
1.342346834	103.7750381
1.342350892	103.7747121
1.34235722	103.775277
1.342357221	103.775277
1.342360156	103.7724104
1.342360357	103.7719357
1.342365764	103.7723471
1.342366066	103.7722783
1.342373746	103.7741338
1.342381308	103.7722044
1.342388697	103.7683759
1.342392704	103.7739272
1.342392845	103.7762505
1.342395088	103.7764683
1.342399986	103.7750241
1.342401497	103.7711961
1.342407032	103.7690644
1.342412642	103.7765394
1.342412642	103.7765394
1.342422133	103.7752514
1.342422134	103.7752514
1.342434619	103.7719083
1.342438266	103.7739212
1.342441427	103.7711573
1.342453546	103.7750115
1.342478534	103.7708313
1.342489512	103.7752374
1.342489512	103.7752374
1.3424916	103.7717472
1.34250184	103.7741045
1.342502358	103.7739148
1.342503526	103.7744598
1.342508689	103.7750048
1.342509586	103.7716831
1.342511851	103.7738644
1.342530407	103.7708017
1.342548707	103.7746541
1.342559374	103.7715138
1.342559615	103.7740916
1.342560736	103.7752545
1.342560736	103.7752545
1.342561917	103.7749907
1.342576316	103.7709961
1.342580163	103.774438
1.342596291	103.770764
1.342598637	103.7746438
1.342605268	103.7714565
1.342616925	103.7749825
1.342619348	103.7709892
1.34262084	103.7735812
1.342621948	103.7734489
1.34262497	103.7733844
1.342625198	103.7731091
1.342625589	103.7738794
1.342626398	103.7733164
1.342626754	103.7729912
1.342627572	103.7735151
1.34262772	103.773253
1.342631585	103.7731848
1.342634179	103.77524
1.342634179	103.77524
1.342636659	103.7729174
1.34264964	103.7728539
1.342649928	103.7707334
1.34265509	103.772787
1.342668779	103.7727239
1.34266899	103.774964
1.342678243	103.7709672
1.342678396	103.772658
1.342683068	103.7725897
1.342687822	103.7760601
1.342688157	103.7760617
1.342690732	103.7751659
1.342695431	103.7752269
1.342708973	103.773866
1.342711221	103.7724798
1.34271515	103.7706946
1.342716797	103.774056
1.342717256	103.7724106
1.342719498	103.7713455
1.342720613	103.7744153
1.34272489	103.7749602
1.342726473	103.7723435
1.342735739	103.7722804
1.342744353	103.7709298
1.342745059	103.7746092
1.342745764	103.7722131
1.342751374	103.7718578
1.342754811	103.7721529
1.342768778	103.7752105
1.342768779	103.7752105
1.34276904	103.7713165
1.342776268	103.7706694
1.342778686	103.7744037
1.342778876	103.7749493
1.342789456	103.7740473
1.342798719	103.7708995
1.342816476	103.7745993
1.342827208	103.7751715
1.342829244	103.7735405
1.342829474	103.7718358
1.342831247	103.7738356
1.342832764	103.7732619
1.342832842	103.7749381
1.342834133	103.7732002
1.342834931	103.7734627
1.342835612	103.7706279
1.342835949	103.7733317
1.342846318	103.7752595
1.342846452	103.7733963
1.342849887	103.7730595
1.342851	103.7731333
1.34285394	103.772937
1.342857121	103.7716591
1.342860743	103.7728611
1.342863765	103.7678495
1.3428654	103.7708635
1.342867927	103.7727927
1.342883304	103.7751014
1.342885472	103.7749273
1.342893323	103.7751697
1.342896659	103.7727333
1.342897426	103.7706081
1.342900409	103.7712108
1.342901293	103.7738166
1.342906985	103.7726665
1.342909698	103.7713161
1.342916484	103.7726064
1.342919086	103.7672211
1.342919091	103.7672211
1.342919242	103.7708339
1.342920608	103.7740231
1.342926724	103.7694944
1.342935519	103.7724773
1.342935595	103.7743703
1.342936592	103.771652
1.342944106	103.7707397
1.342950265	103.7682454
1.342951512	103.7723468
1.342955726	103.7705602
1.342958747	103.7724145
1.342964866	103.7722824
1.342965564	103.768529
1.342972208	103.7722159
1.342972604	103.7745552
1.342974286	103.7718531
1.342984848	103.7707956
1.342990836	103.7739977
1.3429912	103.7721442
1.343001227	103.7712299
1.343006289	103.774901
1.343006658	103.7743501
1.343008402	103.7705297
1.343015091	103.7671108
1.343025313	103.7737856
1.343029664	103.775157
1.343029664	103.775157
1.343031497	103.7745536
1.343038192	103.7707641
1.343042138	103.7718476
1.343057019	103.7748811
1.343095907	103.7716554
1.343099406	103.7737831
1.343103273	103.7751421
1.343103273	103.7751421
1.34310506	103.7707277
1.343113505	103.7748794
1.343122871	103.7675701
1.343129646	103.7670116
1.343129896	103.7704793
1.343132773	103.7712687
1.343143406	103.7706282
1.343150172	103.7739639
1.343152532	103.7743272
1.343154098	103.775051
1.343164753	103.7760314
1.343164985	103.7707016
1.34316757	103.7748685
1.343167872	103.7751272
1.343171851	103.7716472
1.343175624	103.7734652
1.343175863	103.7745181
1.343175867	103.7710603
1.343178952	103.7734096
1.343182988	103.7733468
1.343184627	103.7704336
1.343186655	103.7732892
1.343190911	103.7732268
1.343194169	103.7718635
1.343194992	103.7731691
1.343198273	103.7731062
1.343200399	103.7676954
1.343202057	103.7730482
1.343206911	103.7729242
1.343209958	103.774315
1.343216685	103.7739465
1.343218468	103.7728651
1.343221584	103.7712864
1.343221606	103.7748574
1.343225591	103.7727453
1.343229103	103.7737555
1.343229494	103.7728087
1.343238497	103.7751148
1.343238497	103.7751148
1.343239621	103.7710228
1.343246233	103.7704031
1.343249026	103.774511
1.34324916	103.7674342
1.343253151	103.7726904
1.343254082	103.7718665
1.343254698	103.7669153
1.343257255	103.7725622
1.343260208	103.7677704
1.343263892	103.7726288
1.343269865	103.7691894
1.343275693	103.7748518
1.343285287	103.7724625
1.343289143	103.7706184
1.343294004	103.7750598
1.34330279	103.7751006
1.34330345	103.7737426
1.343306428	103.7688468
1.343307655	103.7716632
1.343313301	103.7723985
1.343315373	103.7667634
1.343317259	103.7723353
1.343317309	103.7708941
1.343320061	103.7703943
1.343320788	103.7758542
1.343320789	103.7758542
1.34332079	103.7758542
1.343327913	103.7722792
1.343329881	103.7748356
1.343332216	103.7722165
1.343355725	103.7713062
1.343356853	103.7739019
1.343359355	103.7721611
1.343360213	103.7706035
1.343365888	103.7742789
1.343370509	103.775077
1.34337051	103.775077
1.34337708	103.7731231
1.343381428	103.7734295
1.343382091	103.771658
1.343383769	103.774825
1.343385592	103.7733636
1.343387873	103.7732453
1.343389752	103.7744735
1.343392129	103.7676368
1.343392413	103.7673706
1.343396358	103.7665226
1.343396717	103.7733047
1.34339958	103.7730619
1.343403403	103.7730037
1.343404614	103.7731844
1.343408181	103.7718813
1.343412814	103.7713154
1.343423577	103.7739067
1.343425287	103.7728937
1.343426042	103.7742652
1.343426975	103.7705661
1.343433949	103.7728266
1.343435254	103.7750749
1.343435254	103.7750749
1.343436077	103.7680549
1.343436873	103.770915
1.3434375	103.7727036
1.343437543	103.774813
1.343439444	103.7737127
1.343445727	103.7727647
1.343457347	103.7665899
1.343462129	103.7703146
1.343465125	103.770323
1.343470807	103.7726466
1.343482641	103.7744403
1.343489066	103.7718762
1.343489527	103.7725815
1.34349053	103.7705673
1.343493897	103.7748131
1.343495923	103.767267
1.343498851	103.7736958
1.343499737	103.7724817
1.343502889	103.7675787
1.343508219	103.7750596
1.343508219	103.7750596
1.34351861	103.7724171
1.343529781	103.7722961
1.343530608	103.770311
1.343531902	103.771687
1.343538482	103.7723582
1.343539615	103.771336
1.343541958	103.7682215
1.343545812	103.7747923
1.343554009	103.7722372
1.343559309	103.7675381
1.343564307	103.7742176
1.343566061	103.7705636
1.343570609	103.7750469
1.343570609	103.7750469
1.343570898	103.7708779
1.34357423	103.7666931
1.343580435	103.7738737
1.343581677	103.7721723
1.343589668	103.7716955
1.343590609	103.7679696
1.343598642	103.7702903
1.343604821	103.7671719
1.343608133	103.7747735
1.343616832	103.7713448
1.3436218	103.7744117
1.343629816	103.770562
1.343635206	103.7719082
1.343642012	103.7750321
1.343642012	103.7750321
1.343644285	103.7708784
1.343645754	103.773666
1.343649414	103.7674403
1.343656239	103.7741939
1.343659677	103.7738639
1.343664278	103.7702772
1.343665901	103.7681541
1.343666926	103.7661455
1.343675244	103.7744006
1.343676777	103.7690644
1.343684694	103.7711874
1.343698056	103.7670717
1.343703403	103.7705538
1.343703616	103.7736334
1.343722747	103.768117
1.343726124	103.7719262
1.343737659	103.7702672
1.343741734	103.7662683
1.343752957	103.7717202
1.343753682	103.7713641
1.343753803	103.7708671
1.343757214	103.7678736
1.343758802	103.7711143
1.343765139	103.7673533
1.343765211	103.7705516
1.3437894	103.7747939
1.3437894	103.7747939
1.3437894	103.7747939
1.3437894	103.7747939
1.343792624	103.7663252
1.34379401	103.7708714
1.343794194	103.7738177
1.343794972	103.7658168
1.343795244	103.7741555
1.343805076	103.770272
1.343807989	103.766987
1.343812851	103.7743543
1.343814075	103.7717277
1.343820328	103.766018
1.343828723	103.7680691
1.343840937	103.7705468
1.343844876	103.7713831
1.343845725	103.7726065
1.343847682	103.7736014
1.343848344	103.7664159
1.343857758	103.7719544
1.343859549	103.7725473
1.343860884	103.7685899
1.343862605	103.7672582
1.343865069	103.7708649
1.343868894	103.7677836
1.343872578	103.7724915
1.343874179	103.7738073
1.343874272	103.7702492
1.343881324	103.7698368
1.343882744	103.7743294
1.343893678	103.7724302
1.343896177	103.7680332
1.343898949	103.7723736
1.343904446	103.7705316
1.343905365	103.76647
1.34390922	103.7669055
1.343912149	103.770859
1.343912333	103.7723122
1.343914345	103.7677506
1.343919379	103.7735729
1.34392475	103.7741283
1.343925425	103.7722538
1.343937645	103.7702403
1.343939879	103.7661442
1.34394511	103.7719747
1.343946308	103.765758
1.343958929	103.7671935
1.343969286	103.7717668
1.343995195	103.7671607
1.343997618	103.765711
1.344002597	103.7737485
1.344005337	103.7710632
1.344011245	103.7702307
1.344017517	103.7668027
1.344022338	103.7676832
1.344023451	103.7708616
1.344033099	103.7742645
1.344033439	103.7736754
1.344038007	103.7726571
1.344040445	103.7679747
1.344043373	103.7695439
1.34404543	103.7735343
1.344048866	103.7717759
1.344052235	103.7705119
1.34406069	103.7725339
1.344062089	103.7725947
1.344062193	103.7662782
1.344062203	103.7662782
1.344063502	103.7710744
1.344067146	103.7670722
1.344078149	103.773734
1.344081064	103.7714219
1.344088077	103.7724758
1.34408866	103.7719986
1.344099097	103.7746763
1.344100967	103.7724194
1.344102168	103.7735129
1.344107862	103.7708618
1.344114752	103.7667131
1.34411493	103.7723583
1.344115449	103.7702973
1.344127006	103.7722943
1.344127256	103.7705372
1.344127869	103.765738
1.34413415	103.7675935
1.344144682	103.7695733
1.344147056	103.7720135
1.344152336	103.7683142
1.344155141	103.7714402
1.344163152	103.7679144
1.344173154	103.7669799
1.344176196	103.7740794
1.344176198	103.7740794
1.344185904	103.7656775
1.344190155	103.7718201
1.344200563	103.7705442
1.344204502	103.7720049
1.344204608	103.771459
1.344208988	103.7666117
1.344211663	103.7736658
1.344215102	103.7678747
1.344224012	103.7712236
1.34423576	103.7709228
1.344238587	103.7734506
1.344239366	103.7674888
1.344242623	103.7682616
1.344249343	103.7718354
1.344250156	103.7712813
1.344250341	103.7702564
1.344257032	103.7714783
1.34426306	103.7705733
1.344265727	103.7658519
1.344276506	103.7709599
1.344283724	103.7668728
1.344290837	103.7720602
1.344291095	103.7736544
1.344293236	103.7694547
1.344300462	103.7730808
1.344301887	103.7734296
1.34430835	103.7677769
1.344310125	103.7730168
1.344312143	103.7702581
1.344323836	103.7729553
1.34433545	103.7728977
1.344337374	103.7706082
1.344341717	103.7665204
1.344346751	103.7728386
1.344347412	103.7656638
1.344352674	103.7673879
1.344362568	103.7714957
1.344367908	103.7727782
1.344368813	103.7667967
1.344370904	103.766008
1.344377473	103.7720826
1.344379589	103.7710668
1.344387927	103.7681579
1.344389703	103.7726731
1.344392739	103.7718858
1.344400006	103.7726031
1.344403193	103.768395
1.34440807	103.7676753
1.344421198	103.7735847
1.344421825	103.7725475
1.344422269	103.7711269
1.34442284	103.7706259
1.344429177	103.7702695
1.344430498	103.7733651
1.34443528	103.7724863
1.344435457	103.7698469
1.344456732	103.7672813
1.344468195	103.7724347
1.344471776	103.771597
1.344481914	103.7733417
1.344488377	103.7719097
1.344489941	103.7681081
1.344491551	103.7743211
1.344506466	103.7721285
1.344507792	103.7676039
1.344508543	103.773058
1.344509599	103.7715354
1.344510882	103.7666679
1.344516247	103.7712587
1.344522412	103.7730012
1.344524984	103.770496
1.344533484	103.7729453
1.344548621	103.7728835
1.344550843	103.7675663
1.344562445	103.7713238
1.344563377	103.7715508
1.344565381	103.7671914
1.344565806	103.7728275
1.344574366	103.7702625
1.344575433	103.7727661
1.344581725	103.7693172
1.344586857	103.7721611
1.3445884	103.7727106
1.344588714	103.7657023
1.34459277	103.7708285
1.344595832	103.7704715
1.344606482	103.77265
1.344615657	103.7725936
1.344616641	103.7738772
1.344622559	103.771964
1.344623576	103.7674653
1.344630819	103.7725317
1.344632757	103.7679703
1.344636406	103.7708852
1.344640431	103.765526
1.34464364	103.772476
1.344644783	103.7702654
1.34464672	103.7662299
1.344668394	103.7738175
1.344675287	103.7670968
1.344679559	103.7709491
1.344697406	103.7719799
1.344705557	103.7679037
1.344705798	103.7737443
1.344718334	103.7661647
1.344721981	103.7721967
1.344723042	103.7696222
1.344724432	103.7716189
1.344724517	103.7709977
1.344734527	103.7673744
1.344738062	103.7736814
1.344748156	103.7715275
1.344754862	103.7670118
1.344763169	103.7710579
1.344764753	103.7702802
1.344776644	103.773557
1.344781077	103.7707843
1.344791914	103.7722155
1.344796879	103.7711038
1.344797085	103.7706844
1.344799882	103.7669713
1.344806007	103.7734885
1.344819224	103.7664023
1.344831542	103.7707334
1.344846439	103.7677585
1.34484787	103.772047
1.344851798	103.7655518
1.344855153	103.7733648
1.344861839	103.7660353
1.344870424	103.7653728
1.344871393	103.7719901
1.344879924	103.7707953
1.344882389	103.7712006
1.344890756	103.7733021
1.344895252	103.7663075
1.344898409	103.7738482
1.344898875	103.7709355
1.344915225	103.7708445
1.344915293	103.7669059
1.344916377	103.7731689
1.344925181	103.7712693
1.344931359	103.7717993
1.344932264	103.7727284
1.344934824	103.7671974
1.344934982	103.7677023
1.344935622	103.7703451
1.344943466	103.7710177
1.344944139	103.7659601
1.344948868	103.7731096
1.344957887	103.770908
1.344960415	103.7729741
1.344965672	103.7713291
1.34497575	103.772753
1.344978738	103.7718697
1.344983767	103.7653647
1.344992905	103.7729157
1.344995303	103.7709539
1.344996631	103.7662477
1.344997312	103.7651474
1.344998304	103.770455
1.345001137	103.7713796
1.345019215	103.7727766
1.345029321	103.7680005
1.345036646	103.7725191
1.34503933	103.7662091
1.345046485	103.7652017
1.345056664	103.771431
1.345059567	103.7675918
1.345062297	103.7698104
1.345062297	103.7698104
1.345062297	103.7698104
1.345062297	103.7698104
1.345062297	103.7698104
1.345062297	103.7698104
1.345062297	103.7698104
1.345062297	103.7698104
1.345062297	103.7698104
1.345062297	103.7698104
1.345062297	103.7698104
1.345062297	103.7698104
1.345062297	103.7698104
1.345062297	103.7698104
1.345062297	103.7698104
1.345062297	103.7698104
1.345062297	103.7698104
1.345062297	103.7698104
1.345062297	103.7698104
1.345062297	103.7698104
1.345062297	103.7698104
1.345062297	103.7698104
1.345062297	103.7698104
1.345062618	103.7728002
1.345073595	103.7670556
1.345076321	103.7723777
1.345076425	103.7710761
1.345078875	103.7714946
1.345078951	103.7658364
1.345081578	103.7725439
1.345089397	103.771139
1.345100025	103.7661411
1.345104656	103.7723246
1.345106767	103.7728254
1.345116358	103.7652814
1.345117266	103.7704685
1.345123319	103.7675117
1.345125281	103.7715528
1.345126553	103.7725687
1.345134924	103.7722687
1.345147574	103.7705994
1.345149417	103.7657736
1.345154399	103.7711854
1.345161307	103.7722192
1.345161837	103.7716021
1.345165955	103.7653364
1.345171521	103.7725935
1.345173413	103.7666282
1.34517595	103.7733896
1.345177024	103.7733898
1.345181304	103.7706537
1.345188867	103.7712349
1.345190621	103.7721659
1.345204074	103.7729028
1.345210709	103.7707121
1.345211374	103.7643526
1.34521663	103.7726188
1.345216735	103.7716534
1.345218128	103.7721164
1.345219438	103.7713031
1.3452231	103.7660238
1.345226956	103.7728615
1.345229239	103.7665471
1.345245536	103.7707665
1.345249473	103.7717162
1.345249615	103.7728206
1.345263275	103.7713553
1.345272142	103.7727799
1.345283175	103.7708214
1.345291196	103.7656769
1.345294751	103.772739
1.345315225	103.7714077
1.345317283	103.7726983
1.345319268	103.7659395
1.345329819	103.7649334
1.345337945	103.7668052
1.345339902	103.7726574
1.345351377	103.7714572
1.345359197	103.7664615
1.34536613	103.7715346
1.34536706	103.7655782
1.345378537	103.7719538
1.345380388	103.7708294
1.345382202	103.7673932
1.345383811	103.7725245
1.345389694	103.7709576
1.345411804	103.7729679
1.345412466	103.7730093
1.345414998	103.7724687
1.345419043	103.7667514
1.345424342	103.7719095
1.345424589	103.7674355
1.345425691	103.7715778
1.345427041	103.7650091
1.345435669	103.7663919
1.345436903	103.7710064
1.345444115	103.7729216
1.345444251	103.7724152
1.345453482	103.765802
1.345454791	103.7710612
1.345474562	103.767636
1.345474586	103.7723597
1.345475877	103.7675411
1.345481615	103.7711061
1.345503758	103.7723063
1.345510645	103.7717791
1.345514408	103.7711531
1.34552373	103.7722388
1.345528032	103.7694823
1.34552865	103.7666327
1.345533584	103.7657491
1.345544334	103.7712048
1.345548212	103.7718139
1.345557047	103.7662815
1.345560661	103.7643022
1.345571897	103.767545
1.345595417	103.766556
1.345603181	103.7712724
1.345611815	103.7721606
1.345617433	103.767502
1.345626788	103.7662183
1.345632037	103.7713236
1.345640532	103.7725247
1.345642329	103.7721048
1.345658942	103.7713736
1.345659068	103.7652425
1.345666797	103.7674546
1.345670756	103.7720052
1.345687959	103.7714183
1.345717672	103.7714658
1.34571891	103.7653199
1.345723361	103.7664599
1.345745956	103.7715149
1.345748056	103.7661066
1.345774615	103.7715732
1.345785847	103.7718713
1.345795	103.766396
1.345797131	103.7720003
1.34581843	103.7660443
1.345828411	103.7654381
1.345843368	103.7662283
1.345847709	103.7716585
1.34586414	103.765532
1.345879664	103.771724
1.345904641	103.7720876
1.345982794	103.7662201
1.346020517	103.7714716
1.346069336	103.7680948
1.346131703	103.7643528
1.346147794	103.7644085
1.346190203	103.7648591
1.346193352	103.7645137
1.346208973	103.7645663
1.346217216	103.7655735
1.346221907	103.7649642
1.346225048	103.7646215
1.346239517	103.7646718
1.346255956	103.7647267
1.346270535	103.7647767
1.346301215	103.7648821
1.346333013	103.7649892
1.34636026	103.7710464
1.346408059	103.7708772
1.34651803	103.7643643
1.346518286	103.7640907
1.346550673	103.7641299
1.346563816	103.764193
1.34659073	103.7655892
1.346596894	103.7642331
1.346598663	103.766281
1.346640395	103.7643364
1.3466665	103.7644594
1.346699292	103.7645006
1.346703572	103.7712882
1.346713066	103.764563
1.346747911	103.7646036
1.346760039	103.7646655
1.346792272	103.7647068
1.346813652	103.7706205
1.346871952	103.765637
1.347097193	103.7703962
1.347131975	103.7703548
1.347134741	103.7709394
1.347194313	103.7702804
1.347229094	103.770239
1.347406303	103.7700291
1.34742048	103.7704443
1.34746302	103.7700669
1.347467028	103.7704816
1.347492221	103.7683468
1.34751993	103.7683673
1.347538948	103.7705502
1.347544466	103.7701411
1.347585966	103.7705909
1.347593791	103.7701786
1.347668201	103.7702451
1.347686002	103.7707277
1.347719358	103.7702834
1.347796602	103.7703458
1.347801665	103.7706557
1.347846334	103.770386
1.347918386	103.7705764
1.348015241	103.7704889