1.323979969	103.9299845
1.323981849	103.9299537
1.32398845	103.9300325
1.324001655	103.9301112
1.324127368	103.9280719
1.324288742	103.9287885
1.324361381	103.9291446
1.324399659	103.9276838
1.324439445	103.9295158
1.324526733	103.9298809
1.324548964	103.9319057
1.32455477	103.9319519
1.324571503	103.9318579
1.324595428	103.9319346
1.324597474	103.9318706
1.324603856	103.9279892
1.32460705	103.9318192
1.324613436	103.9320828
1.324635731	103.9310688
1.324645447	103.9311115
1.324665965	103.9281404
1.324686268	103.9311548
1.324772074	103.9292677
1.324772074	103.9292677
1.324772074	103.9292677
1.324772074	103.9292677
1.324772074	103.9292677
1.324772074	103.9292677
1.324772074	103.9292677
1.324772074	103.9292677
1.324772074	103.9292677
1.324772074	103.9292677
1.32478237	103.9305703
1.324811523	103.9294153
1.324818166	103.9305443
1.324855984	103.9335196
1.324862467	103.9337921
1.32496143	103.9323601
1.324964576	103.9329481
1.324964578	103.9329481
1.32498077	103.9278054
1.324987777	103.9286124
1.324999166	103.9342344
1.325000433	103.9344978
1.325005853	103.9329544
1.325088675	103.9290193
1.325157067	103.9351946
1.325177733	103.9293935
1.325190914	103.9308667
1.325203716	103.9347722
1.325291033	103.930353
1.325311121	103.9332781
1.325336244	103.9297561
1.325423655	103.9335591
1.325472122	103.9301378
1.325477105	103.9343482
1.325500845	103.9319676
1.325531755	103.9338545
1.325545272	103.9314999
1.325560241	103.9378539
1.325565409	103.9378649
1.325604146	103.9350613
1.325656284	103.927991
1.32569267	103.9346024
1.325699735	103.9310746
1.325720354	103.9325066
1.325744613	103.9291946
1.325857118	103.9383282
1.325875651	103.932493
1.325884918	103.9316537
1.325918415	103.931687
1.325926754	103.9308081
1.325940692	103.93164
1.325984004	103.9301798
1.326048728	103.9273495
1.326058372	103.9273688
1.326059512	103.9301394
1.326075948	103.9334975
1.326087684	103.9282325
1.32609462	103.9413859
1.326094626	103.9413859
1.326098019	103.9280698
1.326098681	103.9388188
1.326119703	103.9295545
1.326130496	103.927924
1.326131513	103.9421041
1.326237253	103.9408276
1.326281496	103.9341804
1.326333026	103.9326366
1.326333026	103.9326366
1.326352981	103.9326372
1.326359095	103.9299959
1.326369756	103.9367751
1.32643686	103.9418509
1.326453607	103.9425246
1.326471724	103.9308616
1.32649093	103.9308829
1.326491998	103.9378303
1.326664349	103.9318013
1.326686013	103.941272
1.326712196	103.9320295
1.326713488	103.9408922
1.326714364	103.9435084
1.326770902	103.9430242
1.326837217	103.9339207
1.326845674	103.9308072
1.326864386	103.9321295
1.326869941	103.9418328
1.326916373	103.9346734
1.326966214	103.9281358
1.32696994	103.9358501
1.326979578	103.9281307
1.326979584	103.9281307
1.326985098	103.9358479
1.326995174	103.9443122
1.326997169	103.9316635
1.327062742	103.933218
1.327085481	103.9445133
1.327087099	103.9427491
1.327141451	103.9322893
1.327161508	103.9368248
1.32716478	103.9446876
1.327246018	103.9441041
1.327246586	103.9449
1.327260072	103.9408488
1.327306488	103.9450778
1.327310982	103.9464517
1.327356573	103.9337678
1.327356574	103.9337678
1.327443433	103.9363324
1.327449166	103.9271844
1.327492955	103.9342494
1.327511771	103.9422204
1.327548427	103.9357397
1.327554432	103.9380305
1.327562572	103.9357346
1.327573847	103.9472721
1.327575512	103.9304824
1.32757609	103.9444988
1.327578746	103.944195
1.327596824	103.9440235
1.32766677	103.9447459
1.327691945	103.9407637
1.327730437	103.944926
1.327740236	103.9390057
1.327744679	103.9288744
1.32775289	103.9367093
1.327802611	103.9464788
1.327834739	103.9352116
1.327855784	103.9397088
1.327887859	103.9318358
1.327892647	103.9397226
1.327914779	103.9421444
1.327964715	103.946657
1.327974074	103.9379441
1.327976141	103.9275651
1.328005188	103.9469762
1.328102913	103.9329381
1.328102922	103.9329381
1.328154988	103.9352208
1.328158563	103.9463433
1.3281683	103.9389179
1.328168309	103.9389179
1.328213202	103.932352
1.328225507	103.9344693
1.328236075	103.9395984
1.328245791	103.9480168
1.328249367	103.936007
1.328259123	103.9289737
1.328262658	103.9396223
1.328267015	103.9444202
1.32828083	103.9316111
1.328293231	103.939594
1.328296665	103.9420675
1.328306499	103.9420657
1.328309778	103.9317618
1.328321333	103.9365822
1.328342376	103.928231
1.328399845	103.9306825
1.328403828	103.9306849
1.32842001	103.9274827
1.32842001	103.9274827
1.328441558	103.9463496
1.3284632	103.9336828
1.32848132	103.9406116
1.328495242	103.9431203
1.328523202	103.932856
1.32852715	103.9455416
1.328533663	103.947243
1.328541138	103.9473136
1.328543777	103.9431083
1.328548401	103.9476221
1.328559392	103.9381165
1.328564212	103.9300365
1.328573683	103.945687
1.328576924	103.9466765
1.3285845	103.947767
1.328599968	103.9430907
1.328613091	103.9478295
1.328617198	103.9377871
1.328624153	103.9479685
1.328626881	103.9480461
1.328634948	103.9446811
1.32864956	103.9430774
1.328678896	103.9433518
1.328689293	103.9288938
1.328696112	103.9419956
1.328697957	103.9430428
1.328698887	103.9482188
1.328711203	103.9434013
1.328713382	103.9340954
1.328732017	103.9365067
1.328735351	103.9365067
1.32873952	103.9435696
1.328739663	103.9482789
1.328747488	103.9434511
1.328754461	103.9430403
1.328797809	103.9458265
1.328799093	103.9453945
1.328812352	103.9430422
1.32881599	103.9483934
1.328820906	103.9435484
1.328830662	103.9355097
1.328843215	103.9391237
1.328845342	103.9302812
1.32885053	103.9484549
1.328861083	103.9430215
1.328863734	103.9461703
1.328874204	103.9316429
1.328915582	103.9405287
1.328923912	103.9474063
1.328948285	103.9475511
1.328958924	103.9429941
1.328980219	103.9428744
1.32898213	103.947611
1.328992408	103.9487743
1.329010991	103.9478319
1.329014088	103.92881
1.329014632	103.9433554
1.329021793	103.9477544
1.329049998	103.9489362
1.329053471	103.9487392
1.329057552	103.9328835
1.329064961	103.9429653
1.329068387	103.9433472
1.329072265	103.9462137
1.329075426	103.9479556
1.329082013	103.9480273
1.329093469	103.9452088
1.329096083	103.9481554
1.329103998	103.9472508
1.329108534	103.9429289
1.329108884	103.9277342
1.329129546	103.9433623
1.329129931	103.9474116
1.329143468	103.9454902
1.32915523	103.9486548
1.329155548	103.947465
1.329161231	103.9429135
1.329173131	103.9433167
1.329190187	103.9489003
1.329198687	103.9373433
1.329202302	103.9475903
1.32920273	103.9482101
1.329221264	103.9325025
1.329221353	103.9429242
1.329221897	103.9432746
1.329222831	103.9476719
1.329235076	103.9478048
1.329247546	103.949662
1.329250015	103.9478611
1.329258819	103.9390464
1.329268227	103.9486645
1.329271272	103.9428914
1.329276573	103.9488139
1.329281984	103.9432977
1.329291261	103.9310907
1.32929376	103.9442152
1.329293994	103.9457783
1.329299912	103.9410884
1.329301833	103.9496207
1.329307863	103.9485355
1.329323933	103.9428751
1.329324215	103.948778
1.329338351	103.9432846
1.329343491	103.9479894
1.329358599	103.9480602
1.329359084	103.9485076
1.329364555	103.9495036
1.32936597	103.9498101
1.329369602	103.9290675
1.32937297	103.9467956
1.329374924	103.9339269
1.329379472	103.9467956
1.329379472	103.9467956
1.329379472	103.9467956
1.329379472	103.9467956
1.329379472	103.9467956
1.329379472	103.9467956
1.329379472	103.9467956
1.329379472	103.9467956
1.329382714	103.9428805
1.329386279	103.9432624
1.329410011	103.9353973
1.329410883	103.9497613
1.329419962	103.9494724
1.32942317	103.9486912
1.329448413	103.9432634
1.329453184	103.9327857
1.329461416	103.948426
1.329469303	103.9428377
1.329483051	103.9486397
1.329491444	103.9496679
1.329511119	103.948372
1.32952721	103.942838
1.329530254	103.9468298
1.329530254	103.9468298
1.329530254	103.9468298
1.329530254	103.9468298
1.329530254	103.9468298
1.329530254	103.9468298
1.329531225	103.9472858
1.329533568	103.9432301
1.329535299	103.9494116
1.329536805	103.9404066
1.329538536	103.9468299
1.329539942	103.9276501
1.329545144	103.9437265
1.329549179	103.9496289
1.329558906	103.9475862
1.329564636	103.9437763
1.329575931	103.9449849
1.329577462	103.9428064
1.329578782	103.9473267
1.329582502	103.9485788
1.329583907	103.9493718
1.329586004	103.9438313
1.3295908	103.9432178
1.329601612	103.9475547
1.329604812	103.9438804
1.329606263	103.9483134
1.329629021	103.9485441
1.32963071	103.9431664
1.3296327	103.9439321
1.329633402	103.9428086
1.329637983	103.9388225
1.329642018	103.9388211
1.329647464	103.9451956
1.329649995	103.9302606
1.329652057	103.9439825
1.32965259	103.947513
1.329666619	103.9495897
1.329667017	103.9482552
1.329667156	103.9467827
1.329667567	103.9492811
1.329669092	103.9467837
1.329669092	103.9467837
1.329669092	103.9467837
1.329669092	103.9467837
1.329669092	103.9467837
1.329669092	103.9467837
1.32967542	103.9454179
1.329679225	103.9440374
1.329682164	103.9427749
1.329694919	103.9474825
1.329698563	103.9431977
1.329700005	103.932991
1.329700801	103.9440964
1.329708568	103.9471413
1.329711478	103.949232
1.329722362	103.9495517
1.329728996	103.9380813
1.329736369	103.944249
1.329736474	103.9484631
1.329739699	103.9427805
1.329742066	103.9456704
1.329746929	103.9474433
1.329751851	103.9431833
1.329757805	103.9254337
1.329758203	103.9436454
1.329775851	103.9436994
1.32978266	103.9484271
1.329787211	103.9442284
1.329787751	103.9474107
1.329789174	103.9494367
1.32979415	103.9491456
1.329794856	103.9437502
1.329795596	103.9431358
1.329797358	103.9427682
1.329799847	103.9338444
1.329800633	103.9289857
1.329803323	103.9467358
1.329803494	103.9467343
1.329803494	103.9467343
1.329803494	103.9467343
1.329803494	103.9467343
1.329803494	103.9467343
1.329803494	103.9467343
1.329803494	103.9467343
1.329805988	103.9317103
1.329805998	103.9317103
1.32981551	103.9438037
1.329824495	103.9461454
1.329824495	103.9461454
1.329824495	103.9461454
1.329824495	103.9461454
1.329824495	103.9461454
1.329824495	103.9461454
1.329824495	103.9461454
1.329824495	103.9461454
1.329824495	103.9461454
1.329824495	103.9461454
1.329824495	103.9461454
1.329824495	103.9461454
1.329834542	103.9438544
1.329838395	103.9480192
1.329840598	103.9473725
1.329841217	103.9442082
1.329842936	103.9493972
1.329850586	103.9427445
1.329854028	103.9431428
1.329855243	103.9439077
1.329860866	103.9354238
1.329874428	103.9439584
1.329880046	103.9462793
1.329880046	103.9462793
1.329880046	103.9462793
1.329880046	103.9462793
1.329880046	103.9462793
1.329880046	103.9462793
1.329880046	103.9462793
1.329880046	103.9462793
1.329880046	103.9462793
1.329880046	103.9462793
1.329880046	103.9462793
1.329880046	103.9462793
1.329881246	103.9473408
1.329887546	103.949152
1.329892455	103.9441897
1.329900341	103.943095
1.329912944	103.949926
1.329914274	103.9403105
1.329919401	103.9440087
1.32992328	103.9470483
1.329923281	103.9470483
1.329926361	103.9466908
1.329926361	103.9466908
1.329926361	103.9466908
1.329926361	103.9466908
1.329926361	103.9466908
1.329926361	103.9466908
1.329926361	103.9466908
1.32992712	103.9466906
1.329931373	103.9479132
1.329931921	103.9472989
1.329934041	103.9427101
1.329938513	103.9260931
1.329946419	103.9441693
1.329950921	103.9493448
1.329955388	103.9482355
1.32996312	103.9498861
1.329965159	103.9431171
1.329967138	103.9490615
1.329968458	103.9444553
1.329973112	103.9375717
1.329974849	103.9472689
1.329980945	103.9471278
1.329983107	103.9255895
1.329984637	103.9478736
1.329988317	103.9445063
1.329994846	103.9427146
1.329997502	103.9441506
1.330004969	103.9481981
1.330007429	103.9493075
1.330008563	103.9445606
1.330010112	103.9363435
1.330021134	103.9490205
1.330027922	103.9446105
1.330037362	103.9408422
1.330043126	103.9426837
1.330043442	103.9299318
1.330048296	103.9446646
1.330051123	103.9430938
1.330051235	103.949718
1.330051424	103.924118
1.330053178	103.9466009
1.330053404	103.9441339
1.330058538	103.9498102
1.330059493	103.9466018
1.330059493	103.9466018
1.330059493	103.9466018
1.330059493	103.9466018
1.330059493	103.9466018
1.330059493	103.9466018
1.330059493	103.9466018
1.330059493	103.9466018
1.330063628	103.9501214
1.330067481	103.9447148
1.330088199	103.9447688
1.330092019	103.9481197
1.330098282	103.949233
1.330100614	103.9471358
1.330102614	103.942684
1.330105889	103.9448192
1.330107172	103.9333159
1.330107824	103.9430779
1.330109556	103.9435947
1.330110165	103.9435312
1.330110583	103.950081
1.33011488	103.9477893
1.330126852	103.9436465
1.330129896	103.9437046
1.330130077	103.9489641
1.330141456	103.9450361
1.330141882	103.9491771
1.330148222	103.9437579
1.330149113	103.9426534
1.33014928	103.9470938
1.330151994	103.9430217
1.330154065	103.9440933
1.330154959	103.9480769
1.330161371	103.9444723
1.330161802	103.9450868
1.330166123	103.9401003
1.330166759	103.9438102
1.330168506	103.9455555
1.330173156	103.9325615
1.330176317	103.9499677
1.330181341	103.9511122
1.330181341	103.9511122
1.330181341	103.9511122
1.330181341	103.9511122
1.330181341	103.9511122
1.330181341	103.9511122
1.330181588	103.9511128
1.33018211	103.9465555
1.330182474	103.9451404
1.33018552	103.9387166
1.330185816	103.9489262
1.330187183	103.9438621
1.33018927	103.9465545
1.33018927	103.9465545
1.33018927	103.9465545
1.33018927	103.9465545
1.33018927	103.9465545
1.33018927	103.9465545
1.33018927	103.9465545
1.33018927	103.9465545
1.330193553	103.9470641
1.330199578	103.9439163
1.33020166	103.9451909
1.330204478	103.944073
1.330206735	103.94302
1.33020924	103.9426547
1.330211394	103.9444535
1.330216184	103.9261977
1.330219972	103.9455352
1.330222246	103.9452445
1.330231013	103.9499396
1.330232854	103.9497272
1.330239478	103.9477026
1.330239928	103.9480256
1.330240179	103.9446796
1.330241025	103.9452951
1.330242373	103.947023
1.330242982	103.9504887
1.330250512	103.9491195
1.330253071	103.9270583
1.330253921	103.9453512
1.330255005	103.9426401
1.33025618	103.9488182
1.330256465	103.9429837
1.330258379	103.9440527
1.330274086	103.9455152
1.330283466	103.9496881
1.330283678	103.9509955
1.330283678	103.9509955
1.330283678	103.9509955
1.330283678	103.9509955
1.330283678	103.9509955
1.330283678	103.9509955
1.330283678	103.9509955
1.330283725	103.9509957
1.330287347	103.9469931
1.330291562	103.9446602
1.330292542	103.950445
1.330297632	103.9479823
1.330298508	103.9464495
1.330299008	103.9490701
1.330299359	103.9464478
1.330299359	103.9464478
1.330299359	103.9464478
1.330299359	103.9464478
1.330299359	103.9464478
1.330299359	103.9464478
1.330299359	103.9464478
1.330301637	103.9310862
1.330305998	103.9487803
1.330310896	103.9440345
1.33032493	103.9454957
1.330331136	103.9254321
1.330333463	103.9507821
1.330333463	103.9507821
1.330333463	103.9507821
1.330333463	103.9507821
1.330333463	103.9507821
1.330333463	103.9507821
1.330333463	103.9507821
1.330333463	103.9507821
1.330333463	103.9507821
1.330333463	103.9507821
1.330333463	103.9507821
1.330333463	103.9507821
1.330333463	103.9507821
1.330333463	103.9507821
1.330333463	103.9507821
1.330333463	103.9507821
1.330333463	103.9507821
1.330333463	103.9507821
1.330336594	103.9232235
1.330338522	103.9504098
1.330350393	103.9475832
1.330359759	103.949588
1.33036165	103.935081
1.330367968	103.9499679
1.330377903	103.9479129
1.330379069	103.9454756
1.330381466	103.9400884
1.330393597	103.9443027
1.330396947	103.949002
1.330397328	103.9449362
1.330401463	103.9498587
1.330402565	103.9486261
1.33040308	103.9469359
1.330403808	103.9475424
1.330412162	103.9495475
1.330412275	103.944351
1.330414778	103.9449887
1.330423886	103.9504329
1.330425193	103.9503416
1.330426099	103.9464
1.330426825	103.9464017
1.330426825	103.9464017
1.330426825	103.9464017
1.330426825	103.9464017
1.330426825	103.9464017
1.330426825	103.9464017
1.330426825	103.9464017
1.330427511	103.9487364
1.330430122	103.9454567
1.330431308	103.9325667
1.330432325	103.9444037
1.330433777	103.9509878
1.33043386	103.9374817
1.330435345	103.9450469
1.330435789	103.9478683
1.330447138	103.9489629
1.330447971	103.9469072
1.33045101	103.9444518
1.330453172	103.9450985
1.330464618	103.9281343
1.330464621	103.9281343
1.330469833	103.9486842
1.33047107	103.9445043
1.330476969	103.9503211
1.330480091	103.9474605
1.330484037	103.9454364
1.330489478	103.9445526
1.330490696	103.9497862
1.330495669	103.9468638
1.330505213	103.9358169
1.330509562	103.9446053
1.330520231	103.9506347
1.330520792	103.9502878
1.330523633	103.9451884
1.330528201	103.9495
1.330528859	103.9446567
1.330535197	103.9454178
1.33053565	103.9497418
1.330536262	103.9474171
1.330539234	103.9488828
1.330541206	103.9468362
1.330545675	103.9242467
1.33054963	103.9458167
1.33054963	103.9458167
1.33054963	103.9458167
1.33054963	103.9458167
1.33054963	103.9458167
1.33054963	103.9458167
1.33054963	103.9458167
1.33054963	103.9458167
1.33054963	103.9458167
1.33054963	103.9458167
1.33054963	103.9458167
1.33054963	103.9458167
1.330551217	103.9458182
1.330554729	103.9336867
1.330554758	103.9502439
1.330557363	103.9477633
1.330561071	103.9486015
1.330566075	103.9452418
1.330566446	103.9477606
1.33057126	103.9510787
1.330571307	103.9510786
1.330575282	103.9410907
1.330580157	103.9494595
1.330585705	103.9459526
1.330585705	103.9459526
1.330585705	103.9459526
1.330585705	103.9459526
1.330585705	103.9459526
1.330585705	103.9459526
1.330585705	103.9459526
1.330585705	103.9459526
1.330585705	103.9459526
1.330585705	103.9459526
1.330585705	103.9459526
1.330585705	103.9459526
1.330588698	103.9467931
1.330588901	103.9453969
1.330596411	103.9459495
1.330600692	103.9502088
1.330603814	103.9488566
1.33061087	103.9485634
1.330626589	103.9496633
1.330633496	103.9467652
1.330641414	103.9453788
1.330642348	103.9501704
1.330643173	103.949338
1.330654548	103.9384963
1.330660134	103.9327931
1.330663029	103.9269804
1.330665909	103.922844
1.330665911	103.922844
1.330678779	103.9473727
1.330681892	103.9496189
1.330690846	103.9487729
1.330698424	103.9483615
1.330699075	103.9483613
1.330702659	103.9493122
1.330707629	103.9366136
1.330707629	103.9366136
1.330713972	103.9476662
1.33072342	103.9368154
1.330730599	103.9453526
1.330731915	103.9484071
1.330732381	103.9484069
1.330742011	103.9487334
1.330742886	103.9448091
1.330746215	103.9501151
1.330751766	103.9356002
1.33075516	103.9495494
1.330759689	103.9448578
1.330763523	103.9463503
1.330763523	103.9463503
1.330763523	103.9463503
1.330763523	103.9463503
1.330763523	103.9463503
1.330763523	103.9463503
1.330763523	103.9463503
1.330763661	103.9463476
1.330766571	103.9484511
1.330766724	103.9484511
1.330777583	103.9500741
1.330778601	103.9449112
1.330781284	103.9453328
1.330800746	103.9484959
1.330800904	103.9484958
1.330804483	103.9433465
1.330804787	103.9472686
1.33080738	103.9494954
1.330816066	103.9424656
1.330820059	103.9255958
1.330829832	103.949274
1.330830307	103.9428768
1.330832644	103.9432446
1.330833155	103.9434198
1.330833433	103.9485402
1.330833975	103.9485401
1.330834852	103.9406411
1.330835017	103.9453118
1.330838327	103.9449562
1.330840601	103.9500632
1.33084597	103.943179
1.330847696	103.9450853
1.330851755	103.9492022
1.330861444	103.9475882
1.330861444	103.9475882
1.330864859	103.9451447
1.330868287	103.948584
1.330868831	103.9485838
1.330869297	103.9430002
1.330870947	103.9402108
1.330874651	103.9280591
1.330876141	103.9280599
1.330883588	103.9506178
1.330883615	103.9506177
1.330883615	103.9506177
1.330883615	103.9506177
1.330883615	103.9506177
1.330883615	103.9506177
1.330883615	103.9506177
1.330883615	103.9506177
1.330883615	103.9506177
1.330883615	103.9506177
1.330884272	103.9500307
1.330884531	103.9430621
1.330886287	103.9452934
1.33088973	103.9440109
1.330895484	103.9471389
1.330901991	103.948631
1.330902913	103.9499633
1.330902963	103.9486307
1.330903691	103.9428887
1.330908117	103.9424787
1.330909167	103.94373
1.330909172	103.9470688
1.330911679	103.9437316
1.330911679	103.9437316
1.330911679	103.9437316
1.330912502	103.9428244
1.330916192	103.9494495
1.330923303	103.9436177
1.330923303	103.9436177
1.330923303	103.9436177
1.33092654	103.9436198
1.330937488	103.9486747
1.330937745	103.9486747
1.330940078	103.9452727
1.330954894	103.9439895
1.330955468	103.9470387
1.330960912	103.9491392
1.33096871	103.94996
1.330968868	103.9494086
1.330970824	103.9487186
1.330970899	103.9487186
1.330975158	103.9424717
1.330978167	103.9460938
1.33097863	103.9460926
1.33097863	103.9460926
1.33097863	103.9460926
1.33097863	103.9460926
1.330981735	103.9336046
1.330982022	103.9482151
1.330982058	103.9482152
1.330983222	103.9498893
1.330988981	103.9456932
1.330988981	103.9456932
1.330991308	103.9452543
1.330994274	103.9456933
1.330995226	103.937244
1.331008235	103.9380668
1.331011518	103.9505216
1.331011545	103.9505215
1.331011545	103.9505215
1.331011545	103.9505215
1.331011545	103.9505215
1.331011545	103.9505215
1.331011545	103.9505215
1.331011545	103.9505215
1.331011545	103.9505215
1.331011545	103.9505215
1.331013518	103.9490987
1.331018629	103.9439687
1.331030374	103.9481788
1.33103043	103.9481788
1.331030434	103.9450448
1.331042852	103.9493123
1.331043248	103.9470623
1.331043695	103.946973
1.331045166	103.9452338
1.331049078	103.9355388
1.331050511	103.9498839
1.331059973	103.9300414
1.331076859	103.9481431
1.331076972	103.9481431
1.331084507	103.9469359
1.331089066	103.9292045
1.331089439	103.9425128
1.331090067	103.9460098
1.331090793	103.9498482
1.331096068	103.9452149
1.331097789	103.9492815
1.331098288	103.9460099
1.331098288	103.9460099
1.331098288	103.9460099
1.331098288	103.9460099
1.33109894	103.9474031
1.33109894	103.9474031
1.33111091	103.9442501
1.331115639	103.9456208
1.331115685	103.9456211
1.331123988	103.9481075
1.331124025	103.9481075
1.331129729	103.9220926
1.331131361	103.9469066
1.331131379	103.950432
1.331131405	103.9504319
1.331131405	103.9504319
1.331131405	103.9504319
1.331131405	103.9504319
1.331131405	103.9504319
1.331131405	103.9504319
1.331131405	103.9504319
1.331131405	103.9504319
1.331131405	103.9504319
1.331133474	103.943658
1.331134832	103.9498146
1.331141275	103.9473685
1.331141276	103.9473685
1.331141641	103.9432861
1.331149807	103.9451938
1.331157998	103.9442952
1.331158149	103.9425017
1.331161804	103.94395
1.331170665	103.9480725
1.331170885	103.9480725
1.331180405	103.9418579
1.331184963	103.9473351
1.331184966	103.9473351
1.331191174	103.9436541
1.331202911	103.949223
1.331203916	103.9443441
1.3312045	103.9459206
1.331204936	103.9459196
1.331204936	103.9459196
1.331204936	103.9459196
1.331204936	103.9459196
1.331208364	103.9432933
1.33120933	103.9469172
1.331210686	103.9451785
1.33121669	103.9442394
1.331217056	103.9480367
1.331217095	103.9480368
1.331219164	103.9347438
1.331219166	103.9347438
1.331219166	103.9347438
1.331228652	103.9473017
1.331228653	103.9473017
1.331230937	103.9439538
1.331234092	103.9462035
1.331242722	103.9436723
1.331245062	103.9312443
1.331250375	103.9443912
1.331250482	103.9491835
1.331252307	103.9468812
1.331254813	103.9430528
1.331254813	103.9430528
1.331261723	103.9503387
1.33126175	103.9503386
1.33126175	103.9503386
1.33126175	103.9503386
1.33126175	103.9503386
1.33126175	103.9503386
1.33126175	103.9503386
1.33126175	103.9503386
1.33126175	103.9503386
1.33126175	103.9503386
1.331263561	103.9480006
1.331263914	103.9480007
1.33126666	103.9425368
1.331269309	103.9431156
1.331272339	103.9472683
1.331272339	103.9472683
1.33127732	103.9429346
1.331285371	103.9428745
1.331291311	103.9496585
1.331291518	103.9495675
1.331296701	103.9444382
1.331297426	103.9439577
1.331297642	103.9436892
1.331300126	103.9468551
1.331310218	103.9268539
1.331310257	103.9479658
1.331310312	103.9479659
1.331311113	103.9253078
1.331311113	103.9253078
1.331311113	103.9253078
1.331313866	103.9253073
1.331314195	103.9458402
1.331316028	103.9472349
1.331316031	103.9472349
1.331316534	103.9433261
1.331322222	103.9458397
1.331322222	103.9458397
1.331322222	103.9458397
1.331322222	103.9458397
1.331327598	103.9284682
1.331328606	103.9425463
1.331332405	103.946807
1.331332844	103.9229538
1.33133674	103.949099
1.331344454	103.9444865
1.331355163	103.9436769
1.331357345	103.9479306
1.33135758	103.9479306
1.331359714	103.9472015
1.331359716	103.9472015
1.331364488	103.9439617
1.331366059	103.9467605
1.331367188	103.9442366
1.331370716	103.9425371
1.331374503	103.9487256
1.33137487	103.9487256
1.331379469	103.9495914
1.331381561	103.9502524
1.331381588	103.9502523
1.331381588	103.9502523
1.331381588	103.9502523
1.331381588	103.9502523
1.331381588	103.9502523
1.331381588	103.9502523
1.331381588	103.9502523
1.331381588	103.9502523
1.331381588	103.9502523
1.331384813	103.9490622
1.331385852	103.9433063
1.331392715	103.9457083
1.331392715	103.9457083
1.331392715	103.9457083
1.331392715	103.9457083
1.331392715	103.9457083
1.331392715	103.9457083
1.331393933	103.9467077
1.331395075	103.9457085
1.331402207	103.9478953
1.331402493	103.9478953
1.331403404	103.9471681
1.331403405	103.9471681
1.331409717	103.9436846
1.331421028	103.9486887
1.331421339	103.9486887
1.331423045	103.9495579
1.331426847	103.9482571
1.331429284	103.9439649
1.33143368	103.9368654
1.331433688	103.9368654
1.331436231	103.9482603
1.331436231	103.9482603
1.331438671	103.9442857
1.331445221	103.9445615
1.331447093	103.9471347
1.331447096	103.9471347
1.331449833	103.9478602
1.331450087	103.9478602
1.33145574	103.9354586
1.331460313	103.9409242
1.331464349	103.9436921
1.33146709	103.9495246
1.331468154	103.9486536
1.331468159	103.9486536
1.331483875	103.9324659
1.331488468	103.9324654
1.331490779	103.9471013
1.33149078	103.9471013
1.331493663	103.9278187
1.331495846	103.9433396
1.331496166	103.9439577
1.331498066	103.9478224
1.331498066	103.9478224
1.331498374	103.9478225
1.331500722	103.9446032
1.331503597	103.9456254
1.331504532	103.9456254
1.331504532	103.9456254
1.331504532	103.9456254
1.331504532	103.9456254
1.331504532	103.9456254
1.331504532	103.9456254
1.331505364	103.9431494
1.331510807	103.9494915
1.331513465	103.9443012
1.331514166	103.9430897
1.331514301	103.9486178
1.331514544	103.9486178
1.331518699	103.9436999
1.331530982	103.9429708
1.331542028	103.9470777
1.331543123	103.9498007
1.331543123	103.9498007
1.331543123	103.9498007
1.331543123	103.9498007
1.331543123	103.9498007
1.331543123	103.9498007
1.331543123	103.9498007
1.331543123	103.9498007
1.331545798	103.9425789
1.33154652	103.9470822
1.33154967	103.9497985
1.331551478	103.9429096
1.331552372	103.9375363
1.331552888	103.9446435
1.331554402	103.9494581
1.331557842	103.9493597
1.331560659	103.9443474
1.331561029	103.9439728
1.331561511	103.9291153
1.331561904	103.9485827
1.3315621	103.9485827
1.331562419	103.9489303
1.331562921	103.9447334
1.331563364	103.9433523
1.331596177	103.9488757
1.331596273	103.9454796
1.331596273	103.9454796
1.331596273	103.9454796
1.331596273	103.9454796
1.331596704	103.9454799
1.331601964	103.9470592
1.331601964	103.9470592
1.331605013	103.944684
1.331606321	103.9320324
1.331608633	103.9485465
1.331608694	103.9485465
1.331609653	103.9425722
1.331610688	103.9443901
1.331618222	103.9469565
1.331627792	103.9440121
1.331630267	103.9437145
1.331633531	103.9413713
1.331640712	103.9311677
1.331650832	103.9470314
1.331652755	103.9447301
1.331656138	103.9485107
1.331656224	103.9485107
1.331658804	103.944434
1.331659546	103.9500453
1.331661648	103.9500434
1.331661648	103.9500434
1.331661648	103.9500434
1.331661648	103.9500434
1.331661648	103.9500434
1.331661648	103.9500434
1.331661648	103.9500434
1.331661648	103.9500434
1.331661648	103.9500434
1.331661648	103.9500434
1.331661648	103.9500434
1.331678675	103.9493227
1.331682629	103.9437223
1.331683856	103.9223609
1.331684204	103.9404931
1.331691854	103.9440147
1.331696049	103.9246619
1.331702498	103.9484749
1.331702614	103.9484749
1.331707221	103.92678
1.331710479	103.9245863
1.331711022	103.9239511
1.331713173	103.94883
1.331717725	103.9447678
1.331721261	103.9492901
1.331725257	103.9444601
1.331727005	103.9426042
1.33173092	103.9269155
1.331734899	103.9437466
1.33174973	103.9484395
1.331749848	103.9484395
1.331773008	103.9242365
1.331773673	103.9445049
1.331775815	103.9462012
1.331775815	103.9462012
1.33177592	103.9245437
1.331779598	103.9488005
1.331782451	103.9392084
1.331786538	103.9433786
1.331791923	103.9437387
1.331795931	103.9484038
1.331796042	103.9484038
1.331798766	103.9493
1.331800008	103.9426035
1.33180346	103.9407859
1.331808798	103.9492232
1.331811679	103.9448375
1.331814964	103.9475737
1.33181497	103.9475737
1.331817066	103.9446582
1.331822174	103.9445497
1.331823911	103.9440926
1.33182425	103.9432126
1.331828382	103.9333383
1.331843282	103.9483688
1.331843684	103.9483688
1.331846449	103.9437468
1.331846608	103.943387
1.331848968	103.9448847
1.331852458	103.9491896
1.33185285	103.9430325
1.331862198	103.9441547
1.331863229	103.9487126
1.331866565	103.9299602
1.331880003	103.9323894
1.331889262	103.9483322
1.331889592	103.9483322
1.331898879	103.9486629
1.331900965	103.943755
1.33190105	103.9277438
1.331901501	103.9491608
1.331901834	103.9447371
1.331904464	103.9501978
1.331904585	103.9449167
1.331904934	103.9426008
1.331906404	103.9501972
1.331906404	103.9501972
1.331906404	103.9501972
1.331906404	103.9501972
1.331906404	103.9501972
1.331906404	103.9501972
1.331906404	103.9501972
1.331906404	103.9501972
1.331906404	103.9501972
1.331907243	103.9431456
1.331911024	103.944199
1.33193978	103.949123
1.331941005	103.9496573
1.331944131	103.9447818
1.331945284	103.9429597
1.331949287	103.9495034
1.331949943	103.9449551
1.331954364	103.9495019
1.331954364	103.9495019
1.331954364	103.9495019
1.331954364	103.9495019
1.331954364	103.9495019
1.331954364	103.9495019
1.331954364	103.9495019
1.331955651	103.9437634
1.331960236	103.9442428
1.33196248	103.9446668
1.331962497	103.9414676
1.331966776	103.9434031
1.331967807	103.9426417
1.331974032	103.9478536
1.331976818	103.9490818
1.331995507	103.9449964
1.332004824	103.9387684
1.332004845	103.9447141
1.332009275	103.9437711
1.33201773	103.9486147
1.332028832	103.9433954
1.332031257	103.9387941
1.332040607	103.9450328
1.332052748	103.9319593
1.33205316	103.9349351
1.332057047	103.9447502
1.332060932	103.9442374
1.332067277	103.9246213
1.332068689	103.9490257
1.332071389	103.9485867
1.332086412	103.9441197
1.332086868	103.9439475
1.332087062	103.9450748
1.332088576	103.9426413
1.332094419	103.943095
1.332097926	103.9447916
1.332104945	103.9420795
1.332123133	103.9310515
1.332134776	103.9448397
1.332136416	103.9451085
1.33213862	103.9490252
1.332142808	103.9337202
1.332148211	103.9426679
1.332149272	103.9404499
1.332150685	103.9434006
1.332156641	103.9439908
1.332157688	103.943134
1.332161756	103.9484977
1.332170163	103.9451655
1.332179218	103.9489856
1.332184163	103.944427
1.332188445	103.9448714
1.332194189	103.9484377
1.332200383	103.943956
1.33220171	103.9489247
1.332210349	103.9434095
1.332221574	103.9444735
1.332230319	103.9452109
1.33223354	103.9449118
1.332235047	103.9472443
1.332240197	103.9289062
1.332243113	103.9439196
1.332264047	103.9489152
1.332268518	103.9270366
1.332270909	103.942672
1.332273967	103.9445099
1.332278798	103.9449522
1.332284498	103.9438831
1.332285101	103.9430815
1.332289313	103.9479199
1.332310779	103.9483908
1.332311682	103.9438337
1.332315907	103.9488928
1.332317407	103.9363013
1.33231842	103.9445507
1.332324018	103.9449928
1.332325465	103.9479659
1.332326133	103.9293449
1.332330296	103.9433946
1.332333351	103.9453229
1.332334683	103.9380513
1.332336556	103.9304968
1.33233822	103.9431605
1.332339271	103.9499079
1.332339358	103.9499079
1.332339358	103.9499079
1.332339358	103.9499079
1.332339358	103.9499079
1.332339358	103.9499079
1.332339358	103.9499079
1.332339358	103.9499079
1.332346066	103.9426961
1.33235255	103.9453834
1.332354135	103.9437982
1.332355753	103.9487647
1.332363994	103.9445917
1.332364356	103.9483504
1.332367025	103.9450391
1.332367311	103.9442889
1.332368076	103.948023
1.332369697	103.9491912
1.332375353	103.94888
1.332378053	103.9491889
1.332378053	103.9491889
1.332378053	103.9491889
1.332378053	103.9491889
1.332378053	103.9491889
1.332378053	103.9491889
1.332378053	103.9491889
1.332378053	103.9491889
1.332378053	103.9491889
1.332387033	103.9454353
1.332389062	103.9434374
1.332391193	103.9437579
1.33239771	103.9267269
1.332402306	103.9255006
1.332403287	103.9480714
1.332405066	103.9255013
1.332408822	103.9446295
1.332410253	103.9443262
1.33241582	103.945486
1.33243519	103.9437143
1.332437494	103.942787
1.332444149	103.941298
1.332445321	103.9481316
1.332446732	103.9304767
1.33244992	103.945537
1.332450976	103.9446747
1.332451904	103.9443628
1.332456901	103.9431776
1.332461111	103.9427064
1.332465414	103.9423163
1.33246702	103.9451221
1.332472064	103.9348605
1.332475732	103.9455926
1.332480126	103.9481778
1.33248921	103.9456529
1.332496856	103.9444029
1.332497077	103.9447145
1.332500441	103.9451793
1.332502614	103.9385871
1.332502614	103.9385871
1.332508235	103.9436334
1.332509586	103.9494502
1.332517621	103.9427415
1.33252174	103.9482334
1.33252196	103.9494472
1.33252196	103.9494472
1.33252196	103.9494472
1.33252196	103.9494472
1.33252196	103.9494472
1.33252196	103.9494472
1.33252196	103.9494472
1.33252196	103.9494472
1.33252196	103.9494472
1.33252196	103.9494472
1.33252196	103.9494472
1.33252196	103.9494472
1.33252196	103.9494472
1.33252196	103.9494472
1.33252196	103.9494472
1.33252196	103.9494472
1.33252196	103.9494472
1.33252196	103.9494472
1.33252196	103.9494472
1.33252196	103.9494472
1.33252196	103.9494472
1.33252196	103.9494472
1.33252196	103.9494472
1.33252196	103.9494472
1.33252196	103.9494472
1.33252196	103.9494472
1.33252196	103.9494472
1.33252196	103.9494472
1.33252196	103.9494472
1.33252196	103.9494472
1.33252196	103.9494472
1.332530772	103.9452313
1.33253271	103.9431225
1.332538242	103.9444396
1.332540844	103.9389893
1.332546089	103.9403476
1.332546582	103.9447518
1.332548814	103.9403696
1.332553159	103.9482825
1.332560753	103.9452835
1.332561195	103.9435971
1.332567357	103.9459353
1.332568866	103.9453594
1.332576878	103.9486841
1.332581257	103.9456282
1.332582799	103.9444794
1.332586694	103.9282001
1.332589176	103.9447903
1.332611191	103.9435709
1.332617611	103.9459087
1.332621724	103.9455315
1.332624068	103.9445165
1.332627151	103.9281721
1.332629903	103.948654
1.332633801	103.9427668
1.332640631	103.9431922
1.332642745	103.9225043
1.332651727	103.9435341
1.33265405	103.9419673
1.332655382	103.9298315
1.332656396	103.9371401
1.332661324	103.9477037
1.332664916	103.9486089
1.332669055	103.9445555
1.332672357	103.9458785
1.332674465	103.9441057
1.33268274	103.9454959
1.33269318	103.9266174
1.332697768	103.9435038
1.332701406	103.9427808
1.332702787	103.9234567
1.332708496	103.9485755
1.332709409	103.9370616
1.332710639	103.9432226
1.332711319	103.9478473
1.332712261	103.9445912
1.332712406	103.9450295
1.332717308	103.9448931
1.332720536	103.9458518
1.332722639	103.944155
1.332730397	103.9448256
1.332733686	103.9479002
1.332737554	103.9454641
1.332740082	103.9362235
1.332740092	103.9362235
1.332743117	103.9434729
1.332750368	103.9449444
1.332752107	103.9485421
1.332756534	103.944632
1.332767827	103.9451434
1.332771961	103.9432178
1.332772884	103.9441959
1.332774978	103.9458217
1.332775027	103.9496171
1.332775027	103.9496171
1.332775027	103.9496171
1.332775027	103.9496171
1.332775027	103.9496171
1.332775027	103.9496171
1.332775027	103.9496171
1.332775027	103.9496171
1.332775027	103.9496171
1.332775563	103.9480114
1.332775784	103.9496165
1.332776789	103.9450012
1.332782122	103.9336483
1.332782122	103.9336483
1.332789037	103.9434422
1.332795435	103.9485084
1.332797643	103.9446677
1.33279827	103.9451956
1.332809349	103.9428013
1.332812111	103.9461596
1.332812469	103.945048
1.332816716	103.9480646
1.332825123	103.9457936
1.332831706	103.9442417
1.332833844	103.9434108
1.332835618	103.9462118
1.332842595	103.9451004
1.332846346	103.9484845
1.332858971	103.9222912
1.332860279	103.9462688
1.332865206	103.9394334
1.332872933	103.9451521
1.332873992	103.9310485
1.332879379	103.94338
1.33288221	103.9463194
1.332882776	103.9484416
1.332888998	103.9413097
1.332888999	103.9413097
1.332895954	103.9424242
1.33290354	103.9452042
1.332906762	103.946376
1.332913415	103.942823
1.332914984	103.9447752
1.332915413	103.9489489
1.332916088	103.9489493
1.332916088	103.9489493
1.332916088	103.9489493
1.332921292	103.9457247
1.332921363	103.9427351
1.332921748	103.9382402
1.33292468	103.9433492
1.332926401	103.9443779
1.33292645	103.948408
1.332928635	103.9464265
1.332930604	103.9452579
1.33293338	103.9465541
1.33293748	103.9464899
1.332938672	103.9448284
1.33295425	103.9226083
1.332956837	103.9382209
1.332958194	103.9453121
1.33296326	103.9292556
1.332965774	103.9399626
1.332969021	103.9448805
1.332970737	103.9466029
1.332971164	103.9456974
1.332975578	103.9306772
1.332976327	103.9443496
1.332980717	103.932599
1.332991949	103.9484026
1.332992711	103.9466561
1.332994564	103.9453602
1.332996511	103.9449284
1.333012659	103.9483154
1.333015739	103.9467746
1.333023472	103.9443218
1.333027355	103.9486562
1.333027699	103.9449797
1.333030946	103.9338073
1.333031927	103.9456804
1.333036982	103.9248122
1.333037367	103.9468269
1.333042939	103.9247742
1.333044872	103.9487146
1.33304798	103.9492618
1.33304798	103.9492618
1.33304798	103.9492618
1.33304798	103.9492618
1.33304798	103.9492618
1.33304798	103.9492618
1.333051765	103.9427932
1.333055669	103.9492609
1.333055726	103.9450265
1.333062671	103.946884
1.333066482	103.9310914
1.333066482	103.9310914
1.333066482	103.9310914
1.333071255	103.9487699
1.33307283	103.9456386
1.333075406	103.9442908
1.333083092	103.9469345
1.333086512	103.9450787
1.333092296	103.9488214
1.33310785	103.9469914
1.333113588	103.9451263
1.333118055	103.9488773
1.333123866	103.9442643
1.333126723	103.9456074
1.333128643	103.947042
1.333129919	103.9261531
1.333133304	103.9459897
1.333133353	103.9391109
1.333139675	103.9489283
1.333143464	103.9451787
1.333152865	103.9470989
1.333154867	103.9460424
1.333159952	103.9446378
1.333163774	103.9430953
1.33316551	103.948984
1.333172799	103.9452241
1.333174283	103.9455797
1.33317435	103.9471492
1.333175243	103.9442323
1.333175419	103.931265
1.333175419	103.931265
1.333179161	103.9460995
1.33318072	103.9218426
1.333186993	103.9472796
1.333187443	103.949035
1.333198141	103.9472065
1.333200629	103.94615
1.333204027	103.9429017
1.333207094	103.9446097
1.33321095	103.9431362
1.333212613	103.9490918
1.333219933	103.9305815
1.333224112	103.9442057
1.333224917	103.946207
1.33322815	103.9455483
1.333242978	103.9343323
1.333243717	103.9491403
1.333246391	103.9462575
1.333257449	103.943242
1.333259316	103.9445799
1.333264094	103.9448204
1.333264781	103.9403349
1.333266177	103.9492065
1.333266715	103.9473723
1.333270668	103.9463146
1.333275936	103.9441751
1.333277056	103.9455188
1.333291583	103.9432979
1.33329215	103.9463651
1.333296519	103.9474269
1.333297478	103.9492769
1.333298521	103.9366015
1.333300327	103.9236532
1.333305392	103.9409062
1.333307579	103.9445529
1.333311793	103.9447932
1.333316422	103.9464222
1.333322221	103.9458558
1.333324187	103.9441483
1.33334535	103.9464757
1.333351784	103.9459124
1.333356017	103.9465906
1.333357987	103.9268572
1.333358152	103.9268486
1.333358658	103.9447665
1.333359589	103.9445224
1.333367155	103.9291777
1.333373096	103.9434288
1.33337464	103.9454592
1.33337554	103.94597
1.333376445	103.9441183
1.333378123	103.9466431
1.333389164	103.9467057
1.333400119	103.9325194
1.333400122	103.9325194
1.333405937	103.9460185
1.333407029	103.9444939
1.333408756	103.9447371
1.333410583	103.943477
1.333411192	103.9467561
1.33341935	103.9460763
1.33342236	103.9440882
1.333424336	103.9454312
1.333424405	103.9468179
1.333431185	103.9479258
1.333431185	103.9479258
1.333441758	103.9461282
1.333446426	103.9451605
1.333446544	103.9468681
1.333447489	103.941968
1.333455548	103.9447105
1.333458079	103.9440766
1.333459515	103.9444643
1.333461825	103.9479857
1.333465724	103.946186
1.33346632	103.9479844
1.33347047	103.9469254
1.333477851	103.9435757
1.333477897	103.9480393
1.333478232	103.9453998
1.333482588	103.9375425
1.333482591	103.9375425
1.333484215	103.9450944
1.333484745	103.948042
1.333486881	103.9462362
1.333489263	103.9432011
1.33349257	103.9469756
1.33349737	103.9481083
1.333505711	103.9446812
1.333507042	103.944436
1.33350872	103.9400688
1.33351133	103.9462938
1.333511531	103.9481045
1.333516503	103.947033
1.33352423	103.9436252
1.333525765	103.9453721
1.33353049	103.9450597
1.333532404	103.946346
1.333533156	103.9437608
1.333540736	103.9470853
1.333541189	103.9231908
1.333541875	103.9432767
1.333542825	103.9481545
1.333542835	103.9481545
1.333543286	103.9304245
1.333547491	103.9481535
1.333549393	103.9482224
1.33355215	103.9446538
1.333559278	103.944406
1.333563029	103.9482183
1.333579787	103.9453409
1.333580162	103.9242187
1.333580223	103.9482682
1.333581007	103.9450388
1.333586948	103.948271
1.333602175	103.9446244
1.333608337	103.9443778
1.333614237	103.9483318
1.333614296	103.9426283
1.333620246	103.9483308
1.333620637	103.9433435
1.333621728	103.9412973
1.333627306	103.9453132
1.333631186	103.9483871
1.333632066	103.9450089
1.333637031	103.9483883
1.33364098	103.9437688
1.333643603	103.9472797
1.333648458	103.944597
1.333650131	103.9471887
1.333656615	103.943409
1.333659462	103.9456906
1.333674484	103.9345097
1.333677705	103.945746
1.333681191	103.9452818
1.333681462	103.9449866
1.333693456	103.9303969
1.333699237	103.9445684
1.333702425	103.9485279
1.333705232	103.9457997
1.333707247	103.9485267
1.333708856	103.9439435
1.33371332	103.9270203
1.333714793	103.9485816
1.333722722	103.9485836
1.333722809	103.9365177
1.333726101	103.9458506
1.333728396	103.9449522
1.333728694	103.9452541
1.333734159	103.9486502
1.33374828	103.9486467
1.333751189	103.9459073
1.333751208	103.9445352
1.333756232	103.9439921
1.333762121	103.9479393
1.333762752	103.9435489
1.33376769	103.9486972
1.333771924	103.9459584
1.333774752	103.9449254
1.333776349	103.9486983
1.333778816	103.9450407
1.333782584	103.9452227
1.333787135	103.9487689
1.333796644	103.9460153
1.333797376	103.9436733
1.333801374	103.9487647
1.333815534	103.9435988
1.333817663	103.946066
1.333821047	103.9478964
1.333831429	103.9451932
1.333834625	103.9488835
1.333837448	103.9488151
1.333837502	103.9488151
1.333841212	103.9461235
1.333848227	103.9456858
1.333851334	103.9488791
1.333858586	103.9489401
1.333864771	103.9461747
1.333869483	103.9489397
1.333869993	103.9420567
1.333869994	103.9420567
1.333875499	103.9482154
1.333875868	103.9478713
1.333876734	103.9428835
1.33388901	103.9321503
1.333894104	103.9437336
1.3339023	103.9442839
1.333905265	103.9456607
1.333906548	103.9374584
1.333911492	103.9281586
1.333926626	103.9478493
1.333926958	103.9481937
1.333932177	103.9394703
1.333950286	103.9438197
1.33395138	103.9449117
1.33395424	103.9489066
1.33396766	103.9443787
1.333973451	103.9449739
1.333982515	103.9481684
1.333984849	103.9478347
1.333990987	103.9442005
1.334016934	103.9464285
1.334018967	103.9450376
1.334027564	103.943961
1.334031943	103.9481446
1.334034849	103.9478029
1.334045381	103.9450965
1.334053788	103.946315
1.334068745	103.946417
1.334070178	103.9440222
1.33408655	103.9477794
1.334088157	103.948125
1.334134765	103.9480886
1.334136869	103.9460467
1.334137463	103.9459752
1.334138103	103.9453383
1.33414168	103.945244
1.334144869	103.9296392
1.33415304	103.9457253
1.334154644	103.9434889
1.334158965	103.945803
1.334180926	103.9441371
1.334181319	103.9445643
1.33418579	103.9454845
1.334191739	103.9253866
1.334199968	103.9455553
1.334215516	103.9291298
1.334215519	103.9291298
1.334219857	103.947754
1.334228212	103.9480386
1.334230689	103.9442171
1.334233274	103.9398431
1.334255149	103.9446132
1.334258494	103.9477192
1.334269461	103.9265423
1.334277655	103.9476205
1.334287005	103.9435745
1.334294827	103.9474312
1.334294829	103.9474312
1.334306644	103.9447424
1.334319593	103.9473509
1.334341639	103.9472172
1.33435472	103.930612
1.334355934	103.9390327
1.334356628	103.9471357
1.334359032	103.9448089
1.334376151	103.9470064
1.334377236	103.9436307
1.334381811	103.9444204
1.334395061	103.943757
1.334406636	103.9469322
1.334442126	103.9444921
1.334444926	103.943817
1.334457948	103.9467707
1.33445895	103.9370871
1.334459531	103.9449143
1.334470929	103.9467017
1.334484667	103.9379247
1.334486336	103.9464666
1.334493234	103.9446206
1.334498577	103.9465562
1.334501468	103.9449784
1.334516247	103.9439311
1.334516784	103.9463496
1.334519473	103.9350284
1.334527224	103.9446886
1.334536599	103.9444891
1.334561177	103.9436413
1.3345636	103.9439998
1.334564982	103.9462749
1.334567882	103.9461221
1.334576637	103.9450947
1.334576838	103.9460526
1.334601139	103.9294453
1.334615376	103.9451997
1.334618739	103.9459191
1.334619485	103.9453288
1.334621334	103.9447992
1.334632875	103.9458319
1.334654305	103.9456915
1.334658333	103.9319875
1.334663135	103.9419772
1.334668476	103.9447312
1.334673077	103.9456114
1.334679987	103.9436911
1.334682165	103.9448533
1.334692249	103.9443344
1.334695097	103.9453546
1.334703522	103.9290409
1.334707915	103.9454281
1.334712915	103.9452231
1.334725373	103.9412349
1.334743874	103.9449797
1.334758389	103.9442698
1.334783663	103.9437305
1.334804286	103.9450453
1.334829009	103.9451992
1.334832918	103.9444648
1.334840353	103.9306378
1.334841495	103.9437562
1.334883942	103.9442064
1.334898799	103.9445296
1.334902876	103.9278382
1.334947447	103.9441471
1.335171404	103.9405447