1.314513853	103.9342865
1.31452986	103.9343059
1.314594303	103.934923
1.31460174	103.9349945
1.314617151	103.9351838
1.314618663	103.9351282
1.314619568	103.9347619
1.314619568	103.9347619
1.314619568	103.9347619
1.314623712	103.9352451
1.314626707	103.9347595
1.31463029	103.9352981
1.314636293	103.9346462
1.314641181	103.9353587
1.314641372	103.9354131
1.31464751	103.9355302
1.31465165	103.9354738
1.314654334	103.9355864
1.314704731	103.9358956
1.314705104	103.9358155
1.314705637	103.9351759
1.31474025	103.9361466
1.314747807	103.9362423
1.314771486	103.9364896
1.314785355	103.936684
1.314789176	103.9365686
1.31479272	103.9367545
1.314792966	103.9343528
1.314804495	103.9368913
1.314808376	103.9369512
1.314824859	103.9341789
1.314825702	103.9370727
1.314838486	103.9371428
1.314839256	103.9376665
1.314860418	103.9373386
1.314863227	103.9343531
1.31487196	103.9372819
1.314876341	103.9374801
1.314881496	103.9375345
1.314885765	103.9361239
1.314912183	103.9353889
1.314912354	103.9377304
1.314912363	103.9377304
1.314923449	103.9357989
1.314924947	103.9378713
1.31493318	103.9346466
1.314939846	103.9379291
1.314958457	103.9348276
1.314959093	103.9351749
1.314960429	103.9347722
1.314962963	103.9360897
1.314968374	103.9347145
1.314968788	103.9349391
1.314972845	103.9348842
1.314975332	103.9350528
1.314977354	103.9364141
1.314979232	103.9390698
1.314982037	103.9349963
1.314982461	103.9364917
1.314985703	103.9366089
1.314987591	103.9351085
1.314995447	103.9353703
1.315000526	103.93669
1.315014966	103.9357562
1.315032936	103.9343772
1.315033566	103.9368826
1.315040561	103.9368137
1.315053091	103.9393006
1.315059777	103.937065
1.315060927	103.9342036
1.315062911	103.9393611
1.315063495	103.9369706
1.315065231	103.9371968
1.315067064	103.9394215
1.315072008	103.9360347
1.315072435	103.9372755
1.315076443	103.9394809
1.315077109	103.9391149
1.31508083	103.9395439
1.315088817	103.937388
1.315090676	103.9396078
1.315099819	103.935348
1.315102231	103.9375846
1.315102505	103.9397422
1.31510343	103.9343779
1.315110272	103.9374571
1.315116952	103.9398177
1.31512768	103.9377961
1.315130702	103.93765
1.31514246	103.9360149
1.315143367	103.9378803
1.315146414	103.9399898
1.31514671	103.935716
1.31517542	103.9353306
1.315196139	103.9404161
1.31520666	103.9343289
1.315215761	103.9391034
1.315229653	103.933965
1.315246516	103.9356864
1.31524672	103.9359775
1.315267648	103.9342924
1.315270852	103.9403799
1.315273918	103.9394693
1.315280494	103.9392819
1.315280643	103.9395547
1.315317196	103.9390654
1.315319001	103.9342991
1.315321898	103.9359615
1.315328454	103.935295
1.315331766	103.9397634
1.315332445	103.9362761
1.315336067	103.9348649
1.315337242	103.9349217
1.315337966	103.9346861
1.315339972	103.9364677
1.315340797	103.9365467
1.315342515	103.9350333
1.315343057	103.9363533
1.315344046	103.9348089
1.315347811	103.9349762
1.315350108	103.9347518
1.315354351	103.9407685
1.315355002	103.9356865
1.315355931	103.9350882
1.315357843	103.9399319
1.315358627	103.9351548
1.315374234	103.934308
1.315379841	103.9400177
1.315379966	103.9366691
1.315383554	103.9352881
1.315383785	103.9368565
1.315385104	103.9356364
1.315394839	103.9403621
1.315403607	103.9367207
1.315426587	103.9369089
1.315428421	103.9343161
1.315429357	103.9349164
1.315430634	103.9390906
1.315434326	103.9371188
1.315440633	103.937048
1.315440981	103.9359161
1.315454551	103.9356102
1.315461524	103.9372394
1.315465613	103.94041
1.315468016	103.9372937
1.315482342	103.9374304
1.315483605	103.9390809
1.31548409	103.937495
1.315486017	103.9362277
1.315498701	103.9359124
1.315515867	103.9376176
1.315518831	103.9376764
1.315519269	103.9378385
1.315529045	103.9366233
1.315542251	103.9403354
1.315559418	103.939036
1.315559839	103.9362949
1.315571568	103.9366979
1.315572622	103.9364185
1.315579223	103.9364905
1.315582403	103.9419092
1.315588691	103.9355557
1.315597951	103.9420794
1.315605133	103.9374229
1.315612683	103.9390257
1.315613026	103.9403834
1.315614921	103.9358519
1.315620608	103.9343197
1.31562155	103.9350179
1.315621789	103.9342663
1.315622232	103.9344343
1.315622913	103.9344989
1.315628506	103.9343809
1.315628542	103.9368183
1.315629382	103.936891
1.315630339	103.9348568
1.315636703	103.9384138
1.315651451	103.9351833
1.315653396	103.9351297
1.315655733	103.9392902
1.315657608	103.9348015
1.315657675	103.9370294
1.315658297	103.9347435
1.315658545	103.9349109
1.315659062	103.9350719
1.315659419	103.9349625
1.315659658	103.9346927
1.31566008	103.9395116
1.315660252	103.935236
1.315664674	103.9370831
1.315665691	103.9385339
1.315670028	103.9393763
1.31567193	103.9372143
1.315674823	103.9395941
1.315677006	103.9358374
1.315682578	103.9355139
1.315684251	103.9422291
1.315688099	103.9372808
1.315689968	103.9403082
1.315692115	103.9374913
1.315696974	103.9374127
1.315698104	103.9426957
1.315699661	103.9344822
1.315701116	103.9376174
1.315712872	103.9390284
1.315716592	103.939746
1.315728578	103.9399027
1.315737947	103.9399731
1.315738665	103.9431321
1.315742291	103.9431971
1.315746004	103.9376763
1.315760475	103.9403564
1.315772153	103.9432884
1.315775426	103.9337047
1.315781481	103.9414245
1.315782491	103.9432339
1.315788289	103.9374703
1.315789045	103.9433333
1.315801431	103.9433798
1.315805067	103.9389632
1.315813843	103.9378083
1.315818853	103.9357442
1.315822883	103.9354777
1.315839223	103.9402826
1.315866019	103.9434444
1.315866928	103.9389499
1.315894183	103.9354512
1.31590302	103.9391232
1.315904292	103.9395134
1.315908342	103.9394356
1.315908534	103.9360922
1.315909997	103.9403306
1.315919254	103.9423029
1.315921111	103.9362777
1.315923468	103.9361643
1.315929274	103.9389389
1.315937419	103.939636
1.315942038	103.9363481
1.31594227	103.9364693
1.315946536	103.9359201
1.31595058	103.9431342
1.315968203	103.9398373
1.315975082	103.9343499
1.3159773	103.9367163
1.315980084	103.9351265
1.315980171	103.939704
1.315981185	103.9366486
1.315984697	103.9365244
1.315985456	103.9436972
1.315986958	103.9344857
1.315987987	103.9346086
1.315988074	103.9346561
1.315988463	103.9402573
1.315988707	103.9345409
1.315990413	103.9389287
1.315998482	103.9349486
1.315999257	103.9368356
1.316000102	103.934838
1.316000226	103.9350061
1.316000819	103.9347225
1.316000953	103.9348912
1.31600217	103.9347719
1.316004653	103.9350626
1.316010219	103.9405621
1.316010617	103.9370264
1.316010877	103.9391751
1.316013036	103.9399061
1.316020563	103.9369013
1.316030936	103.9372116
1.31603526	103.9354038
1.316038356	103.9372609
1.316042899	103.937088
1.316051563	103.9367475
1.316052554	103.943781
1.316053197	103.9373971
1.316059238	103.9403053
1.316062495	103.9426082
1.316077346	103.937575
1.316096806	103.93778
1.316105165	103.9374561
1.316108051	103.9376361
1.316132231	103.9353555
1.316134776	103.9357479
1.316135115	103.9433089
1.316146133	103.9429902
1.316149777	103.9431884
1.316150493	103.9402195
1.3161746	103.9432508
1.316175947	103.9434145
1.316178785	103.9359313
1.316184605	103.9433599
1.316189683	103.9358557
1.316206205	103.9421875
1.316210174	103.9401909
1.316210702	103.9391443
1.316215102	103.9360733
1.316216772	103.9348767
1.31621992	103.9388865
1.316221609	103.9361418
1.31622485	103.9413702
1.316232649	103.943695
1.316238493	103.9356192
1.316244079	103.9394402
1.316244958	103.9364837
1.316246072	103.9362751
1.31625314	103.9393609
1.316270423	103.9352989
1.316274339	103.9363523
1.316282633	103.9396486
1.316283107	103.9395718
1.316288998	103.9440893
1.316292982	103.944167
1.316297563	103.9436977
1.316307035	103.9439619
1.316313044	103.9397798
1.316314294	103.9365554
1.316330575	103.9438729
1.316332741	103.939031
1.316336575	103.9366731
1.316336596	103.9368881
1.31633662	103.9398625
1.31634152	103.9367582
1.316341526	103.9388637
1.316344096	103.940176
1.316345054	103.9406712
1.316350174	103.9371437
1.316351532	103.9369683
1.316354539	103.9378102
1.316354542	103.9378102
1.316355066	103.9442843
1.316358816	103.9436974
1.316358838	103.9443635
1.31636142	103.9352683
1.316372481	103.9370769
1.31638697	103.9355586
1.316389449	103.9372622
1.316399483	103.940159
1.316402186	103.9373361
1.316405217	103.9445981
1.316410877	103.9444719
1.316417006	103.9445385
1.316417433	103.9381655
1.316419319	103.9436896
1.316436816	103.9375506
1.316442883	103.9374609
1.316453784	103.9384554
1.316454205	103.9396242
1.316459741	103.9430206
1.316460266	103.9355162
1.316460457	103.9392974
1.316464397	103.9377677
1.316478489	103.9436839
1.316482839	103.9394157
1.316493909	103.9395402
1.316521981	103.9377569
1.31652638	103.9427731
1.316530672	103.9389667
1.316535762	103.9432563
1.316541155	103.93817
1.316545028	103.9436864
1.316545255	103.9397421
1.316553579	103.940146
1.316563329	103.9398102
1.316563751	103.9425617
1.316588684	103.9354884
1.316590996	103.9384394
1.316595831	103.9381595
1.316604118	103.9389685
1.316612212	103.9377324
1.316614679	103.9423312
1.316615109	103.9401159
1.316634338	103.9358274
1.316648912	103.9384289
1.316654258	103.9436707
1.316659507	103.9359201
1.316661921	103.9421576
1.316664531	103.9443566
1.316667574	103.9354683
1.31667909	103.9416154
1.316680221	103.9360702
1.316681943	103.9338781
1.316684712	103.9377197
1.316691833	103.944567
1.316694026	103.9440536
1.316697556	103.9361711
1.316700663	103.9381738
1.316708037	103.9407818
1.316716804	103.9436652
1.316718804	103.9427675
1.316718963	103.944491
1.316728344	103.9364266
1.316728707	103.936314
1.316730248	103.9389315
1.316740155	103.9424881
1.316746157	103.9423554
1.316747348	103.9393285
1.316749297	103.9401059
1.316749323	103.9425878
1.316757204	103.9384181
1.316760734	103.938155
1.316765496	103.9365551
1.316775608	103.9436598
1.316783628	103.9432214
1.316785015	103.9366646
1.316792208	103.9430104
1.316795484	103.942124
1.316802341	103.938411
1.316802341	103.938411
1.31680835	103.9368076
1.316813607	103.9389333
1.316832462	103.9401033
1.316832975	103.9369033
1.31683438	103.9394187
1.316837446	103.9436555
1.3168429	103.9370411
1.316852754	103.937096
1.316862547	103.9421138
1.316881874	103.939685
1.316886158	103.9397595
1.316893003	103.9371713
1.316895181	103.943633
1.316921613	103.9389384
1.316927877	103.937727
1.316930591	103.9373957
1.316934399	103.935362
1.31694412	103.9374664
1.316958155	103.9436484
1.316965362	103.9393817
1.316966692	103.9401349
1.316979036	103.9380302
1.316985395	103.9354383
1.316992923	103.9381115
1.317009386	103.9381926
1.317020981	103.9436438
1.317021982	103.9368518
1.317028692	103.9393697
1.317039067	103.9401852
1.317045937	103.9388856
1.317055044	103.9396964
1.317066966	103.9355549
1.317069049	103.9421308
1.317076393	103.9368982
1.317076461	103.9403213
1.31707698	103.9376519
1.317097292	103.9403906
1.317113203	103.9444133
1.317115731	103.938872
1.317121731	103.9444835
1.317122636	103.9380801
1.317124947	103.9356447
1.317126961	103.9397078
1.317137583	103.9383407
1.317140542	103.9406006
1.317155329	103.9445972
1.317159901	103.9393603
1.317166561	103.9423486
1.317170852	103.9404949
1.317174774	103.9427597
1.317175172	103.9371644
1.317175677	103.9446699
1.317176231	103.942826
1.317177801	103.9428939
1.31717965	103.9429665
1.317180298	103.9380599
1.317180713	103.9425109
1.317181798	103.9430368
1.317183831	103.943107
1.317186197	103.9431826
1.317187661	103.9432579
1.317190239	103.9433365
1.317194518	103.944668
1.317194518	103.944668
1.317199377	103.9374724
1.317213506	103.9369534
1.317213981	103.9365566
1.317220901	103.9393498
1.317222526	103.9406885
1.317223575	103.9357688
1.317234729	103.9387643
1.317248425	103.940886
1.31724943	103.9396813
1.317253471	103.9379722
1.317255158	103.9383365
1.317255955	103.944005
1.317258053	103.9374485
1.317259127	103.9365963
1.317263666	103.9416659
1.317269385	103.9366731
1.317269718	103.9398679
1.317272735	103.935864
1.317280762	103.9407277
1.317290874	103.9409587
1.317304288	103.9415979
1.317306674	103.9370064
1.317308296	103.9396358
1.317308617	103.9428509
1.317309047	103.9427842
1.31730906	103.9431084
1.317309208	103.9429772
1.317309224	103.9430411
1.317309462	103.9429147
1.317309806	103.9432455
1.31730982	103.9431769
1.317309991	103.9383313
1.317310078	103.9433161
1.317312331	103.9387408
1.317314984	103.937934
1.317317361	103.9366218
1.317322074	103.9467998
1.317324294	103.9363608
1.317331036	103.9399314
1.317358875	103.938299
1.3173671	103.9366526
1.317367624	103.9400544
1.317373204	103.9393318
1.317376303	103.9359725
1.317380085	103.9363858
1.317384313	103.9436711
1.317393397	103.9378535
1.317396891	103.9373996
1.317399099	103.9391242
1.317399662	103.936579
1.317402731	103.940113
1.317403476	103.942384
1.317408066	103.9414799
1.31741371	103.9360209
1.317415146	103.9420956
1.317418955	103.9382912
1.317420362	103.9366838
1.31742256	103.9402331
1.317427846	103.9389823
1.317429199	103.939688
1.317429294	103.9393276
1.317429353	103.9430714
1.31742951	103.9431532
1.317430219	103.9364216
1.317435963	103.9386855
1.317448889	103.9378035
1.317455407	103.9373772
1.317461722	103.9428788
1.317467278	103.9428016
1.31746916	103.936046
1.317470542	103.9432574
1.317472274	103.9414185
1.317474781	103.9433
1.317475003	103.936706
1.317476257	103.9430706
1.317476401	103.9431524
1.317481682	103.9364532
1.31748625	103.9402901
1.31748674	103.9371167
1.317506602	103.9380583
1.317508599	103.9419739
1.3175105	103.9398751
1.317516334	103.9404128
1.317517702	103.938673
1.317521955	103.9360743
1.317526489	103.9367414
1.317527908	103.9396375
1.317536864	103.9364806
1.317536948	103.9428809
1.317546122	103.9404781
1.317551805	103.9381889
1.317566181	103.9382429
1.317572351	103.9412562
1.317576322	103.9361046
1.317577047	103.9367737
1.317579141	103.9379872
1.317580828	103.9383016
1.317584711	103.9365174
1.317591329	103.9398955
1.317591336	103.9383554
1.317592131	103.9371505
1.317593262	103.9428828
1.317607874	103.9377848
1.317608182	103.9379366
1.317610828	103.9405818
1.317616808	103.9374256
1.317619299	103.9418573
1.317627241	103.9361346
1.317630169	103.9368049
1.317639031	103.9365445
1.317648059	103.9406571
1.317652585	103.9424356
1.317656403	103.939614
1.317677452	103.941718
1.317677538	103.9368344
1.317678177	103.9473975
1.317678642	103.9361685
1.317691067	103.9374622
1.317693484	103.9365695
1.317702212	103.9402181
1.317703798	103.9386396
1.317706776	103.9455907
1.317706782	103.9455907
1.317707781	103.9393164
1.317717874	103.9396171
1.317723214	103.9469022
1.317728408	103.9408584
1.317731462	103.9361958
1.317745276	103.9372387
1.317747365	103.9365997
1.317762157	103.9416193
1.317764094	103.9409282
1.317765095	103.9398931
1.317771659	103.9386248
1.317777767	103.9390671
1.317780096	103.9368919
1.317781976	103.9391325
1.317784092	103.9388304
1.317784311	103.9402467
1.317786386	103.936225
1.317787634	103.9392527
1.317800627	103.936628
1.317815192	103.9405086
1.31783151	103.93729
1.317833642	103.9369227
1.317834701	103.9490724
1.317835568	103.9362494
1.317836689	103.941044
1.317838927	103.937549
1.317839534	103.9415247
1.317845248	103.9399101
1.317848038	103.9396508
1.317848199	103.9381787
1.317861687	103.940462
1.317862604	103.9437304
1.317865348	103.9424498
1.317866614	103.9421485
1.317866952	103.9425781
1.317876304	103.941083
1.317888241	103.9369498
1.317890918	103.9463386
1.317891381	103.9419044
1.317891386	103.9419044
1.317899649	103.9366905
1.317904653	103.9430251
1.317912371	103.9396898
1.317921073	103.9333962
1.317924071	103.9376104
1.317925108	103.9384858
1.317928048	103.9485118
1.317928048	103.9485118
1.317928048	103.9485118
1.317928048	103.9485118
1.317928048	103.9485118
1.317929061	103.9393277
1.317938747	103.9363074
1.31793931	103.9369826
1.317940965	103.9385471
1.317942294	103.9408608
1.317949124	103.9403043
1.317950977	103.9367182
1.317951782	103.9382175
1.317953484	103.9485044
1.317957911	103.938612
1.317958084	103.941189
1.31796109	103.938042
1.317974631	103.9386729
1.317974896	103.9399644
1.317977311	103.9373815
1.317985149	103.9393477
1.317989311	103.9363428
1.317998204	103.9370021
1.31799867	103.9376077
1.317999294	103.9403474
1.318000145	103.9367535
1.318003214	103.9408121
1.318005525	103.9492689
1.318006348	103.9412271
1.318010141	103.9388228
1.318011825	103.9487693
1.318016815	103.9389728
1.318023672	103.9388784
1.318029206	103.9492093
1.3180299	103.9493258
1.318030551	103.9397202
1.318041203	103.9366842
1.318042348	103.947666
1.318042704	103.9363746
1.318043575	103.9493773
1.318044728	103.9370418
1.318050608	103.9390213
1.318051004	103.9399891
1.318056612	103.9367773
1.318058668	103.949427
1.318060276	103.9406947
1.318069996	103.9374389
1.31807391	103.9494783
1.31807993	103.9491771
1.318092439	103.9495275
1.318093816	103.9364038
1.318097482	103.9390883
1.318097628	103.939754
1.318100146	103.9370671
1.318102585	103.9406512
1.318105545	103.9394071
1.318109246	103.9368115
1.318111725	103.9379121
1.318118568	103.9491484
1.318123492	103.9496333
1.318130979	103.941036
1.318133809	103.9496836
1.318143752	103.9364411
1.318149143	103.9497341
1.318152482	103.9370957
1.318160844	103.9368391
1.318163025	103.949783
1.318163807	103.9491127
1.318171229	103.9409947
1.318171234	103.9473047
1.318176055	103.9393997
1.318179294	103.9498387
1.318182888	103.9467537
1.318192997	103.9498884
1.318196479	103.9377906
1.318197909	103.9371426
1.318198689	103.9364642
1.318198876	103.948707
1.318201165	103.9431108
1.31820539	103.9398085
1.318207912	103.9490804
1.318209106	103.949944
1.318212208	103.9405715
1.318214996	103.9368681
1.31822339	103.9499951
1.318225702	103.9423603
1.318229857	103.9424987
1.318230042	103.9425651
1.318233533	103.937729
1.318233869	103.9400761
1.318235051	103.9495697
1.318235765	103.9399101
1.318239196	103.9500499
1.318241181	103.941969
1.318248879	103.9408902
1.318251494	103.9421701
1.318251768	103.9422967
1.318252893	103.9501003
1.318252898	103.9364945
1.318253603	103.9420826
1.31825367	103.9490455
1.3182543	103.941877
1.318254834	103.9371627
1.318264973	103.9369021
1.318268085	103.9501524
1.318272358	103.9376681
1.318276995	103.9495366
1.31827783	103.9384188
1.318279175	103.9413032
1.31827919	103.9413032
1.31827919	103.9413032
1.31827919	103.9413032
1.318279658	103.9405413
1.318282328	103.9501992
1.318286638	103.9454818
1.318292199	103.9497718
1.318295505	103.9490144
1.318296305	103.9502508
1.318296526	103.9408348
1.31829977	103.9394545
1.318304742	103.9365233
1.318305251	103.948289
1.318307385	103.938019
1.318309091	103.948287
1.318309091	103.948287
1.318309091	103.948287
1.318309091	103.948287
1.318310661	103.9503002
1.318317441	103.9369326
1.318317467	103.9385136
1.318328337	103.9503756
1.31833267	103.9402243
1.318332941	103.9385698
1.318335022	103.9495059
1.318343032	103.941364
1.318343069	103.941364
1.318343069	103.941364
1.318343069	103.941364
1.318343274	103.9499574
1.318351742	103.9497314
1.318352659	103.950449
1.3183592	103.9387135
1.318360849	103.9365514
1.318365257	103.9399223
1.31836531	103.9493917
1.318366248	103.9504991
1.318367301	103.9492884
1.318367332	103.9493393
1.318367542	103.9369646
1.318368252	103.9492325
1.318368456	103.9491801
1.318373901	103.9494526
1.318377486	103.9386533
1.318379356	103.9402695
1.318382958	103.950554
1.318391459	103.9388651
1.318392782	103.9375815
1.318396881	103.9506066
1.318397658	103.9387561
1.318398965	103.9394455
1.318400737	103.949917
1.318403759	103.9389197
1.318405331	103.9414407
1.318406166	103.9414411
1.318406166	103.9414411
1.318406166	103.9414411
1.318406913	103.9407586
1.318412426	103.93658
1.31841298	103.9415828
1.318412983	103.9415828
1.318412983	103.9415828
1.318412983	103.9415828
1.318413505	103.9496899
1.318413758	103.9506633
1.318413951	103.9414264
1.318417784	103.9389749
1.318419323	103.9419245
1.318424759	103.9375273
1.318426108	103.9399643
1.318427063	103.9507121
1.318428389	103.9412178
1.318444261	103.9507657
1.318444302	103.9406984
1.31844934	103.9384318
1.318458886	103.9508191
1.318459255	103.9411545
1.31845978	103.948483
1.31845978	103.948483
1.31845978	103.948483
1.31845978	103.948483
1.31845978	103.948483
1.31845978	103.948483
1.31845978	103.948483
1.31845978	103.948483
1.31845978	103.948483
1.31845978	103.948483
1.31845978	103.948483
1.31845978	103.948483
1.31845978	103.948483
1.318460442	103.9395729
1.318464081	103.9390791
1.318464373	103.949878
1.318475894	103.9508745
1.318479581	103.9403673
1.318480504	103.9373844
1.318481068	103.9391493
1.31848165	103.9421737
1.318482405	103.9415139
1.318482405	103.9415139
1.318482405	103.9415139
1.318483063	103.9415142
1.318483182	103.9419162
1.318485977	103.9422306
1.318486813	103.9372556
1.318489724	103.950925
1.31849283	103.9355673
1.318493779	103.9438725
1.318495873	103.9423389
1.318497134	103.9425594
1.31850058	103.9421153
1.318502513	103.9384132
1.318503537	103.9400629
1.318505217	103.9422829
1.318505921	103.9423929
1.318506068	103.9377565
1.318506491	103.9509757
1.318506864	103.9424503
1.318507639	103.9425023
1.318509108	103.9426119
1.318512685	103.9366387
1.318515451	103.9482257
1.318515451	103.9482257
1.318515451	103.9482257
1.318515451	103.9482257
1.318515451	103.9482257
1.318515451	103.9482257
1.318515451	103.9482257
1.318515451	103.9482257
1.318515451	103.9482257
1.318515451	103.9482257
1.318515451	103.9482257
1.318515451	103.9482257
1.318515451	103.9482257
1.318516646	103.9396064
1.318518637	103.9510208
1.318525805	103.9505339
1.318528611	103.9504613
1.318533325	103.951073
1.318537009	103.9373322
1.318537981	103.9419229
1.318539992	103.9410004
1.318540336	103.9404009
1.318548208	103.9511224
1.318548682	103.939276
1.318551842	103.9397163
1.318559448	103.9414106
1.318561044	103.9371267
1.318562158	103.9366711
1.318562212	103.9503973
1.318562561	103.9511748
1.318563483	103.9393541
1.318574054	103.9460809
1.318577029	103.9512233
1.318577719	103.9481222
1.318578845	103.9503262
1.318585091	103.950062
1.318586649	103.938325
1.318587444	103.940078
1.318593491	103.9512772
1.31859556	103.9419248
1.318597723	103.9378048
1.318605075	103.9413714
1.318608375	103.9513291
1.318608533	103.9465235
1.318610545	103.9410014
1.318613795	103.9501088
1.318614231	103.9371566
1.318619357	103.9385977
1.318619713	103.936697
1.318620326	103.9508658
1.318623765	103.9513842
1.318624252	103.9507936
1.318631553	103.9405061
1.3186359	103.9386725
1.318637357	103.9514325
1.318640998	103.9501557
1.31864893	103.941941
1.31865039	103.9382978
1.318652057	103.9413391
1.318652522	103.9388081
1.318657113	103.9507289
1.318658667	103.9401999
1.318659222	103.938893
1.318668399	103.9367296
1.318669745	103.9397221
1.318670387	103.9451056
1.318670499	103.9501998
1.318674185	103.940548
1.318677822	103.9374586
1.318682139	103.9506606
1.318698468	103.950247
1.318700972	103.9494951
1.318702761	103.9516366
1.318702935	103.9402407
1.318705361	103.938423
1.318705708	103.9505963
1.318706029	103.9419257
1.318709243	103.9511545
1.318710813	103.9413217
1.318713336	103.9382708
1.318715023	103.9491193
1.318715213	103.9390071
1.318717038	103.9470124
1.318722294	103.9505331
1.318722473	103.9367604
1.318723681	103.9378611
1.318724845	103.9502891
1.31873008	103.9409001
1.318735826	103.9450867
1.318735837	103.9450867
1.318735837	103.9450867
1.318736079	103.9457156
1.318744035	103.9510936
1.31875087	103.9372366
1.318750888	103.9433639
1.318751183	103.9412814
1.318754345	103.950337
1.318755986	103.9513353
1.318758257	103.9419276
1.318764209	103.9496569
1.318764536	103.9510322
1.318764995	103.9492798
1.318770148	103.9412222
1.318771495	103.9408599
1.318771773	103.9374972
1.318772643	103.9367913
1.318776114	103.9397999
1.318782388	103.9503821
1.31878253	103.9382412
1.318784681	103.9517406
1.318788471	103.9509702
1.318793365	103.9497019
1.31879461	103.9522225
1.318805587	103.9513225
1.318810046	103.9372624
1.318811028	103.9509094
1.318811465	103.950431
1.318811926	103.937909
1.318815903	103.9425015
1.318816162	103.9419298
1.318819093	103.9398419
1.318819658	103.9423351
1.31881984	103.9423919
1.318820161	103.9424452
1.318820688	103.9422824
1.318820815	103.9422256
1.318821167	103.9421717
1.318821561	103.942611
1.31882277	103.9425541
1.31882301	103.9523065
1.318824388	103.9403039
1.318825306	103.9426722
1.318826574	103.9368218
1.318830463	103.9519099
1.318835524	103.9508429
1.318837508	103.9382098
1.318839318	103.9504755
1.318840275	103.9493989
1.318840935	103.9524316
1.318845507	103.9497832
1.31885531	103.9507683
1.318857949	103.9525102
1.318859222	103.9513078
1.318867708	103.9411656
1.318869703	103.9403547
1.318871951	103.9498261
1.318872412	103.9419464
1.318878111	103.9368508
1.31888021	103.9407701
1.318897623	103.9411203
1.318898534	103.9505694
1.318906608	103.9375819
1.318909625	103.9512942
1.318912415	103.9399197
1.318913533	103.9495161
1.31892421	103.9499129
1.318927588	103.950619
1.318932459	103.9368814
1.318939822	103.9399893
1.318943725	103.9521619
1.318944793	103.9410878
1.318949193	103.9407101
1.31894925	103.9373284
1.318951641	103.9499567
1.318953463	103.9510909
1.318954828	103.9489572
1.318955878	103.9506627
1.318960204	103.9522219
1.318963793	103.9376143
1.318964346	103.9512796
1.318971082	103.9510441
1.318973009	103.9526548
1.318974103	103.9440762
1.318974456	103.9522781
1.318982031	103.9410495
1.318983885	103.9507098
1.318987251	103.9369126
1.318996617	103.9523918
1.318997369	103.9496008
1.319000562	103.9426139
1.319002694	103.9373677
1.319004061	103.9500399
1.319010195	103.9507523
1.319016722	103.9524642
1.319017972	103.9512666
1.319023274	103.9410103
1.319025466	103.9496462
1.319033361	103.9500874
1.319036767	103.9510085
1.319039797	103.9508007
1.319042708	103.9401143
1.319045629	103.9469876
1.319045635	103.9456245
1.319048522	103.9456221
1.319053795	103.9528406
1.319055273	103.9426213
1.319057414	103.9509546
1.319058058	103.9479103
1.319061198	103.9463704
1.31906501	103.949737
1.319069252	103.9508449
1.319077283	103.9409088
1.319078359	103.9509065
1.319079491	103.9512547
1.319081765	103.9383732
1.319083525	103.9501688
1.319084653	103.9386668
1.319086278	103.9384318
1.319091912	103.9410022
1.319093188	103.9497813
1.319094649	103.9404563
1.319099555	103.9479765
1.319104576	103.9490734
1.319111649	103.9400825
1.319112033	103.9502157
1.319112617	103.94262
1.319113178	103.9530332
1.319114623	103.9385901
1.319119618	103.9405147
1.319120307	103.9531894
1.319120704	103.9512168
1.319127059	103.9408865
1.319130642	103.9514575
1.319131215	103.9387916
1.319134178	103.9511641
1.319144999	103.9388623
1.319150299	103.9532402
1.319154778	103.951117
1.319156866	103.9498567
1.319159282	103.9405537
1.319160657	103.948074
1.319163216	103.9502965
1.319163886	103.942627
1.31916459	103.9389985
1.319166957	103.9491924
1.319170328	103.9532898
1.319172315	103.9516923
1.319180157	103.9390847
1.319185131	103.9499015
1.319192924	103.9503442
1.319195361	103.9533384
1.319198427	103.9405914
1.319202154	103.9481401
1.319212906	103.9377847
1.319213278	103.9533918
1.319218179	103.9426418
1.319219033	103.9392415
1.319221523	103.9488354
1.319222171	103.9395108
1.319233916	103.9395682
1.319235059	103.9406288
1.319235929	103.9518429
1.319236538	103.9499847
1.319237122	103.9534462
1.319242443	103.9504267
1.319245329	103.9520879
1.319257337	103.9393363
1.319259208	103.9380856
1.31925983	103.9452029
1.319260232	103.9477958
1.319263695	103.9535778
1.319265096	103.9500313
1.319265783	103.9521656
1.319269057	103.93969
1.319272213	103.9504744
1.319275885	103.9402877
1.319281055	103.9377769
1.319283345	103.9367359
1.319283618	103.95224
1.31928523	103.9381578
1.319287447	103.9397513
1.319288361	103.9383154
1.319288657	103.9368063
1.319289214	103.9478414
1.319292746	103.9406493
1.319296615	103.9494133
1.319298764	103.9489677
1.319310621	103.9501151
1.319312274	103.9536386
1.319314635	103.9407038
1.319314669	103.9513645
1.319315462	103.938371
1.319317145	103.947886
1.319325526	103.9505491
1.319325953	103.949462
1.31932933	103.9369327
1.319332604	103.9385294
1.319332871	103.953785
1.319333407	103.9370328
1.319336645	103.9403458
1.319341307	103.9501629
1.319341788	103.9530265
1.31934231	103.9377555
1.319346919	103.9479327
1.319350264	103.9436324
1.319355436	103.9490852
1.319357937	103.9399123
1.319357977	103.9506007
1.319361298	103.9516272
1.319366195	103.9385877
1.319366411	103.9512168
1.319367662	103.9407298
1.319367767	103.9469952
1.319374541	103.9479774
1.31937724	103.9495441
1.319379097	103.9526345
1.319384356	103.9523463
1.319387445	103.9387461
1.319387897	103.9521425
1.31938966	103.9367832
1.319395614	103.9524023
1.31939855	103.938801
1.319398894	103.9377472
1.319401668	103.953222
1.319402414	103.9510721
1.319403547	103.9529824
1.319404033	103.9480245
1.319404464	103.9502372
1.319405195	103.9495894
1.319411239	103.9389482
1.319413427	103.9371785
1.319419168	103.9524634
1.319424935	103.9390246
1.319425623	103.9372887
1.319433178	103.9502831
1.31944099	103.9506998
1.319444002	103.9521258
1.319445609	103.9480782
1.319447392	103.9374383
1.319449931	103.9407915
1.319451852	103.9399954
1.319453121	103.940533
1.319454531	103.9404268
1.319457471	103.9496727
1.319461594	103.9377434
1.319461859	103.9375262
1.319468423	103.9486402
1.319470818	103.9457833
1.319478806	103.9532006
1.319480983	103.9534693
1.31948104	103.9392025
1.319482243	103.9492876
1.319485175	103.9497182
1.319487717	103.9503838
1.319489454	103.9394853
1.319493572	103.9408385
1.319494146	103.9507352
1.319495583	103.9392769
1.319501674	103.9528563
1.319505378	103.9528116
1.319515764	103.9408923
1.319520345	103.9493419
1.319521195	103.9377412
1.319527944	103.9536411
1.319529255	103.9504375
1.319530557	103.9536438
1.319536042	103.9498017
1.319557353	103.9396821
1.31956059	103.9409267
1.31956248	103.9517055
1.31956364	103.9521289
1.31956365	103.9521289
1.319564132	103.9498472
1.319568957	103.9494202
1.319570392	103.9397406
1.319570588	103.9530835
1.319570588	103.9530835
1.319570588	103.9530835
1.319570588	103.9530835
1.319574247	103.9405782
1.319583452	103.9406904
1.319583916	103.9377325
1.319592347	103.94759
1.319592996	103.9487631
1.319594116	103.9409693
1.319596341	103.9507741
1.319600709	103.9494717
1.319612047	103.9380764
1.31961265	103.9399121
1.319615834	103.94993
1.319616892	103.9505336
1.319618411	103.9476959
1.319634706	103.9410096
1.319638666	103.94019
1.319639686	103.9449652
1.319642228	103.9523312
1.31964298	103.9382393
1.319643587	103.9499754
1.319647648	103.9507924
1.319647879	103.9477428
1.319648231	103.9377209
1.319650994	103.94955
1.319654487	103.9399907
1.31966155	103.9380109
1.319662653	103.9410596
1.319663729	103.9381232
1.31966453	103.9383468
1.319673638	103.9488872
1.319674147	103.9460531
1.319675819	103.9477874
1.319681454	103.9495974
1.319684006	103.9381753
1.319684923	103.9384551
1.319687937	103.9529122
1.319687937	103.9529122
1.319687938	103.9529122
1.319691762	103.9505782
1.319694249	103.9500578
1.319694475	103.938506
1.319697236	103.9402529
1.319705287	103.9478343
1.319709686	103.9382819
1.319713521	103.9410863
1.319714786	103.9386173
1.319721748	103.9485247
1.319723439	103.9501024
1.319724449	103.9386684
1.319724667	103.9516014
1.319727937	103.9466269
1.319729164	103.9383895
1.319730373	103.949678
1.31973067	103.9520868
1.31973323	103.9478789
1.319737961	103.9407307
1.319739066	103.950817
1.319740708	103.9543063
1.319746939	103.954496
1.319748616	103.941946
1.319751284	103.9411231
1.319751411	103.9487189
1.31975402	103.9513459
1.319755355	103.9538446
1.319755361	103.9538447
1.319756007	103.9388316
1.319756647	103.9342743
1.319760368	103.9497256
1.319761846	103.9387735
1.3197627	103.9479259
1.319765332	103.9543471
1.319776017	103.9389395
1.319781232	103.9511882
1.319786312	103.9389915
1.319787657	103.9545653
1.319789877	103.9387135
1.319791443	103.9407611
1.319791702	103.9475655
1.319795454	103.9508366
1.319795699	103.9491061
1.319795927	103.9388791
1.319807851	103.9419693
1.319810126	103.9411467
1.319811111	103.9498061
1.319814081	103.9390961
1.319818113	103.9505993
1.319818319	103.952543
1.319823478	103.9491512
1.319823943	103.9476076
1.319825591	103.9502144
1.319825813	103.9391516
1.319828477	103.941677
1.319830229	103.9416261
1.319833254	103.9415169
1.319835636	103.947939
1.319837652	103.9414073
1.319838031	103.9439714
1.319838031	103.9439714
1.319840294	103.9413495
1.31984172	103.9498534
1.319841725	103.9412982
1.319845612	103.9415692
1.319845613	103.9392051
1.31984632	103.9393167
1.319850062	103.9414597
1.319853792	103.9487756
1.319854162	103.9476559
1.31985471	103.939258
1.319856425	103.9393686
1.319857769	103.9533392
1.319864744	103.9419432
1.319868313	103.9394231
1.31986938	103.9506171
1.319877156	103.9492334
1.319878704	103.9394746
1.319881338	103.9476993
1.319881889	103.9508666
1.31988227	103.9530772
1.31988227	103.9530772
1.31988227	103.9530772
1.319889431	103.9502533
1.31989803	103.9395864
1.319903798	103.9408645
1.319905975	103.9492794
1.319906086	103.9396389
1.319907488	103.9499516
1.319911465	103.9477474
1.319913063	103.9528772
1.319913063	103.9528772
1.319913063	103.9528772
1.319913063	103.9528772
1.319913063	103.9528772
1.319913064	103.9528772
1.319917687	103.9419443
1.319930556	103.9512338
1.319931888	103.9515678
1.319937324	103.9397449
1.319938315	103.9508858
1.319938645	103.9477909
1.3199401	103.9398011
1.319943542	103.9409031
1.319946089	103.949993
1.319952059	103.9337182
1.319957327	103.9493613
1.319959459	103.9506495
1.319961525	103.9396858
1.31996877	103.947839
1.319969435	103.9428186
1.319971066	103.9399611
1.31997483	103.9419465
1.31998073	103.9400166
1.319980954	103.9398484
1.319983853	103.9514192
1.319985195	103.9494079
1.31999001	103.9540024
1.319990224	103.9400673
1.319990655	103.9489834
1.319993047	103.9532169
1.319995842	103.9544277
1.31999595	103.9478824
1.319996889	103.9399041
1.320002825	103.9502866
1.320003117	103.9483341
1.320009868	103.9401816
1.320011292	103.9506667
1.320014253	103.9541536
1.32002266	103.9490301
1.320026077	103.9479306
1.320027561	103.9402865
1.320027786	103.9419639
1.320034902	103.9445716
1.320035541	103.9445701
1.320036862	103.9531747
1.320038254	103.9494894
1.320038901	103.9403378
1.320039549	103.9402273
1.320040733	103.940997
1.320040799	103.9451967
1.320041314	103.9518819
1.320047975	103.9403943
1.32005235	103.9519419
1.320060668	103.9404458
1.320062265	103.9500592
1.320063053	103.9479769
1.320063353	103.9413947
1.320063423	103.9503073
1.320067152	103.9495354
1.320069304	103.9405019
1.320069993	103.9491131
1.320076939	103.9410547
1.320079909	103.9405499
1.320085223	103.9419479
1.320085633	103.9520539
1.320087202	103.9416701
1.320096945	103.9531168
1.320099213	103.9491593
1.320099421	103.9510203
1.320100006	103.9549223
1.320101823	103.9549226
1.320101823	103.9549226
1.320101823	103.9549226
1.320101823	103.9549226
1.320101823	103.9549226
1.320101823	103.9549226
1.320101823	103.9549226
1.320101823	103.9549226
1.320101823	103.9549226
1.320101823	103.9549226
1.320101823	103.9549226
1.320101823	103.9549226
1.320101823	103.9549226
1.320101823	103.9549226
1.320101823	103.9549226
1.320101823	103.9549226
1.320101823	103.9549226
1.320101823	103.9549226
1.320101823	103.9549226
1.320101823	103.9549226
1.320101823	103.9549226
1.320101823	103.9549226
1.320101823	103.9549226
1.320102147	103.9521172
1.320112187	103.9500865
1.320113843	103.9414857
1.320114346	103.9483931
1.32011535	103.9465703
1.320118305	103.9509681
1.320121279	103.9496139
1.320134394	103.9474258
1.320135618	103.9416138
1.320136521	103.9522252
1.320138137	103.941951
1.320138342	103.9529344
1.320138685	103.9412912
1.32014076	103.9530745
1.320142769	103.9508671
1.320145954	103.9331634
1.320147809	103.9503437
1.32014883	103.9355635
1.320149539	103.9412099
1.320150202	103.9496589
1.320152731	103.9542439
1.320155011	103.9492407
1.320161117	103.9508146
1.320163329	103.9485815
1.32016542	103.9523017
1.320170271	103.9474823
1.320173246	103.9406776
1.320177209	103.9528951
1.32018016	103.9524969
1.32018016	103.9524969
1.32018016	103.9524969
1.32018016	103.9524969
1.32018016	103.9524969
1.32018016	103.9524969
1.32018016	103.9524969
1.32018016	103.9524969
1.32018016	103.9524969
1.320182485	103.9542901
1.320182658	103.9407288
1.320183616	103.9492855
1.320186129	103.9507153
1.320193998	103.9419747
1.320198989	103.9503601
1.320200211	103.94753
1.320206147	103.9506631
1.320212124	103.9543355
1.320221125	103.948216
1.320222848	103.9501292
1.320225714	103.9543888
1.320227634	103.9475738
1.320235294	103.949369
1.320245881	103.9497673
1.320250002	103.9420333
1.320256083	103.9528186
1.320257576	103.9476216
1.32026286	103.9519696
1.3202639	103.9494138
1.320276801	103.9501469
1.320277213	103.9544254
1.320281973	103.9483396
1.320285003	103.9476653
1.32029267	103.9503922
1.320295072	103.9527763
1.320299827	103.9487877
1.320308923	103.94609
1.320313879	103.9497887
1.320314942	103.9477131
1.320328212	103.947321
1.320334269	103.9488428
1.320334839	103.9485351
1.320335219	103.9495138
1.320336653	103.9519465
1.320342368	103.9477569
1.320344227	103.9504099
1.320347167	103.9554806
1.320366592	103.9436679
1.320369959	103.9473586
1.320371384	103.9501737
1.320372305	103.9478047
1.32037879	103.9489223
1.32038399	103.9495488
1.320388846	103.9450939
1.32039973	103.9478484
1.3203999	103.9474064
1.320404989	103.9515461
1.320405123	103.9367412
1.320405131	103.9367412
1.320407296	103.9489683
1.320410988	103.9527107
1.320415395	103.9538737
1.320416017	103.9427323
1.320419637	103.9501911
1.32042076	103.9514765
1.320424542	103.9514218
1.320427327	103.9474502
1.32042831	103.9516063
1.320439328	103.9347819
1.320443955	103.942103
1.320445116	103.9519317
1.32044993	103.9499009
1.320451574	103.9513607
1.320452631	103.9418934
1.320455778	103.9547356
1.32045623	103.95129
1.320457268	103.947498
1.320458208	103.9490523
1.320458995	103.9512336
1.320468318	103.9498503
1.320470371	103.9362019
1.320471906	103.9547304
1.320471906	103.9547304
1.320471906	103.9547304
1.320471906	103.9547304
1.320471906	103.9547304
1.320471906	103.9547304
1.320471906	103.9547304
1.320471906	103.9547304
1.320471906	103.9547304
1.320471906	103.9547304
1.320471906	103.9547304
1.320471906	103.9547304
1.320471906	103.9547304
1.320471906	103.9547304
1.320471906	103.9547304
1.320471906	103.9547304
1.320471906	103.9547304
1.320471906	103.9547304
1.320471906	103.9547304
1.320476593	103.9341765
1.320484694	103.9475417
1.320486107	103.9490987
1.320488751	103.948674
1.320500838	103.9354736
1.320500983	103.9518905
1.320502399	103.9535089
1.320503712	103.9497591
1.320509826	103.9510633
1.320512073	103.9480488
1.320514639	103.9475895
1.320521171	103.9487219
1.32052664	103.9496951
1.320527715	103.9347643
1.320540648	103.9491736
1.320542064	103.9476333
1.320552219	103.9355392
1.32055775	103.9496026
1.320564393	103.9565432
1.320566966	103.9506402
1.320570632	103.9511405
1.320570965	103.9510578
1.320572005	103.947681
1.320573365	103.9488023
1.320574528	103.9492265
1.320576387	103.9495522
1.320585403	103.9527106
1.32059943	103.9477248
1.320601886	103.9481389
1.320602308	103.9488483
1.320612339	103.9540891
1.320625049	103.9347342
1.320627822	103.9567298
1.320631825	103.9510801
1.320633384	103.95063
1.320637122	103.9520396
1.320650612	103.9523898
1.320650612	103.9523898
1.320650612	103.9523898
1.320650612	103.9523898
1.320650612	103.9523898
1.320650612	103.9523898
1.320650612	103.9523898
1.320650612	103.9523898
1.320654531	103.9489299
1.32066498	103.9540372
1.32066917	103.9446895
1.320669171	103.9446895
1.320671245	103.9482598
1.320672536	103.9493
1.320678278	103.9520808
1.320680278	103.9543978
1.32068063	103.9504188
1.320684714	103.9513304
1.320684888	103.9489782
1.320700651	103.9569216
1.320702569	103.9510861
1.320704069	103.9506358
1.320708962	103.9503337
1.320719069	103.9381659
1.320719177	103.9381662
1.320719982	103.9479143
1.320720069	103.9521253
1.320720104	103.9461111
1.320720112	103.9461111
1.320726682	103.9502827
1.32073245	103.9490601
1.320734746	103.953071
1.320738634	103.9493217
1.320741212	103.9365598
1.320741573	103.9513403
1.320744472	103.9483809
1.320746313	103.9502285
1.320748324	103.9479594
1.320759666	103.9491107
1.320760848	103.9521665
1.320761742	103.9510912
1.320763378	103.9506389
1.320763719	103.950178
1.320766755	103.9539576
1.320778113	103.9530287
1.320779461	103.9480091
1.320798633	103.9500899
1.320803017	103.9522106
1.320805082	103.948482
1.32080758	103.9480539
1.320808787	103.9538832
1.320809578	103.9473522
1.320816611	103.9500392
1.320825609	103.9389946
1.32083199	103.9377644
1.320833622	103.9485275
1.320835607	103.9499849
1.320837525	103.9473966
1.320838721	103.9481037
1.320842966	103.9522524
1.320847383	103.9509837
1.320852087	103.9337211
1.32085209	103.9337211
1.32085279	103.9529558
1.320853392	103.9499337
1.320857422	103.9546428
1.320857823	103.9531981
1.320866812	103.9481484
1.32086735	103.9474439
1.320872309	103.9498797
1.320884469	103.9522972
1.320885344	103.9486101
1.320890022	103.9498291
1.32089166	103.9518136
1.320893822	103.9514464
1.320895159	103.947488
1.320896158	103.9529135
1.320896768	103.9454287
1.320900983	103.9538043
1.320903976	103.9531532
1.320909446	103.9486596
1.320909666	103.9355419
1.320909758	103.957303
1.320919011	103.9513641
1.320919893	103.948234
1.320924247	103.9523394
1.320924688	103.9541681
1.320924884	103.9497443
1.320924985	103.9475353
1.320925883	103.9511906
1.320929766	103.951853
1.320931634	103.9512533
1.320934343	103.9549161
1.320942076	103.9496887
1.320949024	103.9482797
1.320953106	103.9475797
1.320956734	103.9537506
1.320957447	103.9510157
1.320959901	103.9496382
1.320963935	103.9510807
1.320965548	103.9487382
1.320966156	103.9523809
1.32096695	103.9565266
1.320970015	103.9508939
1.320972011	103.9518959
1.320972415	103.9508346
1.320974617	103.9507154
1.320977284	103.953083
1.32097919	103.9495835
1.320980167	103.9483294
1.320982226	103.9359566
1.320986319	103.93981
1.320988419	103.9558821
1.320988939	103.9506549
1.320994087	103.9487837
1.320997013	103.949533
1.320999253	103.9528341
1.32100516	103.9565757
1.321006502	103.9476661
1.321008292	103.9483743
1.321011242	103.9519362
1.321016302	103.9494783
1.321018576	103.9502984
1.321022029	103.9530381
1.321027227	103.9498954
1.321035552	103.9477123
1.321037038	103.9494263
1.321038138	103.9566181
1.321039435	103.948424
1.321043412	103.9472569
1.321045639	103.9536604
1.321045883	103.9488665
1.321050718	103.9408032
1.321053254	103.9519791
1.321062319	103.9550717
1.321063465	103.9477566
1.321063714	103.9527455
1.321067896	103.9484702
1.321073819	103.9566637
1.321074422	103.948912
1.321075849	103.9499372
1.321085411	103.9517617
1.321092116	103.9520198
1.321093236	103.9478038
1.321100299	103.9536074
1.321103101	103.9369002
1.321103961	103.9527061
1.321105567	103.9550381
1.321107028	103.9567061
1.321115548	103.9416755
1.321121109	103.947848
1.321122166	103.9485595
1.321124624	103.9517231
1.321126635	103.9575206
1.321128036	103.9496108
1.321130771	103.94727
1.321130791	103.9381157
1.32113437	103.9520622
1.321137764	103.9530268
1.321138118	103.9381063
1.321142219	103.9475351
1.321142486	103.9567519
1.321142806	103.9526683
1.321149827	103.9474265
1.321150891	103.9478952
1.321155517	103.9486093
1.321158578	103.9499653
1.321161632	103.9563807
1.321173436	103.9521026
1.321174644	103.9547875
1.321177948	103.9529863
1.321178512	103.9567972
1.321178778	103.9479394
1.321186661	103.948659
1.321191204	103.9496081
1.321191326	103.9564321
1.32119578	103.949218
1.32119669	103.9568989
1.321196773	103.95431
1.32120728	103.9539467
1.321208559	103.9479866
1.321212286	103.9499838
1.321214781	103.9487039
1.321215075	103.9535577
1.321216322	103.9526059
1.321216618	103.9521452
1.321223672	103.9564735
1.321231843	103.9569451
1.321233918	103.9480347
1.321242585	103.9491884
1.321245924	103.9487536
1.321247574	103.9525586
1.321248211	103.9535114
1.321249103	103.9528963
1.321259941	103.9565203
1.321261687	103.9516495
1.321263661	103.947683
1.321263812	103.948204
1.321266937	103.9569907
1.321268163	103.9515774
1.321275635	103.9496332
1.321276111	103.9488051
1.321285581	103.9491618
1.321285913	103.9525218
1.321293072	103.956561
1.321295048	103.9500116
1.321295408	103.9514597
1.321299877	103.9570336
1.321301188	103.9332996
1.321314702	103.9481742
1.321322325	103.9513969
1.32132867	103.9566083
1.321328682	103.9519202
1.321329816	103.9496494
1.321334657	103.9491314
1.321335204	103.9570787
1.321338855	103.9534485
1.321339254	103.9524224
1.321348286	103.9500305
1.321350846	103.9512427
1.321358776	103.9511708
1.32135976	103.9528253
1.321361191	103.9361854
1.321363088	103.9566512
1.321366737	103.948142
1.32136767	103.9511178
1.321368026	103.9510572
1.321370999	103.9571236
1.321371022	103.9478164
1.321377467	103.9510046
1.321377653	103.9491048
1.321381237	103.9534051
1.321388265	103.9509454
1.321390445	103.9567512
1.321396458	103.947062
1.321397663	103.9397304
1.321403058	103.9508889
1.321412083	103.9518696
1.321412912	103.9481133
1.32141418	103.9496744
1.321416208	103.9478894
1.321422619	103.9471101
1.321423856	103.9567947
1.321426732	103.9490745
1.321431981	103.950058
1.321445179	103.9503076
1.321448342	103.9527167
1.321460632	103.956841
1.321463562	103.951641
1.321464947	103.9480811
1.321468053	103.9496906
1.321468279	103.9561392
1.321469727	103.9490479
1.321478478	103.940721
1.321483192	103.9510211
1.321485458	103.9500764
1.321487328	103.9537457
1.321487433	103.9472157
1.321489486	103.9523471
1.321493284	103.9568822
1.321497877	103.949238
1.321497877	103.949238
1.321497877	103.949238
1.321497877	103.949238
1.321497877	103.949238
1.321497877	103.949238
1.321497877	103.949238
1.321497877	103.949238
1.321497877	103.949238
1.321497877	103.949238
1.321497877	103.949238
1.321497877	103.949238
1.321497877	103.949238
1.321497877	103.949238
1.321497877	103.949238
1.321497877	103.949238
1.321497877	103.949238
1.321497877	103.949238
1.321497877	103.949238
1.321497877	103.949238
1.321497877	103.949238
1.321497877	103.949238
1.321497877	103.949238
1.321497877	103.949238
1.321497877	103.949238
1.321497877	103.949238
1.321497877	103.949238
1.321497877	103.949238
1.321497877	103.949238
1.321497877	103.949238
1.321508203	103.9561853
1.321509464	103.9533803
1.321509724	103.9472765
1.321511123	103.9480525
1.321511926	103.9544364
1.321513642	103.9516684
1.321518803	103.9490175
1.321520161	103.951234
1.321521052	103.9579028
1.321528674	103.954079
1.321528831	103.9569296
1.321529032	103.9572648
1.321539051	103.956227
1.321540464	103.9489107
1.321541281	103.9415933
1.321541585	103.9510273
1.321542499	103.9555356
1.321545665	103.9533434
1.321561226	103.9516939
1.321563278	103.9573122
1.321563331	103.9526317
1.321563348	103.9480184
1.321563723	103.9569733
1.321570479	103.9473621
1.321572567	103.9522589
1.321572744	103.9512566
1.321575573	103.9562741
1.321578225	103.9500896
1.321586919	103.9533022
1.321591645	103.9446711
1.321591685	103.9474362
1.321595491	103.9573529
1.321607542	103.9563152
1.321620093	103.937041
1.321621509	103.9512745
1.321624923	103.9532683
1.321625282	103.9531145
1.321626279	103.9500918
1.321631875	103.9433366
1.321632997	103.9384413
1.32163438	103.9525152
1.321634503	103.9560076
1.321636409	103.9510387
1.321637324	103.9573956
1.321637538	103.9494547
1.321643911	103.9489408
1.321645141	103.9563615
1.3216511	103.9516551
1.321653541	103.9507041
1.321654394	103.9492683
1.321658504	103.9475392
1.321660211	103.9521653
1.321670057	103.9574369
1.32167449	103.951294
1.321675651	103.9564036
1.321684519	103.9475805
1.321684983	103.9506135
1.321687677	103.948913
1.321689667	103.9510593
1.321695809	103.9560383
1.321699597	103.952129
1.321700307	103.9505062
1.321705956	103.9516667
1.321708145	103.9564504
1.321709704	103.9574795
1.321711686	103.9524232
1.321723256	103.951312
1.321725405	103.9504314
1.321728685	103.9571162
1.321728954	103.95608
1.321736235	103.9476607
1.321736753	103.9488827
1.321737914	103.9510771
1.321739601	103.952088
1.321745189	103.9575208
1.321748642	103.9339392
1.321758392	103.9571555
1.32176203	103.9477021
1.321762217	103.9585734
1.321764071	103.9561266
1.321769924	103.950338
1.321770859	103.9363266
1.321776258	103.9513315
1.32177698	103.9520516
1.32177781	103.9500731
1.321779748	103.9488561
1.321785491	103.9575622
1.32178612	103.9502599
1.321791228	103.9510967
1.321795985	103.9572028
1.321796534	103.9535011
1.321797496	103.9561682
1.3217987	103.9529471
1.321801393	103.9501609
1.321806337	103.9532726
1.321812355	103.9477829
1.321824987	103.9513495
1.32182561	103.9585648
1.321826788	103.9572438
1.321828721	103.9488258
1.321833004	103.9562146
1.321837028	103.9576075
1.32183837	103.9478242
1.321839532	103.9511146
1.321848622	103.9566159
1.321856086	103.9499037
1.321864956	103.9500039
1.321865193	103.9572905
1.321866272	103.9562561
1.321871667	103.9487992
1.321872088	103.949806
1.321875024	103.9523247
1.321877948	103.951369
1.32188029	103.9471147
1.321882223	103.9566592
1.321890196	103.9479056
1.321890877	103.9519756
1.321892944	103.9511343
1.32189469	103.9573275
1.321901005	103.9563048
1.321906636	103.9398472
1.321908404	103.9539852
1.321915339	103.9331809
1.321916211	103.9479469
1.321917815	103.9567064
1.321920744	103.9487689
1.321926509	103.9513869
1.321929554	103.9529679
1.321938658	103.9519145
1.321939126	103.9522393
1.321941123	103.9511521
1.321950354	103.9567477
1.321951684	103.9528093
1.321960256	103.9574075
1.321963738	103.9487423
1.321964657	103.9557529
1.321969045	103.9530906
1.321976598	103.9534459
1.32197996	103.9480531
1.321986775	103.9567943
1.321988129	103.9574469
1.321990873	103.9517789
1.321994469	103.9511718
1.32200004	103.9531678
1.322004444	103.9557984
1.322008535	103.9480987
1.322010962	103.9495773
1.322011136	103.9487136
1.322018662	103.9568361
1.322022674	103.9495219
1.322026187	103.9574939
1.322026292	103.956576
1.322026358	103.9466591
1.322032663	103.9521417
1.322036602	103.9489074
1.322036733	103.9558394
1.32203746	103.9467102
1.322042193	103.9511892
1.322043084	103.9517184
1.322043787	103.9494676
1.322048643	103.9470591
1.322055699	103.9568822
1.322056529	103.9383547
1.322057386	103.9575345
1.322058487	103.9467579
1.322059086	103.9481837
1.322067058	103.957953
1.322073074	103.9565367
1.32207356	103.955886
1.322073695	103.9489683
1.322077583	103.9494105
1.322081245	103.9468093
1.322082069	103.9539863
1.322089121	103.9569258
1.322091388	103.9493493
1.322093183	103.948228
1.322093899	103.9362221
1.322094236	103.9362236
1.322094654	103.9468601
1.322095586	103.9575814
1.322102389	103.9580133
1.322105969	103.955927
1.322108343	103.9528047
1.322115765	103.9508653
1.322117294	103.9469121
1.322117294	103.9565013
1.322117941	103.9530016
1.322119233	103.9492464
1.322125433	103.9576191
1.322133138	103.9469623
1.322142832	103.9559737
1.322148235	103.9483097
1.322149356	103.9520177
1.322151981	103.9433638
1.322154124	103.9580858
1.32215771	103.9491433
1.32216222	103.955595
1.322163694	103.9564652
1.322164321	103.952655
1.322165761	103.9506962
1.322167124	103.9470649
1.322168402	103.9567594
1.322168787	103.9507728
1.322175155	103.9560147
1.322175805	103.948354
1.322184852	103.9581339
1.322189666	103.9471157
1.322191579	103.9343993
1.322192317	103.9533553
1.322199889	103.95061
1.322200668	103.9556436
1.322207633	103.9564298
1.322208002	103.9535617
1.322208116	103.9560613
1.322210276	103.9471633
1.322212026	103.9571005
1.322215784	103.9531988
1.322217108	103.9349912
1.322217735	103.9370013
1.322219306	103.9567217
1.322229333	103.94844
1.32223137	103.9514622
1.322233089	103.9472145
1.322233128	103.9582105
1.322233412	103.9505228
1.322235065	103.9556872
1.322243071	103.9536385
1.322247413	103.9571449
1.322249596	103.9504247
1.322253184	103.9472629
1.322254067	103.9563935
1.322256888	103.9484842
1.32226352	103.9582587
1.322263542	103.9566873
1.322265677	103.9536902
1.322266597	103.9446693
1.322270463	103.955731
1.322280042	103.9578281
1.322281674	103.9503542
1.322282475	103.9571895
1.322283271	103.9538424
1.322285505	103.9324741
1.322285949	103.951486
1.322292005	103.9324806
1.322292801	103.9382517
1.322297989	103.956358
1.322299609	103.9539233
1.322304831	103.9557745
1.32230594	103.9541357
1.322308825	103.9502446
1.322310167	103.9485698
1.322310213	103.9566505
1.322312896	103.95788
1.322315658	103.9583401
1.32231673	103.9572325
1.322317805	103.9517508
1.322319613	103.9501764
1.322321887	103.9535084
1.322324428	103.9540201
1.322332207	103.9397662
1.322334658	103.9524558
1.32233516	103.9515082
1.32233564	103.9474398
1.322337713	103.948614
1.322339952	103.9558184
1.322342817	103.9479731
1.322343953	103.9479727
1.322343953	103.9479727
1.322343953	103.9479727
1.322343953	103.9479727
1.322344483	103.9563217
1.322347754	103.9458584
1.322351049	103.9583957
1.322351803	103.957277
1.322353866	103.9361833
1.322354195	103.9566159
1.322354473	103.9465051
1.322356485	103.9500745
1.322356632	103.9530804
1.322359267	103.9547415
1.322359481	103.9579531
1.322363503	103.9474931
1.32237422	103.9558619
1.3223837	103.9535881
1.322384599	103.9500035
1.322386057	103.95732
1.322387822	103.9517738
1.322388668	103.9562863
1.322388927	103.9515326
1.322391123	103.9486998
1.322392375	103.958005
1.322394042	103.9467136
1.322400671	103.9565789
1.322402284	103.9480584
1.322404107	103.9480576
1.322404107	103.9480576
1.322404107	103.9480576
1.32240462	103.9569429
1.322413007	103.9499054
1.322413269	103.9559096
1.322415553	103.9584901
1.322418657	103.948744
1.322420299	103.949903
1.322421132	103.9573646
1.322422272	103.9476348
1.322432783	103.9466184
1.322437812	103.958078
1.32243798	103.9562489
1.322440798	103.9515569
1.322444863	103.9565444
1.322445586	103.9569901
1.322449653	103.9511761
1.322454077	103.9530043
1.322454364	103.9553681
1.322455372	103.9574077
1.322458342	103.9466713
1.322460169	103.9481398
1.322460871	103.9496748
1.322462288	103.9585811
1.322466192	103.9481398
1.322466192	103.9481398
1.322466192	103.9481398
1.322471253	103.9581298
1.322473763	103.9526781
1.322476611	103.9488311
1.322476812	103.9496174
1.322477704	103.9476134
1.322478077	103.9412546
1.322480864	103.9570354
1.322486816	103.9537537
1.322489623	103.9334053
1.322491449	103.9565075
1.322491459	103.9574603
1.322491549	103.955417
1.322494611	103.9495566
1.322495608	103.9488832
1.322503594	103.9518184
1.322505658	103.9482092
1.322505742	103.9482095
1.322505742	103.9482095
1.322505742	103.9482095
1.322507774	103.9511981
1.322509934	103.9495017
1.322514694	103.9570778
1.322515178	103.9468032
1.322523135	103.9582115
1.32252473	103.9560794
1.322525675	103.9554607
1.322526204	103.9494401
1.322528123	103.9468548
1.322528611	103.9426664
1.322534269	103.9537914
1.322535623	103.9564729
1.322539438	103.9516054
1.322544543	103.9493861
1.322545661	103.9489854
1.322548891	103.948274
1.322548891	103.948274
1.322548891	103.948274
1.322549504	103.9571234
1.322549845	103.9482738
1.322554676	103.951841
1.322555033	103.9582626
1.322558031	103.9534039
1.322559788	103.9512207
1.322560304	103.949325
1.322560309	103.9555051
1.322565165	103.9561283
1.322571791	103.9505104
1.322572691	103.9529015
1.322576473	103.9463493
1.322576818	103.9492699
1.322578796	103.9469909
1.322579164	103.9538485
1.322583232	103.957166
1.322585065	103.956431
1.322585616	103.9368494
1.322588043	103.9504591
1.32258844	103.9465004
1.322590625	103.9465511
1.322592092	103.951626
1.322594264	103.9555488
1.322594544	103.9483363
1.322594984	103.9483364
1.322594984	103.9483364
1.322594984	103.9483364
1.322600153	103.9397927
1.322601312	103.9561727
1.322602355	103.9584218
1.322602939	103.9470389
1.322603234	103.9490202
1.322603709	103.9465524
1.322605185	103.950405
1.322607152	103.9518627
1.322608048	103.9533654
1.322610652	103.9539017
1.322616147	103.9512431
1.322617902	103.9492158
1.322618456	103.9572113
1.322620123	103.9490539
1.322625781	103.9378158
1.322628722	103.9491592
1.322629097	103.955593
1.322634509	103.9562159
1.322641397	103.9434131
1.322643176	103.9484151
1.322644236	103.9528501
1.322645502	103.9484155
1.322645502	103.9484155
1.322645502	103.9484155
1.322647133	103.9516488
1.322649249	103.9552256
1.322652137	103.9572538
1.322653673	103.946681
1.322654622	103.9502725
1.32265486	103.9518825
1.322664512	103.9556407
1.322664559	103.9471693
1.322668742	103.9512648
1.32266953	103.9474574
1.322670173	103.9562607
1.322672241	103.9472211
1.322673248	103.953317
1.322679214	103.9501629
1.322680257	103.9576508
1.322683137	103.9552688
1.322684516	103.9467364
1.322687049	103.9572994
1.322687103	103.9500855
1.322690366	103.947357
1.322696441	103.9516692
1.322700702	103.9567109
1.322701222	103.9485014
1.322701222	103.9485014
1.322701222	103.9485014
1.322702762	103.9485028
1.322703677	103.9563035
1.322705217	103.9576946
1.322707347	103.9519042
1.32270919	103.9522282
1.322716323	103.955311
1.322718458	103.9499771
1.322723526	103.9544754
1.322723764	103.957349
1.322723783	103.9532784
1.322724546	103.9512889
1.322725819	103.9577907
1.32273895	103.9563487
1.322740959	103.9556979
1.322741731	103.9567595
1.322746494	103.9468606
1.322751469	103.951692
1.322752355	103.9553565
1.322753777	103.9578339
1.322754699	103.9407764
1.322755049	103.951924
1.322759242	103.9522792
1.322770528	103.9486738
1.322774946	103.9513149
1.322775055	103.9557431
1.322776215	103.9563995
1.322776691	103.9568035
1.322782407	103.9475398
1.322783904	103.9469229
1.322785504	103.9553986
1.322796441	103.9508595
1.322796754	103.9523337
1.322800777	103.9517124
1.322802422	103.9470302
1.322804771	103.9579113
1.322807524	103.9519457
1.322810804	103.9557883
1.322811195	103.956847
1.322811263	103.9475969
1.32281172	103.9487618
1.322815443	103.9354552
1.322817351	103.9536663
1.322817615	103.9414728
1.322819632	103.9543902
1.322821384	103.9511531
1.322821552	103.9554442
1.322829744	103.9523816
1.322831737	103.9328522
1.322833222	103.9513327
1.322836756	103.9477215
1.322837033	103.9391245
1.322841243	103.9391287
1.32284177	103.9360468
1.322843822	103.9579481
1.322844169	103.9558307
1.322846213	103.956891
1.322848446	103.9488734
1.322851333	103.9510853
1.322854414	103.9554855
1.322855227	103.9519655
1.322855801	103.9517352
1.322861141	103.9508954
1.322862058	103.9471062
1.322871749	103.9489515
1.322873073	103.9524289
1.322873936	103.9477841
1.322877897	103.9543458
1.322879995	103.955876
1.322880608	103.9569346
1.322881417	103.9580654
1.322885592	103.9513578
1.322891574	103.9472299
1.322892102	103.9546374
1.322899491	103.9479136
1.322901827	103.9565608
1.322904858	103.9524737
1.322905109	103.9517556
1.322909746	103.9519866
1.322910676	103.9472812
1.322910845	103.946203
1.322915623	103.9569785
1.322915943	103.9559197
1.32291601	103.955566
1.322920271	103.9475171
1.322920352	103.9479619
1.322927889	103.9521851
1.322929977	103.9496523
1.322931186	103.9451256
1.322932256	103.9490658
1.322932601	103.9455863
1.322934983	103.9505264
1.322935745	103.9566068
1.322936354	103.9514715
1.32293933	103.9480129
1.32294347	103.9525196
1.322947276	103.9491214
1.322947624	103.9492593
1.322948218	103.9545935
1.322948462	103.9556075
1.322949913	103.9493765
1.322949969	103.9570221
1.32295788	103.9495363
1.322957882	103.9480627
1.322959078	103.9474143
1.322960134	103.9517784
1.322960437	103.9522457
1.322961361	103.9542485
1.322972349	103.9566531
1.322972932	103.9549739
1.322973031	103.9497879
1.322974396	103.9525635
1.32297503	103.9523559
1.32297697	103.948114
1.322978364	103.9532172
1.322983874	103.9463423
1.322984496	103.955653
1.322984995	103.9570661
1.322989793	103.9455502
1.322991557	103.9509173
1.322994718	103.9505356
1.322996601	103.9481635
1.322997966	103.9497347
1.323004991	103.9566945
1.323005122	103.9550132
1.323006822	103.9464106
1.32301078	103.9503309
1.323011933	103.951801
1.323013365	103.9542091
1.323014743	103.9381652
1.323015651	103.9482148
1.323016157	103.9496732
1.323017655	103.9556952
1.323021662	103.9532747
1.323021865	103.9571179
1.323025253	103.9514931
1.323030618	103.9493357
1.323032183	103.949618
1.323033303	103.9482651
1.323033842	103.9475837
1.32303746	103.9514403
1.323039708	103.9560858
1.323040164	103.954492
1.323041567	103.9567408
1.323046706	103.953338
1.323049206	103.9455126
1.323050416	103.9495575
1.323052485	103.948316
1.323053695	103.9557408
1.323056317	103.9526575
1.323058107	103.9513886
1.32305818	103.9465195
1.323060615	103.9523174
1.323063893	103.9550829
1.323063984	103.9509196
1.323065647	103.954167
1.323065998	103.9519476
1.323066094	103.947645
1.323066438	103.9460936
1.323067966	103.9495002
1.323068477	103.950244
1.323074206	103.9567822
1.323074297	103.9561312
1.323078733	103.9513406
1.323081865	103.9501718
1.323086543	103.9557821
1.323086664	103.9497526
1.323088973	103.9526987
1.32309521	103.9465807
1.323096069	103.9477813
1.32309661	103.9544484
1.323096828	103.9551257
1.323098908	103.9512888
1.323102002	103.9478428
1.323104664	103.9523553
1.323105514	103.9454762
1.323108046	103.9435008
1.323110195	103.9561768
1.323110786	103.9568285
1.323110884	103.9519754
1.323112588	103.9460619
1.323112994	103.9541273
1.323117321	103.9534306
1.323119658	103.9500694
1.323120454	103.951241
1.323123306	103.9527439
1.323123317	103.9445231
1.323127651	103.9467036
1.323134087	103.9485406
1.323139888	103.9523974
1.323140124	103.9511888
1.323143358	103.956219
1.323143419	103.9568699
1.323146311	103.9551959
1.323154269	103.9527847
1.323156889	103.9505282
1.323158983	103.9467847
1.323159911	103.9534867
1.323161373	103.9511377
1.323163178	103.9460176
1.323163224	103.9520088
1.323165598	103.9454384
1.323170781	103.9559801
1.323174707	103.9548066
1.323175591	103.948585
1.323179297	103.9562648
1.323180632	103.9478393
1.323184687	103.952434
1.323185896	103.9552453
1.323187256	103.9479579
1.323192762	103.9468939
1.323193473	103.9447791
1.323194014	103.9528257
1.323196087	103.9569079
1.323198777	103.9349452
1.323204494	103.9509263
1.323209395	103.9520382
1.323209742	103.936904
1.323211702	103.9563064
1.323212987	103.954854
1.323216299	103.9511092
1.323216459	103.9459903
1.323218698	103.9524769
1.323218926	103.9462507
1.323219613	103.948019
1.323220563	103.9454011
1.32322231	103.9469583
1.323223322	103.9505263
1.323225246	103.9528666
1.323229683	103.9487202
1.323234693	103.9392214
1.323236234	103.9487849
1.323236933	103.946333
1.323242242	103.9553111
1.32324874	103.9525343
1.323250133	103.9338356
1.323257293	103.9502233
1.323259132	103.9529119
1.323261089	103.9509192
1.323261714	103.9520716
1.323267139	103.9559822
1.323267178	103.9450369
1.323267504	103.9481323
1.32327125	103.9464535
1.32327512	103.9553519
1.323277489	103.9549181
1.323281463	103.945361
1.323286987	103.9482022
1.323288724	103.9563639
1.323290209	103.9529529
1.323291255	103.9465066
1.323292138	103.9505106
1.32329352	103.9470765
1.323295861	103.9488982
1.323298617	103.9327626
1.32330207	103.9560273
1.323303074	103.9489674
1.323307019	103.9520995
1.323307233	103.9471308
1.323310074	103.9549592
1.323316948	103.9550725
1.323319136	103.9519101
1.3233223	103.956409
1.323324341	103.9529982
1.323326674	103.9400302
1.323330209	103.9502491
1.323332564	103.9554245
1.323333416	103.9509359
1.323335989	103.95607
1.323338363	103.9342073
1.323339701	103.9490803
1.323341834	103.9486616
1.323342985	103.9498956
1.323343838	103.9455884
1.323346125	103.9466362
1.323347223	103.9505073
1.323347658	103.9328742
1.323347891	103.9526596
1.323352387	103.9562107
1.323354173	103.9472634
1.323355857	103.9530391
1.323356273	103.9571254
1.323357909	103.9498374
1.323358109	103.9564544
1.323358114	103.9518511
1.32335832	103.9484517
1.323362559	103.9554641
1.323371095	103.956115
1.323373586	103.9485128
1.323378294	103.946698
1.323381354	103.9473157
1.323385557	103.9497301
1.323385828	103.9527166
1.323388525	103.9452974
1.323389693	103.9509302
1.323390203	103.9530816
1.323391497	103.9564971
1.323394228	103.9491405
1.323397832	103.9571746
1.323398127	103.9474468
1.323400356	103.9496756
1.323404252	103.9455496
1.323406418	103.9405771
1.323410557	103.9532432
1.323411459	103.9468223
1.323412758	103.9517306
1.32341748	103.950495
1.323420897	103.9468795
1.3234238	103.9486415
1.323427125	103.9565424
1.323429047	103.9555305
1.323429858	103.9422694
1.32343359	103.952784
1.323435855	103.9422653
1.323443476	103.9495145
1.323445933	103.937879
1.323447282	103.9495797
1.323448187	103.9475062
1.323449179	103.9452691
1.32345345	103.9516705
1.323459672	103.9492657
1.323461009	103.9509447
1.32346141	103.9555713
1.323461487	103.956586
1.323465486	103.9551855
1.323466197	103.9487039
1.323470945	103.9478124
1.323472384	103.9504661
1.323473655	103.9470114
1.323475822	103.952842
1.323475893	103.9562177
1.323477978	103.9493224
1.323478232	103.9572387
1.323481341	103.9457773
1.323483508	103.9455032
1.323493574	103.9470615
1.323496796	103.9458543
1.323497198	103.9476292
1.323499081	103.9531806
1.323510713	103.9488182
1.323511356	103.954616
1.323511668	103.9562607
1.323514151	103.9452392
1.323517303	103.9509332
1.323520015	103.9476904
1.323522348	103.9459181
1.323522791	103.9515333
1.32352301	103.957281
1.323523303	103.9488774
1.323523364	103.9552317
1.323524565	103.9523463
1.323526782	103.9364239
1.323526787	103.9364239
1.323535315	103.9512293
1.323535874	103.9514663
1.323541025	103.955645
1.323541897	103.9459808
1.323542603	103.9504727
1.323545344	103.9531456
1.323548226	103.9563072
1.323548495	103.9454739
1.32355095	103.9471871
1.323554552	103.9499502
1.323556205	103.9502179
1.323562278	103.9529588
1.323568093	103.9490077
1.323571883	103.9501515
1.323572901	103.9500039
1.3235746	103.9447078
1.323574629	103.9452109
1.323575958	103.947812
1.323576525	103.9556818
1.323576886	103.9512846
1.323580753	103.9563485
1.323587604	103.9547164
1.323589431	103.9509579
1.323591524	103.9472523
1.323592001	103.946096
1.323594594	103.9523866
1.323595156	103.9522073
1.323599418	103.9553117
1.323599712	103.9504582
1.323603286	103.9435934
1.323606742	103.9478622
1.323609294	103.9454463
1.323612026	103.9496906
1.323614093	103.9521502
1.323616345	103.9530204
1.323617622	103.9490667
1.323617953	103.9564001
1.32362785	103.9567823
1.323630975	103.9473548
1.323631595	103.9474324
1.32363218	103.9461529
1.323638854	103.9553614
1.323642011	103.9451805
1.323643962	103.9479894
1.323644775	103.9496229
1.32364601	103.9462208
1.323646581	103.9509418
1.323647635	103.9480673
1.323649863	103.9557336
1.323651339	103.9491761
1.323656204	103.9530877
1.323657716	103.9456906
1.323658515	103.9492486
1.323662295	103.9462858
1.323667868	103.9504527
1.323667966	103.9391574
1.323671428	103.9520027
1.323673922	103.945417
1.323680599	103.947566
1.323685798	103.9568437
1.323686832	103.9463488
1.323691704	103.9557772
1.32369452	103.9349949
1.323697771	103.9519521
1.323700219	103.9457622
1.32370104	103.9476172
1.323701669	103.9546198
1.323705317	103.9349928
1.323705648	103.9451523
1.323711089	103.946412
1.323716787	103.9412887
1.323717954	103.9509557
1.323721987	103.9499888
1.323723062	103.950444
1.323723848	103.9495717
1.323725458	103.9519
1.323735416	103.9453889
1.323740019	103.9464735
1.323745251	103.948305
1.323745998	103.9554075
1.323748899	103.9523175
1.323751045	103.9518519
1.323752533	103.9512033
1.323755187	103.9548178
1.323755942	103.9539452
1.323755942	103.9539452
1.323759666	103.957006
1.323759741	103.9558307
1.323762963	103.9465371
1.32376635	103.945745
1.323766602	103.9499601
1.323767456	103.9478032
1.323767761	103.9554802
1.323771769	103.9509492
1.323772174	103.9451217
1.323773435	103.9495455
1.323776308	103.9477266
1.323778735	103.9517999
1.323780828	103.9483712
1.323784101	103.939939
1.323792218	103.9560017
1.323794271	103.9484893
1.323794676	103.952368
1.323800451	103.9558733
1.323800487	103.9453598
1.323804335	103.9517518
1.323806951	103.9568673
1.323809721	103.9524949
1.323813306	103.952568
1.323815349	103.9499318
1.323816267	103.9479377
1.323817737	103.9495196
1.323820439	103.9526373
1.323822632	103.9565729
1.323824334	103.9527094
1.32382943	103.945714
1.32383058	103.9527781
1.323831408	103.9549543
1.323832022	103.9516998
1.323832795	103.9450954
1.323839463	103.9511772
1.323840136	103.9461241
1.3238477	103.9485427
1.323851027	103.9536662
1.323854541	103.952154
1.323858033	103.9566102
1.323860323	103.9499059
1.323861684	103.9453334
1.323862534	103.9468159
1.323864004	103.9333986
1.323864007	103.9333986
1.323867612	103.9494919
1.323871828	103.950139
1.323874771	103.9516407
1.323880153	103.9479927
1.323881472	103.9521052
1.323881752	103.9468682
1.323882206	103.95291
1.323892997	103.9456903
1.323893433	103.9446213
1.32389773	103.95363
1.323898493	103.9486782
1.323899167	103.9450673
1.323903872	103.9425114
1.323907815	103.9520556
1.323909354	103.9498781
1.32390992	103.9554787
1.323910802	103.9555854
1.323911944	103.9494645
1.323915126	103.946095
1.323916475	103.9487266
1.323917626	103.9501125
1.323927117	103.9453048
1.323930761	103.9567042
1.323932197	103.9520098
1.323935988	103.952869
1.323940307	103.9470246
1.323941168	103.9535973
1.32394673	103.9513004
1.323949299	103.9560542
1.323949668	103.9549352
1.323954566	103.9498526
1.323954843	103.9559292
1.323956498	103.9456667
1.323958134	103.9363413
1.323958546	103.9519603
1.323959252	103.9450402
1.323960684	103.9470974
1.323964889	103.9482056
1.323965081	103.94829
1.32396695	103.9500857
1.323968372	103.9488602
1.32397353	103.956749
1.323978283	103.9489198
1.32398	103.9556756
1.323982919	103.9519145
1.323983136	103.9560912
1.323986985	103.9513415
1.323988148	103.9452771
1.323989996	103.9535604
1.323993345	103.9528252
1.32399628	103.937745
1.32400229	103.9505371
1.324002935	103.9489556
1.324003384	103.9498243
1.324009265	103.9518649
1.324011268	103.9473474
1.324012027	103.9500594
1.32401712	103.9389668
1.324019152	103.9472281
1.324020067	103.9456429
1.32402512	103.9484146
1.324025255	103.9450116
1.324028452	103.9513831
1.324029629	103.9557178
1.324034724	103.9518153
1.324037673	103.9527778
1.324041479	103.9535355
1.324042137	103.9484743
1.324043346	103.9490432
1.324044733	103.9549563
1.324046199	103.9536361
1.3240477	103.9505121
1.324048024	103.9561588
1.324048884	103.9497992
1.32405239	103.9452485
1.324054824	103.9467095
1.324058092	103.9550611
1.324058986	103.9406956
1.324058986	103.9406956
1.324058986	103.9406956
1.324061074	103.9500321
1.324063953	103.9407491
1.324067191	103.9514219
1.324069629	103.9469798
1.324071942	103.9455886
1.324074821	103.9490923
1.324078086	103.9347006
1.324078094	103.9474244
1.324081155	103.9504575
1.324081408	103.9527444
1.324081555	103.9534901
1.324083257	103.9561949
1.324086781	103.9467889
1.324086899	103.9449822
1.324088738	103.9544218
1.324091607	103.949363
1.324092735	103.9475441
1.324097721	103.9497711
1.324098857	103.9485982
1.324106173	103.9500059
1.32410865	103.9514636
1.324113501	103.9452218
1.324116543	103.9551467
1.324119019	103.9557733
1.324122848	103.9534578
1.324124329	103.934921
1.324127384	103.950433
1.324131121	103.9455541
1.324133331	103.9543782
1.324138102	103.9493376
1.324144809	103.9497455
1.324147388	103.9515024
1.324151304	103.9469464
1.324153772	103.9503706
1.324154816	103.9525656
1.32415505	103.9499783
1.324157041	103.9437762
1.324162758	103.955202
1.324164468	103.9526733
1.324165965	103.9487829
1.32417016	103.9470116
1.324174983	103.9460535
1.324176301	103.95582
1.324176544	103.9562291
1.324178115	103.9476404
1.324178721	103.9451936
1.324186057	103.948836
1.324187959	103.9493099
1.324188607	103.9543394
1.324188854	103.951544
1.324189711	103.9486279
1.324197962	103.9455392
1.324200083	103.9503423
1.324200331	103.9499523
1.324200873	103.9411253
1.324200875	103.9536635
1.324202077	103.94771
1.324217835	103.9562735
1.324218321	103.9478297
1.324218538	103.9398567
1.324220836	103.949702
1.324222894	103.9471492
1.324224913	103.9360634
1.32422493	103.9398554
1.324227588	103.9515829
1.324230919	103.9542975
1.324231639	103.9520794
1.32423251	103.9492844
1.324235667	103.9460302
1.324236564	103.9552768
1.324238587	103.9489682
1.324239347	103.9537109
1.324240629	103.9451662
1.324242254	103.9472078
1.324245542	103.9415687
1.324246607	103.9360478
1.324249253	103.9499248
1.324251192	103.9563567
1.324252012	103.9415719
1.324252012	103.9415719
1.324252012	103.9415719
1.324253296	103.9558899
1.324259305	103.9490238
1.324261918	103.945515
1.324267142	103.9521159
1.324268562	103.9496745
1.324269067	103.9516245
1.324271399	103.9537534
1.324276948	103.9478838
1.324281962	103.9492561
1.32428806	103.954189
1.324288544	103.9447101
1.324293594	103.9541921
1.324293828	103.9564
1.324294286	103.9480205
1.324294654	103.949899
1.324301085	103.9533575
1.324302174	103.9559423
1.324303365	103.9473558
1.324307103	103.952157
1.324309962	103.9516649
1.324310805	103.946036
1.32431737	103.9496463
1.324318083	103.9480733
1.324323937	103.947409
1.324326542	103.9492306
1.324326841	103.94243
1.324338124	103.9532962
1.324342614	103.9521935
1.32434394	103.9546942
1.324348568	103.9552597
1.324355685	103.9561601
1.324356225	103.9481906
1.32436278	103.9496209
1.324370094	103.9498525
1.324371785	103.9560267
1.32437314	103.94601
1.324374772	103.9553891
1.324374791	103.9546328
1.32437545	103.9475623
1.324376015	103.9492023
1.324381673	103.9532632
1.324395067	103.9482618
1.324395371	103.9453669
1.324395717	103.9517516
1.324411092	103.9560826
1.324411411	103.9495924
1.324411794	103.9465768
1.324413896	103.9466659
1.324416939	103.9476225
1.324419888	103.9454324
1.324421111	103.9491751
1.324423186	103.949808
1.324425234	103.9554346
1.324425973	103.9545869
1.324430219	103.9532263
1.324431891	103.9522852
1.324434228	103.9483678
1.324435124	103.9517929
1.32444201	103.9459889
1.324442745	103.9454929
1.324443501	103.9450285
1.324453398	103.9484356
1.324456339	103.9495664
1.324462876	103.9477378
1.324465408	103.9535607
1.324467163	103.9545474
1.3244723	103.9523258
1.324473983	103.9531935
1.324476184	103.9455447
1.324476362	103.9518353
1.32448125	103.9497598
1.324486863	103.9561877
1.324489987	103.9478052
1.324492875	103.945596
1.324502396	103.9467977
1.324502764	103.9555026
1.324505418	103.9495386
1.324508533	103.9479369
1.324513366	103.95478
1.324514328	103.9518744
1.324515542	103.9523703
1.324517347	103.9544994
1.324517491	103.9456469
1.324517782	103.9485024
1.324522886	103.9531567
1.32452693	103.9536372
1.324529037	103.9535438
1.324529543	103.9479902
1.324538776	103.9486012
1.324543853	103.9497244
1.32454752	103.9555644
1.324550318	103.9495125
1.324555047	103.9524118
1.324555547	103.9519167
1.324556028	103.9548258
1.324560212	103.9544618
1.324563788	103.9457443
1.324566278	103.9531242
1.324569297	103.9470145
1.324572293	103.9535107
1.324574282	103.9487172
1.324577972	103.9468425
1.32458893	103.9457967
1.324593465	103.9519558
1.324595152	103.9481701
1.324596369	103.9480997
1.32459688	103.9548681
1.324599302	103.9494884
1.324608115	103.9530786
1.324608208	103.9496833
1.324610274	103.9544139
1.324610475	103.9470828
1.3246128	103.9458477
1.324614033	103.9488019
1.324617641	103.9459031
1.324621029	103.9534738
1.324628852	103.9464708
1.32463469	103.9519981
1.324637441	103.9459543
1.324639061	103.9556159
1.324644471	103.9549155
1.324647357	103.9472201
1.324648496	103.9460718
1.324650396	103.9543755
1.324655361	103.9482939
1.324658276	103.9530544
1.324660469	103.953433
1.324666824	103.9465203
1.324672673	103.9520372
1.324674022	103.9496455
1.324678528	103.9397703
1.324680541	103.9465763
1.324685573	103.9549586
1.324690367	103.9556761
1.324699906	103.9466262
1.324703461	103.9538746
1.324703676	103.9472719
1.324705824	103.9530185
1.324708156	103.9545951
1.324712563	103.9534032
1.324713899	103.9520796
1.324714906	103.9466805
1.324716617	103.9461591
1.324725277	103.9547511
1.324731437	103.9550077
1.324733758	103.9467302
1.324735335	103.946206
1.324736952	103.9484533
1.324739071	103.9538161
1.324751428	103.9546412
1.324751885	103.9521186
1.324755449	103.9533704
1.324757471	103.9474049
1.324759012	103.946781
1.32476243	103.9485285
1.324771398	103.9550509
1.324771494	103.9474872
1.324773743	103.9468319
1.324774332	103.9483099
1.324782395	103.9537843
1.324791658	103.9546848
1.324791686	103.9528437
1.324792749	103.9557104
1.324793109	103.952161
1.324794249	103.9468853
1.324796215	103.9452171
1.324799457	103.9558065
1.324803538	103.9533319
1.324813637	103.9486423
1.324813841	103.9487032
1.324813953	103.9469362
1.324822096	103.9452759
1.324822796	103.9476157
1.324824473	103.9528852
1.324826186	103.9550923
1.324828204	103.9518547
1.324832548	103.9537481
1.324838738	103.9522022
1.324838949	103.9547327
1.324841016	103.945337
1.32484647	103.9532993
1.324847828	103.9453982
1.324852621	103.9494376
1.324855764	103.9476907
1.324858814	103.95293
1.324860878	103.942554
1.324865827	103.9551354
1.324867305	103.9454491
1.324868019	103.9470314
1.324874475	103.9470882
1.324875498	103.953716
1.324880291	103.9547754
1.324880685	103.945502
1.324890176	103.952971
1.324890402	103.9448414
1.324895071	103.9532642
1.324896659	103.9478229
1.324897473	103.9478957
1.32490665	103.9455517
1.324908595	103.947135
1.324912551	103.9494016
1.3249147	103.9488142
1.324919831	103.947188
1.324922304	103.9536757
1.324924601	103.9530158
1.324924992	103.9548251
1.324925114	103.9464665
1.324930766	103.9542291
1.324935042	103.947242
1.324935459	103.9456033
1.324937897	103.9488563
1.324940656	103.9539316
1.324954297	103.9493781
1.324956004	103.9530567
1.324957323	103.9472913
1.32496396	103.9457052
1.324966047	103.9536439
1.32496606	103.9548676
1.324967675	103.9489086
1.324971788	103.9481049
1.324973509	103.9480191
1.324976533	103.9464384
1.324979622	103.9473413
1.324982292	103.9520292
1.324983875	103.9539805
1.324984177	103.9457571
1.324990293	103.9531016
1.3249917	103.9489503
1.324993334	103.9458125
1.324993794	103.9410826
1.324995374	103.9554205
1.324996548	103.955537
1.32499927	103.9473926
1.325000721	103.9543718
1.325004646	103.9549224
1.325007854	103.9493495
1.325009532	103.9474474
1.325015489	103.9536069
1.325021002	103.9544331
1.325021711	103.9531426
1.325021944	103.949003
1.325024295	103.9458587
1.325029957	103.9464274
1.325033494	103.9482526
1.325042812	103.955371
1.325044194	103.9459106
1.325044291	103.9534808
1.325044888	103.9549636
1.325046381	103.9474909
1.325048121	103.9493238
1.325049869	103.9459669
1.325056349	103.9531872
1.325056418	103.9467944
1.325058529	103.9535744
1.325071076	103.951967
1.325073615	103.9483031
1.32507404	103.9475988
1.325077682	103.9463914
1.325083136	103.9460129
1.325085278	103.9553326
1.325088429	103.9532313
1.325092556	103.9421102
1.32509329	103.9526647
1.325094484	103.947649
1.325101394	103.9492946
1.325102504	103.9460638
1.325109219	103.9535375
1.32510959	103.9467731
1.325113903	103.9540259
1.325120098	103.9476988
1.325124932	103.9519204
1.325133748	103.9463865
1.325136552	103.9509891
1.325138862	103.9484319
1.325139532	103.9552936
1.325140199	103.9477489
1.325141052	103.9492711
1.325141895	103.9533005
1.325144227	103.9527049
1.325145379	103.9485056
1.325150145	103.9470292
1.325151488	103.9540674
1.325154387	103.9545897
1.325154467	103.9467446
1.325170046	103.9552382
1.325171603	103.9477976
1.325175933	103.9533426
1.325180219	103.9527485
1.325186681	103.9463671
1.325189887	103.9478469
1.325194117	103.946989
1.325208488	103.9467249
1.325209869	103.9479006
1.325210099	103.9527908
1.325210286	103.9533873
1.325221193	103.9551924
1.325226579	103.948636
1.325228749	103.9479496
1.325233624	103.9480067
1.325242017	103.9534281
1.325242815	103.9463445
1.325244149	103.9541477
1.325245536	103.9528345
1.32524834	103.9469795
1.325251869	103.9486802
1.32525716	103.9467062
1.325262444	103.9551544
1.325266121	103.9525312
1.325269476	103.9480515
1.325276041	103.9534731
1.325276598	103.9528759
1.325280145	103.9487299
1.325282878	103.949217
1.325286962	103.9544271
1.325291428	103.9541889
1.325297408	103.9469503
1.325297791	103.9463198
1.32530602	103.9487742
1.325307863	103.9535138
1.325311533	103.9529201
1.325312459	103.9451703
1.32531246	103.9481569
1.325316263	103.9466975
1.325319992	103.9429989
1.325330366	103.9491898
1.325330782	103.9482034
1.325331176	103.9547015
1.325333547	103.9543811
1.325333972	103.9488237
1.325339727	103.9524822
1.325342523	103.9535586
1.325343044	103.952961
1.325350948	103.9482575
1.325351222	103.94694
1.325359291	103.9488681
1.325360174	103.9483104
1.325373918	103.953671
1.325374247	103.9536
1.325374575	103.9491642
1.325376847	103.9530062
1.325380965	103.954333
1.325387329	103.9489171
1.325392351	103.9483595
1.325393684	103.9466539
1.325405217	103.9527115
1.325405958	103.9469251
1.32540632	103.9537132
1.325407197	103.9484108
1.325411106	103.9530475
1.325411161	103.954274
1.32542387	103.9491356
1.325428618	103.9456125
1.325428757	103.9550546
1.325435157	103.9484605
1.325445648	103.9485112
1.325447632	103.9549879
1.325448036	103.9538059
1.325452533	103.9523907
1.325454403	103.9542299
1.325460076	103.946902
1.325464427	103.9531171
1.325468779	103.9491106
1.325479957	103.9549494
1.325497567	103.9531603
1.325499324	103.9538389
1.325511453	103.9549116
1.32551814	103.9490821
1.325524761	103.9486157
1.325531088	103.9532059
1.325532587	103.9523382
1.325533083	103.9523359
1.32553578	103.9538794
1.325543258	103.9548735
1.325547134	103.9486629
1.325553339	103.9525606
1.325563155	103.9495772
1.325563639	103.9532459
1.325564452	103.9490582
1.325572534	103.9539203
1.325585284	103.954753
1.325594178	103.9487009
1.325597483	103.9532914
1.325601717	103.9529492
1.325609289	103.9539612
1.325616604	103.9481279
1.325620917	103.948746
1.325624168	103.9488109
1.325628812	103.9547103
1.325629737	103.9533316
1.325630521	103.9495361
1.325631836	103.9525003
1.325646044	103.9540021
1.325663713	103.953377
1.325663764	103.9480989
1.325667366	103.9488478
1.325673327	103.9536776
1.325690424	103.9488991
1.325695792	103.9534173
1.325697167	103.9540608
1.325705552	103.9483728
1.325705597	103.9546201
1.325710212	103.9537177
1.325713315	103.9521739
1.325716041	103.9480802
1.325719923	103.9497985
1.325740667	103.9494523
1.325740758	103.9489315
1.325742815	103.9545698
1.32574739	103.9537582
1.325748976	103.9483487
1.325750449	103.9534467
1.325758593	103.9480434
1.325760062	103.9521432
1.325765907	103.9489817
1.325780858	103.9490335
1.325784568	103.9537986
1.325790279	103.9493932
1.325794921	103.9528446
1.32579755	103.9530348
1.325798389	103.9483192
1.325802188	103.9480149
1.325812642	103.9521182
1.32581619	103.9544763
1.325819775	103.953108
1.325821355	103.9449192
1.325821744	103.9538391
1.325826059	103.9523758
1.325842909	103.9482917
1.32585146	103.9479899
1.325858625	103.9538793
1.325861009	103.9544305
1.325880211	103.9486608
1.325882484	103.9456192
1.325891866	103.948261
1.325895199	103.9479583
1.325896801	103.9531963
1.325897469	103.9523237
1.325899435	103.9496625
1.3259072	103.9520254
1.325922471	103.9493446
1.325923327	103.9532612
1.32592356	103.9486343
1.32592784	103.9534439
1.325938741	103.9482369
1.325943055	103.9543468
1.325959127	103.9496181
1.32596368	103.9534824
1.325968117	103.9488107
1.325971987	103.9519761
1.325973473	103.9486069
1.325982842	103.9543045
1.325984804	103.9493002
1.325986499	103.9482048
1.326000647	103.9535228
1.326000752	103.950014
1.326003057	103.952244
1.326008228	103.9526733
1.32600878	103.9488763
1.326020174	103.9542647
1.326022013	103.9485821
1.326037656	103.9535635
1.326054967	103.9488486
1.32605577	103.9521949
1.326057621	103.9542247
1.326063747	103.9526317
1.326065946	103.9485456
1.326069657	103.9495417
1.326071873	103.9499563
1.326073282	103.9481757
1.326075039	103.9536038
1.326092355	103.9452697
1.32609508	103.9541847
1.326095556	103.948806
1.326104751	103.9532761
1.326111654	103.94852
1.326112522	103.9536446
1.326125845	103.9518646
1.326130624	103.9494961
1.326132484	103.9541446
1.326133962	103.9492108
1.326141626	103.9533167
1.326149061	103.948792
1.326155651	103.9525667
1.32616058	103.9484893
1.326172287	103.9541025
1.326174831	103.9491765
1.326177833	103.9492855
1.326189248	103.9533487
1.326196385	103.9520551
1.326199047	103.9487636
1.326202182	103.948455
1.326213762	103.9525188
1.326215364	103.9533983
1.326220124	103.9491485
1.326221807	103.9539758
1.326223456	103.9516582
1.326225678	103.952163
1.326231659	103.9487149
1.326244998	103.9484126
1.32624609	103.9485224
1.326248436	103.9526903
1.326249115	103.9499286
1.326252237	103.9534391
1.326264047	103.9539366
1.326266194	103.9527544
1.32627164	103.9491217
1.326277876	103.952822
1.326283265	103.9486909
1.326285359	103.9534966
1.326304358	103.9538991
1.326310632	103.9493746
1.326310643	103.9517531
1.326311152	103.9490874
1.32631561	103.9498875
1.326332322	103.9486659
1.326344667	103.9538617
1.326354679	103.952867
1.32635559	103.9523951
1.326372182	103.949077
1.326376349	103.9501035
1.326379287	103.9538164
1.326381973	103.9486395
1.326403017	103.9495389
1.326409927	103.9490386
1.326412933	103.9537773
1.326449341	103.9495782
1.326449525	103.9529507
1.326458532	103.9493413
1.326461735	103.9490126
1.326465553	103.9537494
1.326472391	103.9497925
1.326482814	103.9504455
1.326488348	103.9522048
1.32650036	103.9496469
1.326506649	103.9537113
1.326511977	103.952999
1.326523944	103.9532521
1.326544573	103.9489938
1.326546786	103.9496868
1.326547553	103.9521823
1.326551269	103.9500003
1.326556092	103.9516473
1.326570567	103.9532152
1.326591362	103.9521488
1.326602211	103.9497512
1.326605095	103.9516085
1.326607187	103.953624
1.326613544	103.9531806
1.326635197	103.9521155
1.326638852	103.9503145
1.326642984	103.947634
1.32664776	103.9497911
1.326650546	103.9535909
1.326656637	103.9531464
1.326659081	103.948163
1.326666167	103.9492306
1.326673036	103.9527308
1.326678916	103.9520822
1.326681427	103.9493045
1.326694264	103.9535575
1.326700311	103.9531113
1.326705654	103.9523262
1.326710625	103.9498457
1.326712191	103.9515241
1.326722492	103.9520486
1.326737981	103.953524
1.326754052	103.9493972
1.326754255	103.9527597
1.326756361	103.9498858
1.3267632	103.9514842
1.326763935	103.9523075
1.326765307	103.952016
1.326777895	103.9494622
1.3267817	103.9534906
1.326797776	103.9527262
1.326807371	103.9522735
1.326819322	103.9499414
1.326841158	103.9526925
1.326842588	103.9529967
1.326845925	103.9534834
1.326850881	103.9522395
1.326854414	103.9485263
1.326862674	103.9495565
1.326862966	103.9519361
1.326864869	103.9499815
1.326869136	103.9534238
1.326869665	103.9514036
1.326884808	103.9526589
1.3268882	103.9529615
1.326890976	103.9496137
1.326894166	103.9522057
1.326906892	103.9519025
1.326912498	103.9533906
1.326928128	103.9500667
1.326928613	103.9526252
1.326939628	103.9521703
1.326939875	103.951396
1.326945335	103.9529448
1.32695051	103.9518691
1.326971876	103.9497156
1.32697296	103.952591
1.32697466	103.9512299
1.326974661	103.9512299
1.32697574	103.9528941
1.326994387	103.9518355
1.327015243	103.9461559
1.327019008	103.9528605
1.327020959	103.949808
1.327024025	103.9517819
1.327035315	103.9520962
1.327043947	103.9513009
1.327062357	103.9501622
1.32706454	103.9528256
1.327068516	103.9525146
1.32707149	103.9462844
1.32707889	103.9512452
1.327080376	103.9520615
1.327081152	103.9477724
1.327082059	103.9517688
1.327108306	103.9499757
1.327113584	103.9524802
1.327123784	103.9520279
1.32712558	103.9517352
1.327133136	103.948931
1.32715722	103.9524468
1.327162343	103.952748
1.327167315	103.9519942
1.327187094	103.9463486
1.327201198	103.9524133
1.327204818	103.9527155
1.327213984	103.9516865
1.327238156	103.9519156
1.327244846	103.9523798
1.32724826	103.9526819
1.327250452	103.9501744
1.327262319	103.9467715
1.327289062	103.9523459
1.327291734	103.9526484
1.327299736	103.9468719
1.327304256	103.9492281
1.327317259	103.9483635
1.327328697	103.9502613
1.327332354	103.952617
1.327368743	103.9510818
1.327416808	103.9510339
1.327428292	103.9489209
1.327485972	103.9495042
1.327503294	103.9515117
1.327520435	103.9509489
1.327523268	103.9517466
1.327556278	103.9514422
1.327570243	103.9517152
1.327571464	103.9509306
1.327590171	103.9521403
1.327602021	103.9514116
1.327615992	103.9516846
1.327643382	103.9523869
1.327647585	103.9520834
1.327647765	103.951381
1.327666494	103.9516624
1.327675072	103.9508456
1.327676588	103.9498052
1.327687456	103.9523574
1.327693333	103.9520528
1.327693508	103.9513505
1.327707489	103.9516234
1.327726103	103.9508272
1.327733207	103.9523268
1.32773908	103.9520222
1.327739249	103.9513199
1.327753237	103.9515929
1.327761234	103.9527492
1.327778955	103.9522962
1.327784825	103.9519916
1.327784997	103.9512893
1.327798986	103.9515623
1.327824705	103.9522657
1.327830571	103.9519611
1.327844734	103.9515317
1.327854	103.9512507
1.327859751	103.9527891
1.327870456	103.9522351
1.327876318	103.9519305
1.327890484	103.9515011
1.327913114	103.9518885
1.327916207	103.9522045
1.327930643	103.9528623
1.327961956	103.9521739
1.327963773	103.9527292
1.32797543	103.9515236
1.32798042	103.9526135
1.328007706	103.9521433
1.328017027	103.9526959
1.328018461	103.9519389
1.328023765	103.9528195
1.328104263	103.9521129
1.328107816	103.9526273
1.328170675	103.9525861
1.328228737	103.9525045
1.328260122	103.9524164
1.328473243	103.9513562