1.274696419	103.8413874
1.274738454	103.8413613
1.274849748	103.8421848
1.27487031	103.8425573
1.27493848	103.8414224
1.275075047	103.8413211
1.275075048	103.8413211
1.275075048	103.8413211
1.275120043	103.8413059
1.275177059	103.8412833
1.27521198	103.8427089
1.275236831	103.8426053
1.275257852	103.8413544
1.275488086	103.841419
1.275498954	103.8413985
1.275501069	103.841596
1.275532291	103.8412746
1.275570062	103.8426834
1.275570062	103.8426834
1.275596193	103.8423932
1.275596198	103.8423932
1.275596198	103.8423932
1.275619186	103.8424313
1.275687028	103.8424336
1.27585064	103.8442448
1.275881326	103.8442648
1.275905201	103.8427412
1.275958464	103.8436985
1.275986995	103.8411918
1.276166986	103.8415842
1.276166993	103.8415069
1.27624052	103.8430061
1.27624052	103.8430061
1.27624052	103.8430061
1.27625904	103.8429235
1.276481341	103.8418877
1.276525745	103.8419184
1.276525745	103.8419184
1.276571137	103.8419983
1.276571137	103.8419983
1.276571137	103.8419983
1.2765737	103.8419983
1.276613711	103.8431617
1.276614648	103.843167
1.276621683	103.8411561
1.276621684	103.8411561
1.276666408	103.8420146
1.276666408	103.8420146
1.276666408	103.8420146
1.276920234	103.8414858
1.276920243	103.8414858
1.276936749	103.8438472
1.276954454	103.8431539
1.277034735	103.841261
1.277066788	103.8424362
1.277120122	103.8431177
1.277245574	103.8446638
1.27726377	103.8443936
1.27726377	103.8443936
1.277272573	103.8429172
1.277274846	103.8429141
1.277308671	103.8437806
1.277309016	103.8437801
1.277309016	103.8437801
1.277313655	103.8446754
1.277313945	103.8444035
1.277313945	103.8444035
1.277331291	103.8440535
1.27736034	103.8437769
1.277361289	103.844683
1.27736137	103.8446824
1.277363064	103.8444121
1.277409814	103.8446921
1.277412362	103.8437712
1.277412801	103.8437724
1.277413065	103.844414
1.277413065	103.844414
1.277413065	103.844414
1.277426603	103.8440509
1.277426603	103.8440509
1.277426603	103.8440509
1.277449094	103.8416667
1.277459195	103.8446994
1.277459512	103.8444285
1.277459512	103.8444285
1.277459512	103.8444285
1.277459512	103.8444285
1.277465404	103.8437695
1.277465431	103.8437709
1.277465431	103.8437709
1.277470884	103.843403
1.277475329	103.8440578
1.277475329	103.8440578
1.277475329	103.8440578
1.277508747	103.8447087
1.277508754	103.8444369
1.277508754	103.8444369
1.277508754	103.8444369
1.277508754	103.8444369
1.277516981	103.8437744
1.277517017	103.843775
1.277517017	103.843775
1.277517017	103.843775
1.277518006	103.8434055
1.27752619	103.8440634
1.27752619	103.8440634
1.27752619	103.8440634
1.2775556	103.8434067
1.277557013	103.8431165
1.277557013	103.8431165
1.277557013	103.8431165
1.277557668	103.8447174
1.277557668	103.8447174
1.277557668	103.8447174
1.277558736	103.8444461
1.277558736	103.8444461
1.277558736	103.8444461
1.277567835	103.8437821
1.277567835	103.8437821
1.27756805	103.8437799
1.277568411	103.8430675
1.277568411	103.8430675
1.277568411	103.8430675
1.277575618	103.8432625
1.277575618	103.8432625
1.277577071	103.8440711
1.277577071	103.8440711
1.277577071	103.8440711
1.277596133	103.8432671
1.277605374	103.8434071
1.277605374	103.8434071
1.277608072	103.8444536
1.277608072	103.8444536
1.277617884	103.8437888
1.277617884	103.8437888
1.277618094	103.8437868
1.277619272	103.8432254
1.277619272	103.8432254
1.277619272	103.8432254
1.277626832	103.8440794
1.277626832	103.8440794
1.277626832	103.8440794
1.277628594	103.84318
1.277628594	103.84318
1.277628594	103.84318
1.27765456	103.8447342
1.27765456	103.8447342
1.27765456	103.8447342
1.277655844	103.8444623
1.277655844	103.8444623
1.277659716	103.843035
1.277659716	103.843035
1.277661293	103.8434083
1.277661294	103.8434083
1.277667691	103.8437962
1.277667691	103.8437962
1.27766785	103.8437946
1.277676036	103.8440892
1.2776896	103.8421819
1.277697006	103.8428578
1.277697006	103.8428578
1.277698856	103.8428581
1.277702468	103.8447421
1.277704531	103.8444702
1.277704531	103.8444702
1.277705572	103.8434059
1.277705572	103.8434059
1.277712048	103.8428055
1.277717881	103.8438045
1.277717881	103.8438045
1.277717881	103.8438045
1.277718113	103.8438028
1.277723003	103.8427533
1.277724223	103.8421544
1.277725875	103.844097
1.277725875	103.844097
1.277725875	103.844097
1.2777342	103.8427063
1.27774497	103.8426644
1.27774497	103.8426644
1.27774497	103.8426644
1.277749555	103.844751
1.277753173	103.8444787
1.277753173	103.8444787
1.277758932	103.8421295
1.27775954	103.8421307
1.27775954	103.8421307
1.277763772	103.8434171
1.277767601	103.8438127
1.277767601	103.8438127
1.27776784	103.8438112
1.277774965	103.8441094
1.277774965	103.8441094
1.277774965	103.8441094
1.277795063	103.8421047
1.277799211	103.8447595
1.277799407	103.8414034
1.27780175	103.8444868
1.27780175	103.8444868
1.277817298	103.8438248
1.277817298	103.8438248
1.277818039	103.8438219
1.277823714	103.8441228
1.277823715	103.8441228
1.277823715	103.8441228
1.27782558	103.8434343
1.27782558	103.8434343
1.277834613	103.8420849
1.27784271	103.8409659
1.277848133	103.8447681
1.27784829	103.8447676
1.277850428	103.8444955
1.277850428	103.8444955
1.277853838	103.8431774
1.277853838	103.8431774
1.277853838	103.8431774
1.277868064	103.8438373
1.277868064	103.8438373
1.277868064	103.8438373
1.277868271	103.8434469
1.277868271	103.8434469
1.277869018	103.8438339
1.277872956	103.8441337
1.277874135	103.842066
1.277874143	103.842066
1.277896983	103.8447751
1.277899203	103.8431888
1.277899203	103.8431888
1.277899203	103.8431888
1.277905936	103.8420314
1.277908847	103.8434633
1.277915304	103.8420477
1.277915304	103.8420477
1.277915304	103.8420477
1.277918718	103.8438496
1.277918718	103.8438496
1.277919803	103.8438459
1.277921712	103.844147
1.277921713	103.844147
1.277921713	103.844147
1.277937134	103.8432112
1.277937135	103.8432112
1.277937135	103.8432112
1.277946064	103.8447833
1.277946188	103.8447829
1.277949531	103.8434791
1.277949531	103.8434791
1.277954894	103.8420292
1.277970793	103.8438572
1.277971059	103.8445152
1.277971059	103.8445152
1.277971059	103.8445152
1.277971059	103.8445152
1.277971059	103.8445152
1.277971059	103.8445152
1.277971059	103.8445152
1.277971059	103.8445152
1.277971241	103.8441603
1.277971241	103.8441603
1.277971241	103.8441603
1.277978675	103.8432278
1.277984686	103.8435002
1.277991251	103.8420064
1.277991251	103.8420064
1.277991545	103.8420073
1.27799599	103.842907
1.27799599	103.842907
1.27799599	103.842907
1.277997292	103.8447922
1.277997298	103.8447916
1.27801961	103.8441748
1.278019788	103.8438738
1.278019788	103.8438738
1.278019841	103.8432476
1.278020273	103.843872
1.27802083	103.8435146
1.278026744	103.8419797
1.278029168	103.8419749
1.278031031	103.8423882
1.278056743	103.8435298
1.278056743	103.8435298
1.278059761	103.8419466
1.278061433	103.8432665
1.278061433	103.8432665
1.278061433	103.8432665
1.278066621	103.8441886
1.278066621	103.8441886
1.278066621	103.8441886
1.278070124	103.8438912
1.278091811	103.8435439
1.278091812	103.8435439
1.278092484	103.8445405
1.278093515	103.8429453
1.278093515	103.8429453
1.278093515	103.8429453
1.278099133	103.8426781
1.278103447	103.8432844
1.278103447	103.8432844
1.278103447	103.8432844
1.278107176	103.8419387
1.278113881	103.8442021
1.278113882	103.8442021
1.278113882	103.8442021
1.278121767	103.8439101
1.278121767	103.8439101
1.278121767	103.8439101
1.278121847	103.8439098
1.278127368	103.8435575
1.278127368	103.8435575
1.278136679	103.842967
1.278136679	103.842967
1.278136756	103.8429669
1.278139837	103.8433108
1.278142789	103.8445493
1.278142789	103.8445493
1.278142789	103.8445493
1.278144849	103.8419157
1.278162549	103.8442141
1.278163319	103.8435725
1.278163319	103.8435725
1.278173527	103.8439291
1.278173527	103.8439291
1.278173642	103.8439288
1.278179289	103.843328
1.27817929	103.843328
1.27817929	103.843328
1.27818002	103.8429877
1.27818002	103.8429877
1.27818002	103.8429877
1.278182083	103.8418923
1.27819043	103.8445567
1.278199731	103.8418293
1.278199731	103.8418293
1.278199731	103.8418293
1.278199792	103.8418295
1.278203091	103.8435854
1.278210867	103.8442269
1.278210867	103.8442269
1.278210867	103.8442269
1.278218879	103.8433456
1.278218879	103.8433456
1.27821888	103.8433456
1.27822286	103.8439467
1.27822286	103.8439467
1.278222952	103.8439465
1.278223273	103.8430096
1.278223274	103.8430096
1.278223274	103.8430096
1.278233511	103.8405541
1.2782363	103.844546
1.2782363	103.844546
1.2782363	103.844546
1.278242474	103.8418015
1.278242502	103.8418015
1.278242502	103.8418015
1.278242502	103.8418015
1.278243219	103.8436022
1.278245827	103.8405487
1.27825799	103.8442386
1.27825799	103.8442386
1.27825799	103.8442386
1.278258323	103.8433632
1.278264223	103.8424758
1.278264223	103.8424758
1.278265371	103.8406005
1.278265371	103.8406005
1.278265371	103.8406005
1.278266989	103.8430348
1.278266989	103.8430348
1.278266989	103.8430348
1.278266989	103.8430348
1.278266989	103.8430348
1.278269791	103.8439635
1.278269791	103.8439635
1.27826992	103.8439631
1.27827672	103.8448475
1.278278224	103.8436296
1.278284105	103.8417749
1.278284179	103.841775
1.278284488	103.8445426
1.278284489	103.8445426
1.278284489	103.8445426
1.27828754	103.8406485
1.27828754	103.8406485
1.27828754	103.8406485
1.278298652	103.843378
1.278305697	103.8442468
1.278305697	103.8442468
1.278305697	103.8442468
1.278311739	103.8430585
1.278312145	103.8406941
1.278312145	103.8406941
1.278312146	103.8406941
1.278316401	103.843982
1.278317065	103.8439803
1.278317065	103.8439803
1.278317814	103.8436482
1.278317814	103.8436482
1.278324996	103.844582
1.278324996	103.844582
1.278324996	103.844582
1.278325491	103.8417482
1.278325623	103.8417484
1.278325623	103.8417484
1.278326477	103.8424613
1.278326477	103.8424613
1.278326555	103.8428083
1.278333604	103.8407425
1.278333604	103.8407425
1.278333604	103.8407425
1.278334185	103.8407421
1.278337591	103.8433964
1.278352201	103.8408773
1.278353911	103.8442553
1.278353911	103.8442553
1.278353911	103.8442553
1.278355505	103.8430807
1.278355505	103.8430807
1.278355505	103.8430807
1.278355505	103.8430807
1.27835836	103.8436625
1.27835836	103.8436625
1.27835836	103.8436625
1.278360189	103.8407906
1.278360189	103.8407906
1.278360189	103.8407906
1.278360189	103.8407906
1.278360215	103.8440074
1.278362886	103.8439975
1.278362886	103.8439975
1.278373456	103.8428262
1.278376626	103.8424689
1.278377894	103.8434146
1.278391682	103.8408752
1.278396958	103.8436737
1.278396958	103.8436737
1.278396958	103.8436737
1.278399813	103.8431021
1.278399814	103.8431021
1.278399814	103.8431021
1.278399814	103.8431021
1.27840012	103.8442689
1.27840012	103.8442689
1.27840012	103.8442689
1.278408348	103.8440199
1.278417661	103.8428457
1.2784182	103.8424963
1.2784182	103.8424963
1.278418918	103.8434336
1.278418918	103.8434336
1.278418918	103.8434336
1.278433947	103.8405334
1.278435127	103.8436835
1.278435127	103.8436835
1.278435127	103.8436835
1.27844144	103.8443024
1.278443983	103.8431236
1.278443983	103.8431236
1.278443983	103.8431236
1.278443983	103.8431236
1.278456524	103.8440314
1.278459128	103.8425255
1.278459128	103.8425255
1.278459128	103.8425255
1.278459128	103.8425255
1.278460211	103.8428653
1.278460211	103.8428653
1.278460211	103.8428653
1.278460211	103.8428653
1.278460334	103.8434509
1.278471365	103.8446067
1.278471544	103.8416611
1.278471927	103.8436967
1.278472376	103.8436952
1.278472376	103.8436952
1.278475271	103.8405132
1.278488604	103.8431441
1.278488604	103.8431441
1.278488604	103.8431441
1.278488604	103.8431441
1.278489574	103.8410322
1.278489574	103.8410322
1.278489952	103.844312
1.278499492	103.8425568
1.278499492	103.8425568
1.278499492	103.8425568
1.278499492	103.8425568
1.27850236	103.8428854
1.278502908	103.8434641
1.278506335	103.8440351
1.278506335	103.8440351
1.278506842	103.8440425
1.278510154	103.8437026
1.278510191	103.8437025
1.278513653	103.8404912
1.278513653	103.8404912
1.278515045	103.8410791
1.27853335	103.8431649
1.278536243	103.8411165
1.278541076	103.8425853
1.278544303	103.8434788
1.278544303	103.8434788
1.278544966	103.842905
1.278545683	103.8437125
1.278545689	103.8437126
1.278554409	103.8404712
1.278556987	103.841155
1.278581599	103.8437221
1.278581664	103.8437219
1.278583043	103.8426123
1.278583044	103.8426123
1.278583044	103.8426123
1.278586581	103.8434925
1.27858755	103.8429249
1.278589299	103.8407435
1.278593187	103.8404482
1.278596868	103.8412
1.27861123	103.8440295
1.278612807	103.8440271
1.278612807	103.8440271
1.278612807	103.8440271
1.278616989	103.8437344
1.27862706	103.8426349
1.278631636	103.8429452
1.278632029	103.8434993
1.278632636	103.8404288
1.278650609	103.8437606
1.278651688	103.8448962
1.27865377	103.8407069
1.278657814	103.8442518
1.278657814	103.8442518
1.278658088	103.8442506
1.27866601	103.8420916
1.278668499	103.8440298
1.278669584	103.8404042
1.278671579	103.8404082
1.278676649	103.84268
1.27867669	103.8435035
1.278692396	103.8410221
1.278693553	103.8437522
1.278703444	103.8406829
1.278703444	103.8406829
1.278709486	103.8403867
1.278721017	103.8435025
1.278731241	103.8440464
1.278731292	103.8440473
1.278731292	103.8440473
1.278731292	103.8440473
1.278737065	103.8410112
1.278737065	103.8410112
1.278737065	103.8410112
1.278737329	103.8437515
1.278737381	103.8437528
1.278749529	103.8403661
1.278754367	103.840654
1.278766446	103.8434978
1.278766654	103.8434964
1.278777291	103.8409953
1.278781682	103.8437526
1.27878255	103.8425934
1.27878255	103.8425934
1.278790542	103.8403451
1.278790542	103.8403451
1.278790542	103.8403451
1.278808489	103.8406322
1.278808489	103.8406322
1.27880849	103.8406322
1.278810645	103.8435006
1.278819268	103.8409799
1.278826171	103.8437504
1.278829505	103.8403215
1.27885086	103.8406126
1.27885086	103.8406126
1.27885086	103.8406126
1.27885513	103.8434904
1.278861559	103.8449428
1.278870347	103.8431879
1.278871677	103.8403009
1.278871764	103.8409792
1.278871765	103.8409792
1.278872041	103.8437354
1.278888739	103.8405929
1.27890065	103.8434897
1.278913788	103.8402779
1.278918321	103.841422
1.278920821	103.8437297
1.278922664	103.844089
1.278922665	103.844089
1.278922665	103.844089
1.278922665	103.844089
1.278923228	103.8409604
1.278931004	103.8405729
1.278944254	103.8434846
1.278944418	103.8434843
1.278955535	103.8402557
1.278967473	103.8437265
1.278972406	103.8421678
1.278972407	103.8421678
1.278972407	103.8421678
1.278973357	103.8405527
1.278973357	103.8405527
1.278973357	103.8405527
1.278974518	103.8409428
1.278982594	103.844086
1.278982594	103.844086
1.278982594	103.844086
1.278982594	103.844086
1.278986401	103.8434777
1.278986412	103.8434773
1.278989684	103.8416474
1.278997296	103.8402335
1.278999243	103.8446799
1.279011464	103.8422028
1.279011464	103.8422028
1.279011465	103.8422028
1.279012133	103.8437081
1.279015442	103.840532
1.279015442	103.840532
1.279015442	103.840532
1.279022224	103.8446752
1.279026691	103.8409243
1.279028173	103.8434736
1.279028326	103.8434738
1.279033572	103.8440826
1.279039055	103.840211
1.279049189	103.84224
1.279049189	103.84224
1.279049189	103.84224
1.279052758	103.841679
1.279058675	103.8405108
1.279060282	103.8436986
1.279064324	103.8450304
1.279070778	103.8434672
1.279071111	103.8434685
1.279073363	103.8408873
1.27908013	103.8401883
1.279083823	103.8440834
1.279083823	103.8440834
1.279083823	103.8440834
1.279083823	103.8440834
1.279087566	103.8422739
1.279087566	103.8422739
1.279087567	103.8422739
1.279104678	103.8417018
1.279104678	103.8417018
1.279104678	103.8417018
1.279104678	103.8417018
1.279104971	103.8404889
1.279108483	103.8436869
1.279108566	103.8436871
1.279116064	103.8434584
1.279116819	103.843462
1.279122262	103.8401664
1.27912534	103.8423077
1.27912534	103.8423077
1.27912534	103.8423077
1.279135039	103.8440801
1.279135039	103.8440801
1.279135039	103.8440801
1.279135039	103.8440801
1.279141131	103.8417354
1.279141131	103.8417354
1.279141131	103.8417354
1.279141131	103.8417354
1.279155719	103.8436737
1.279155719	103.8436737
1.279163649	103.8423437
1.27916365	103.8423437
1.27916365	103.8423437
1.279164714	103.8401432
1.279164714	103.8401432
1.279164714	103.8401432
1.279176353	103.8434459
1.279177281	103.8434522
1.279177281	103.8434522
1.279178843	103.8404522
1.279179015	103.8417699
1.279179015	103.8417699
1.279179015	103.8417699
1.279179015	103.8417699
1.279184411	103.8408476
1.279184411	103.8408476
1.279185033	103.8440824
1.279185141	103.8440816
1.279185141	103.8440816
1.279185141	103.8440816
1.279200458	103.8426302
1.279201388	103.8426296
1.279202479	103.8436657
1.279202479	103.8436657
1.279202911	103.8423802
1.279206107	103.8401212
1.279231728	103.8408815
1.279235342	103.8440823
1.279236145	103.8426683
1.279238458	103.8426671
1.279241144	103.8434368
1.279247243	103.8400996
1.279249333	103.8436526
1.279258552	103.8413958
1.279258552	103.8413958
1.279258552	103.8413958
1.279268861	103.8427124
1.279270167	103.8427122
1.27927732	103.8408775
1.279279974	103.8412837
1.279279974	103.8412837
1.279282256	103.8416061
1.279282256	103.8416061
1.279282256	103.8416061
1.279282256	103.8416061
1.279286711	103.8440675
1.279286711	103.8440675
1.279286711	103.8440675
1.279286712	103.8440675
1.279288855	103.8400783
1.279292756	103.8434312
1.279293875	103.8423571
1.279293875	103.8423571
1.279295842	103.8427619
1.279296538	103.8427618
1.279298473	103.8436538
1.279303707	103.8413984
1.279322448	103.8408404
1.279326199	103.8428085
1.2793262	103.8428085
1.279327215	103.8423897
1.279328634	103.8403797
1.279329692	103.8444042
1.279330281	103.8400557
1.279339579	103.8440721
1.279339579	103.8440721
1.279339579	103.8440721
1.279339579	103.8440721
1.279345168	103.843428
1.2793487	103.8428579
1.2793487	103.8428579
1.279348727	103.843652
1.279357474	103.8413927
1.279361909	103.8424238
1.27936191	103.8424238
1.279362555	103.8408371
1.279371784	103.8400305
1.279371874	103.8416106
1.279371874	103.8416106
1.279371874	103.8416106
1.279371874	103.8416106
1.279374664	103.8429004
1.279375244	103.8429002
1.279383142	103.8441004
1.279383142	103.8441004
1.279383142	103.8441004
1.279383236	103.8440999
1.279399278	103.8424571
1.279399278	103.8424571
1.279402147	103.8429409
1.279402314	103.842941
1.279403003	103.8413902
1.279403003	103.8413902
1.279403003	103.8413902
1.27941068	103.8408321
1.27942782	103.842983
1.279432172	103.8441081
1.279432172	103.8441081
1.279432172	103.8441081
1.279432172	103.8441081
1.279437205	103.8424896
1.279437205	103.8424896
1.279451088	103.8403202
1.279451277	103.8430268
1.279452804	103.8413494
1.279453216	103.8408355
1.279454522	103.8416245
1.279454522	103.8416245
1.279454522	103.8416245
1.279454522	103.8416245
1.279470228	103.8425252
1.279470229	103.8425252
1.279478924	103.8432119
1.279478924	103.8432119
1.279480608	103.8430681
1.27948101	103.8441168
1.279483851	103.8434433
1.279483851	103.8434433
1.279483973	103.8432171
1.279490935	103.8420424
1.279490935	103.8420424
1.279499677	103.8425617
1.279499677	103.8425617
1.279502438	103.8431127
1.279502438	103.8431127
1.279502438	103.8431127
1.279502798	103.8431125
1.279503227	103.8408308
1.279519066	103.8426138
1.279519066	103.8426138
1.279524049	103.8402857
1.279528799	103.8434461
1.279528799	103.8434461
1.279529276	103.8441244
1.279529276	103.8441244
1.279529276	103.8441244
1.279529276	103.8441244
1.279529773	103.8413467
1.279530763	103.8431979
1.279530763	103.8431979
1.279532759	103.8420809
1.279534223	103.8437005
1.279534386	103.8432025
1.279544843	103.8417262
1.279544843	103.8417262
1.279544843	103.8417262
1.279545762	103.8408302
1.279546582	103.8415954
1.279546582	103.8415954
1.279546582	103.8415954
1.279546582	103.8415954
1.279547886	103.8426687
1.279547886	103.8426687
1.279547886	103.8426687
1.279570952	103.8434434
1.279570952	103.8434434
1.279572534	103.8427192
1.279573499	103.8421151
1.279573499	103.8421151
1.279578098	103.8441325
1.279578099	103.8441325
1.279578099	103.8441325
1.279578099	103.8441325
1.279578456	103.8431832
1.279578456	103.8431832
1.279582174	103.8431882
1.279591872	103.8417656
1.279591872	103.8417656
1.279591872	103.8417656
1.279596079	103.8427638
1.279596501	103.8408254
1.279607047	103.8413432
1.279607047	103.8413432
1.279607047	103.8413432
1.279608998	103.8421455
1.279616778	103.8434386
1.279616778	103.8434386
1.279619269	103.8428078
1.27961927	103.8428078
1.279623275	103.8418162
1.279626686	103.8400076
1.279630131	103.8431736
1.279630131	103.8431736
1.279630132	103.8431736
1.279634817	103.843696
1.279634817	103.843696
1.27963564	103.8441475
1.27963564	103.8441475
1.27963564	103.8441475
1.27963564	103.8441475
1.279642455	103.8428517
1.279642922	103.8407717
1.279642922	103.8407717
1.279642922	103.8407717
1.279643046	103.8428514
1.279646191	103.8421684
1.279646191	103.8421684
1.279658336	103.8413435
1.279658336	103.8413435
1.279663184	103.8418614
1.279663184	103.8418614
1.279663185	103.8418614
1.279665415	103.8428948
1.279665415	103.8428948
1.279665415	103.8428948
1.279668101	103.843439
1.279668101	103.843439
1.279668789	103.8421934
1.27966879	103.8421934
1.279681327	103.8437059
1.27968471	103.8475764
1.279685396	103.847576
1.279685396	103.847576
1.279687311	103.8429402
1.279687311	103.8429402
1.279687311	103.8429402
1.279695225	103.8407811
1.279695225	103.8407811
1.279695225	103.8407811
1.279709153	103.8413441
1.279709153	103.8413441
1.279709153	103.8413441
1.279713126	103.8429837
1.279713127	103.8429837
1.279713127	103.8429837
1.279719475	103.8475148
1.279719934	103.847515
1.279719934	103.847515
1.279720183	103.8434312
1.279720183	103.8434312
1.279724647	103.840536
1.279731312	103.8436983
1.279731313	103.8436983
1.279733932	103.8419398
1.279733932	103.8419398
1.279737677	103.843026
1.279737677	103.843026
1.279737678	103.843026
1.279746838	103.840786
1.279746838	103.840786
1.279746838	103.840786
1.27975936	103.841347
1.27975936	103.841347
1.27975936	103.841347
1.279762077	103.8430688
1.279767689	103.8434123
1.279767689	103.8434123
1.279770125	103.8419817
1.279770125	103.8419817
1.279776995	103.8422943
1.279776996	103.8422943
1.279777036	103.8436888
1.279777036	103.8436888
1.279777918	103.8473425
1.279777918	103.8473425
1.279780528	103.8473394
1.279784992	103.8475983
1.27978514	103.8475979
1.27978514	103.8475979
1.279787703	103.8431111
1.279791891	103.8404901
1.279791891	103.8404901
1.279791891	103.8404901
1.279797537	103.8416047
1.279797537	103.8416047
1.279797537	103.8416047
1.27979831	103.8407913
1.27979831	103.8407913
1.27979831	103.8407913
1.279805219	103.8420211
1.27980522	103.8420211
1.279808505	103.8423318
1.279808506	103.8423318
1.279809981	103.8413518
1.279809981	103.8413518
1.279809981	103.8413518
1.279816208	103.8431525
1.279821142	103.8436912
1.279821142	103.8436912
1.27982757	103.8404477
1.279827571	103.8404477
1.279827571	103.8404477
1.279831129	103.847622
1.279831129	103.847622
1.27983215	103.8423727
1.27983215	103.8423727
1.279834924	103.8476174
1.279838952	103.8473695
1.279838952	103.8473695
1.279839432	103.8473687
1.27984475	103.840813
1.27984475	103.840813
1.27984475	103.840813
1.279849153	103.841638
1.279852872	103.8420543
1.279859319	103.8432806
1.279859319	103.8432806
1.279859954	103.8424111
1.279859955	103.8424111
1.279860156	103.8413605
1.27986419	103.8437053
1.279864324	103.8437044
1.279877452	103.8476451
1.279877452	103.8476451
1.279877452	103.8476451
1.279877452	103.8476451
1.279885263	103.8433245
1.279885263	103.8433245
1.279887574	103.8473984
1.279887574	103.8473984
1.279888195	103.8473977
1.279889477	103.8470148
1.279889477	103.8470148
1.279892974	103.8470211
1.27989431	103.8416674
1.279896357	103.8408125
1.279904912	103.8437265
1.279904912	103.8437265
1.279908127	103.8433689
1.279908127	103.8433689
1.279912203	103.8413616
1.279912203	103.8413616
1.279912203	103.8413616
1.279926635	103.8442615
1.279929172	103.8476711
1.279929172	103.8476711
1.279929805	103.8476759
1.279936313	103.8424801
1.279939178	103.8474158
1.279941047	103.8434039
1.279941047	103.8434039
1.279943687	103.8437608
1.279943687	103.8437608
1.279944027	103.8408526
1.279946942	103.8470591
1.279947543	103.8470526
1.279947543	103.8470526
1.279948186	103.8416592
1.279948187	103.8416592
1.279948187	103.8416592
1.279961351	103.842523
1.279962589	103.8422628
1.27996259	103.8422628
1.279963735	103.8413664
1.279963735	103.8413664
1.279963735	103.8413664
1.279965052	103.8468659
1.279965053	103.8468659
1.279965739	103.8434418
1.27996574	103.8434418
1.279966903	103.8465228
1.279966903	103.8465228
1.279973077	103.8477012
1.279978238	103.8468341
1.279978238	103.8468341
1.279978239	103.8468341
1.279982784	103.8437949
1.27998308	103.8437938
1.279984089	103.8425637
1.279988147	103.8470746
1.27998887	103.8434793
1.27998887	103.8434793
1.27998887	103.8434793
1.279990838	103.8416617
1.279990838	103.8416617
1.279990838	103.8416617
1.279991024	103.8468032
1.279991024	103.8468032
1.279991024	103.8468032
1.279991087	103.8418904
1.279991087	103.8418904
1.279991087	103.8418904
1.279991087	103.8418904
1.279993	103.847427
1.27999305	103.8474315
1.27999305	103.8474315
1.279994224	103.8422384
1.279994224	103.8422384
1.27999489	103.8408238
1.27999489	103.8408238
1.27999489	103.8408238
1.279995357	103.8470635
1.279995357	103.8470635
1.28000668	103.8467667
1.28000668	103.8467667
1.28000668	103.8467667
1.280013059	103.843516
1.280013059	103.843516
1.280013923	103.8414006
1.280025034	103.8477317
1.280029698	103.8422182
1.280029698	103.8422182
1.280036258	103.8435548
1.280036258	103.8435548
1.280038322	103.8474636
1.280038322	103.8474636
1.280044745	103.8470762
1.280044745	103.8470762
1.280044918	103.8470759
1.280045293	103.8403587
1.280045826	103.8474543
1.280046253	103.8416686
1.280046253	103.8416686
1.280046253	103.8416686
1.280046878	103.8468236
1.280046878	103.8468236
1.280046878	103.8468236
1.280049797	103.8424819
1.280050769	103.8408289
1.280061644	103.8435916
1.280061644	103.8435916
1.280063895	103.8418777
1.280063896	103.8418777
1.280063896	103.8418777
1.280063896	103.8418777
1.280065017	103.8421975
1.280065017	103.8421975
1.280066685	103.8413777
1.280066686	103.8413777
1.280066686	103.8413777
1.280067993	103.8477566
1.280084769	103.8436291
1.280084769	103.8436291
1.28008613	103.8424488
1.280086208	103.8465247
1.280086208	103.8465247
1.280086208	103.8465247
1.280088727	103.8416764
1.280088727	103.8416764
1.280088727	103.8416764
1.280089276	103.8470961
1.280089276	103.8470961
1.28008938	103.8468384
1.28008938	103.8468384
1.280089704	103.8470954
1.280090824	103.8474786
1.280090835	103.8474834
1.280090835	103.8474834
1.280090835	103.8474834
1.28009817	103.8408329
1.28009817	103.8408329
1.28009817	103.8408329
1.28009822	103.8421747
1.28009822	103.8421747
1.280108511	103.8436664
1.280108511	103.8436664
1.280118904	103.8414139
1.280119406	103.8477821
1.280119406	103.8477821
1.280119406	103.8477821
1.280120122	103.8477858
1.280127122	103.846848
1.280127122	103.846848
1.280131089	103.8465339
1.280131089	103.8465339
1.280131089	103.8465339
1.280132191	103.8437032
1.280132191	103.8437032
1.280134479	103.8421507
1.280134479	103.8421507
1.280134815	103.847115
1.280134815	103.847115
1.280135038	103.842437
1.280135213	103.8471142
1.28014392	103.8416869
1.28014392	103.8416869
1.28014392	103.8416869
1.280146255	103.8475
1.280149046	103.8418645
1.280153929	103.8437427
1.280153929	103.8437427
1.280154609	103.8408362
1.280154609	103.8408362
1.28015461	103.8408362
1.280158381	103.8418722
1.280163465	103.8478121
1.28016542	103.8414205
1.28016542	103.8414205
1.28016542	103.8414205
1.280167656	103.8421032
1.280170299	103.847804
1.280170299	103.847804
1.280170299	103.847804
1.280173483	103.8468652
1.280173483	103.8468652
1.280173483	103.8468652
1.280174902	103.8438256
1.280175016	103.8471611
1.280175817	103.8424148
1.280175868	103.8471536
1.280175868	103.8471536
1.280177844	103.8465409
1.280177844	103.8465409
1.280177844	103.8465409
1.280187242	103.8416892
1.280187242	103.8416892
1.280187242	103.8416892
1.280188161	103.8468285
1.280188626	103.8424717
1.280191702	103.8475241
1.28019243	103.8475261
1.28019243	103.8475261
1.280198222	103.8408526
1.280198222	103.8408526
1.280198222	103.8408526
1.280205489	103.8420835
1.280207186	103.8468897
1.280213415	103.8478403
1.280213415	103.8478403
1.280213415	103.8478403
1.28021416	103.8478455
1.280219802	103.8471815
1.280219809	103.8438374
1.280225242	103.841402
1.280225242	103.841402
1.280225242	103.841402
1.280226967	103.8465525
1.280226967	103.8465525
1.280226967	103.8465525
1.280227364	103.8471698
1.280227364	103.8471698
1.280237961	103.8475572
1.280237961	103.8475572
1.280241533	103.8400521
1.28024309	103.8417036
1.28024309	103.8417036
1.28024309	103.8417036
1.280243114	103.8475509
1.280247987	103.8469069
1.280247987	103.8469069
1.280248299	103.8420542
1.280252637	103.84788
1.28025413	103.840851
1.280257343	103.8478747
1.280257343	103.8478747
1.280273487	103.8414434
1.280273487	103.8414434
1.280273487	103.8414434
1.280279066	103.8465627
1.280279067	103.8465627
1.280279067	103.8465627
1.280286829	103.842031
1.28028779	103.8417058
1.28028779	103.8417058
1.28028779	103.8417058
1.280289111	103.8475747
1.280289738	103.8475769
1.280289738	103.8475769
1.280298376	103.8408629
1.280298376	103.8408629
1.280298376	103.8408629
1.28030059	103.8469118
1.28030059	103.8469118
1.28030059	103.8469118
1.280302798	103.8479097
1.280302798	103.8479097
1.280302798	103.8479097
1.280310238	103.847213
1.280310238	103.847213
1.280321953	103.8472171
1.280323676	103.8414304
1.280329425	103.8465769
1.280329425	103.8465769
1.280330507	103.846574
1.280336257	103.8476071
1.280336257	103.8476071
1.280341327	103.847601
1.280343354	103.8417044
1.280343354	103.8417044
1.280343354	103.8417044
1.280343989	103.8420162
1.280343989	103.8420162
1.280343989	103.8420162
1.280348172	103.8479346
1.280348173	103.8479346
1.280349501	103.8408718
1.280349502	103.8408718
1.280349502	103.8408718
1.280355869	103.8469297
1.280356296	103.8469439
1.280368924	103.8414661
1.280368924	103.8414661
1.280368924	103.8414661
1.280377884	103.8419918
1.280377884	103.8419918
1.280377884	103.8419918
1.280380489	103.8465872
1.280390377	103.842289
1.280398652	103.8479601
1.280398652	103.8479601
1.280399701	103.847963
1.280402008	103.840877
1.280402008	103.840877
1.280402009	103.840877
1.280408697	103.8476468
1.280408697	103.8476468
1.280408697	103.8476468
1.280408697	103.8476468
1.280408697	103.8476468
1.280408697	103.8476468
1.280410875	103.8414806
1.280410876	103.8414806
1.280410876	103.8414806
1.280413005	103.8472496
1.280413429	103.8472488
1.280413429	103.8472488
1.28041369	103.8476382
1.280415859	103.8469715
1.280415859	103.8469715
1.280415859	103.8469715
1.280415859	103.8469715
1.280415859	103.8469715
1.280415859	103.8469715
1.28041876	103.8417017
1.28041876	103.8417017
1.28041876	103.8417017
1.28041876	103.8417017
1.28042667	103.8419631
1.28042667	103.8419631
1.28042667	103.8419631
1.280429595	103.8466052
1.280429595	103.8466052
1.280429595	103.8466052
1.280429595	103.8466052
1.280434246	103.8422743
1.280444568	103.8479868
1.28045007	103.8479808
1.28045007	103.8479808
1.28045311	103.8472704
1.280453444	103.8472698
1.280453444	103.8472698
1.280464733	103.8419395
1.280464734	103.8419395
1.280464734	103.8419395
1.280476929	103.8476947
1.280479478	103.8422537
1.280479478	103.8422537
1.280479478	103.8422537
1.280482397	103.8470021
1.280485163	103.8473202
1.280486385	103.8466178
1.280486385	103.8466178
1.280486385	103.8466178
1.280490619	103.8473133
1.280490619	103.8473133
1.280490619	103.8473133
1.280494805	103.8480147
1.280494805	103.8480147
1.28049551	103.8480184
1.280514283	103.8419131
1.280514283	103.8419131
1.280514283	103.8419131
1.280520013	103.8470039
1.280520013	103.8470039
1.280525251	103.8422318
1.280531091	103.8477102
1.280531091	103.8477102
1.280532193	103.8473504
1.280533298	103.8438837
1.280533808	103.8473405
1.280533808	103.8473405
1.280533808	103.8473405
1.280537389	103.8477025
1.28053859	103.8480455
1.280545984	103.846642
1.280545984	103.846642
1.280545984	103.846642
1.280547132	103.841883
1.280547132	103.841883
1.280547133	103.841883
1.280547314	103.848035
1.280547314	103.848035
1.280563457	103.8470298
1.280563457	103.8470298
1.280563457	103.8470298
1.280563457	103.8470298
1.280563457	103.8470298
1.280568052	103.8422069
1.280568052	103.8422069
1.280568052	103.8422069
1.280568052	103.8422069
1.280583445	103.8477292
1.280583445	103.8477292
1.280583513	103.8477245
1.28058992	103.847344
1.280590538	103.8473428
1.280590538	103.8473428
1.280592012	103.8461661
1.280602776	103.8466649
1.280602776	103.8466649
1.280602776	103.8466649
1.280602868	103.8470504
1.280602868	103.8470504
1.280602868	103.8470504
1.28061145	103.8421844
1.28061145	103.8421844
1.280611451	103.8421844
1.280627469	103.845668
1.28063114	103.8418245
1.280631141	103.8418245
1.280631717	103.8477567
1.280631717	103.8477567
1.280633434	103.8473674
1.280633434	103.8473674
1.280633434	103.8473674
1.280633434	103.8473674
1.280633776	103.8473668
1.280638331	103.8477483
1.280644345	103.8415511
1.280650302	103.8470774
1.280650302	103.8470774
1.280651892	103.846169
1.280651892	103.846169
1.280655686	103.8421605
1.280655686	103.8421605
1.280655686	103.8421605
1.280655913	103.8461736
1.280659611	103.8466903
1.280659611	103.8466903
1.280659611	103.8466903
1.280659611	103.8466903
1.280659611	103.8466903
1.280659611	103.8466903
1.28067171	103.8473848
1.280674525	103.8477947
1.280674599	103.8477946
1.280674599	103.8477946
1.280689424	103.8456945
1.280691938	103.8470981
1.280691938	103.8470981
1.280691938	103.8470981
1.280697542	103.8461577
1.280697542	103.8461577
1.28069999	103.846161
1.280700074	103.8421371
1.280710165	103.8411209
1.280723334	103.8467064
1.280737662	103.8461404
1.280737662	103.8461404
1.280737662	103.8461404
1.280742676	103.8421126
1.280748337	103.8424634
1.280761337	103.8457654
1.280774201	103.8461159
1.28077422	103.8461159
1.280780476	103.8467337
1.280786101	103.8420883
1.280786101	103.8420883
1.280786101	103.8420883
1.28079216	103.8418123
1.280801417	103.8480169
1.280811307	103.8460926
1.280811563	103.8460921
1.280811563	103.8460921
1.280826346	103.8453995
1.280826346	103.8453995
1.280826346	103.8453995
1.280826346	103.8453995
1.280826346	103.8453995
1.280826346	103.8453995
1.280826346	103.8453995
1.280826346	103.8453995
1.280826346	103.8453995
1.280826346	103.8453995
1.280826346	103.8453995
1.280826346	103.8453995
1.280826346	103.8453995
1.280826346	103.8453995
1.280826346	103.8453995
1.280826346	103.8453995
1.280826346	103.8453995
1.280826346	103.8453995
1.280826346	103.8453995
1.280826346	103.8453995
1.280826346	103.8453995
1.280826346	103.8453995
1.280826346	103.8453995
1.280826346	103.8453995
1.280826346	103.8453995
1.280826346	103.8453995
1.280826346	103.8453995
1.280831543	103.8420671
1.280831543	103.8420671
1.280831543	103.8420671
1.280837149	103.8467633
1.280838393	103.8409528
1.280841521	103.847433
1.280848909	103.8460672
1.280849081	103.8460675
1.280849081	103.8460675
1.280873916	103.8420402
1.280875411	103.8420437
1.280875411	103.8420437
1.280875411	103.8420437
1.280884642	103.8456551
1.280885313	103.8460434
1.280885313	103.8460434
1.280885385	103.8460434
1.280886248	103.8456572
1.280886248	103.8456572
1.280892613	103.8467968
1.280892613	103.8467968
1.280893525	103.8467945
1.280911176	103.8409783
1.280911176	103.8409783
1.280911176	103.8409783
1.280911176	103.8409783
1.280917975	103.8482447
1.280917975	103.8482447
1.280917975	103.8482447
1.280918525	103.8482438
1.280919266	103.84202
1.280919266	103.84202
1.280919267	103.84202
1.280922059	103.8460201
1.280922166	103.8460202
1.280922166	103.8460202
1.280935917	103.8456282
1.280937196	103.8456296
1.280937196	103.8456296
1.280944203	103.8468292
1.280944203	103.8468292
1.280944203	103.8468292
1.280944203	103.8468292
1.280944203	103.8468292
1.280944493	103.8468287
1.28094684	103.8462798
1.280955568	103.8410491
1.280959009	103.8459953
1.28095909	103.8459955
1.28095909	103.8459955
1.28096325	103.8419966
1.28096325	103.8419966
1.28096325	103.8419966
1.280965658	103.8482738
1.280966169	103.8482727
1.280985465	103.8456002
1.280987025	103.8456022
1.280987025	103.8456022
1.280995267	103.8468598
1.280995267	103.8468598
1.280995428	103.8468596
1.28099649	103.8459717
1.28099649	103.8459717
1.280996728	103.8459721
1.281006904	103.8419731
1.281006904	103.8419731
1.281006904	103.8419731
1.281008532	103.8436248
1.281012365	103.8483024
1.281012538	103.8483022
1.281032592	103.8459469
1.281032966	103.8459476
1.281032966	103.8459476
1.281034931	103.8416481
1.281035778	103.8455743
1.281037154	103.8455758
1.281037154	103.8455758
1.281046811	103.8468901
1.281046811	103.8468901
1.28104715	103.8468895
1.281050776	103.8419498
1.281050776	103.8419498
1.281050776	103.8419498
1.281053297	103.8480099
1.281053297	103.8480099
1.281053793	103.848009
1.281066777	103.8484155
1.281069999	103.8459238
1.281069999	103.8459238
1.281070308	103.8459243
1.281083896	103.847507
1.281084576	103.8455484
1.28109992	103.8469229
1.28109992	103.8469229
1.281100174	103.8469226
1.281104447	103.8480382
1.281104447	103.8480382
1.281104448	103.8480382
1.281107674	103.8458982
1.281107754	103.8458984
1.281107754	103.8458984
1.281129092	103.8455188
1.28113119	103.8419443
1.28113119	103.8419443
1.28113119	103.8419443
1.281144792	103.8458734
1.28115056	103.8462503
1.281153325	103.8480666
1.281153325	103.8480666
1.281153325	103.8480666
1.28115643	103.8469559
1.28115643	103.8469559
1.281156507	103.8469557
1.28117506	103.8454972
1.281180998	103.8458484
1.281187234	103.8412607
1.281188416	103.8416574
1.28119737	103.8434373
1.281198767	103.8480925
1.281202741	103.8469927
1.281208302	103.8430206
1.281213327	103.8451628
1.281215643	103.8458203
1.281217711	103.8451647
1.281217711	103.8451647
1.281228853	103.8487587
1.281245147	103.8457877
1.281245338	103.8476987
1.281246074	103.845452
1.281247964	103.8457916
1.281247964	103.8457916
1.281252237	103.8476886
1.28126056	103.8487028
1.28126056	103.8487028
1.281261354	103.8487031
1.281262263	103.8454545
1.281262263	103.8454545
1.281278351	103.8470319
1.28127885	103.847031
1.28127885	103.847031
1.281280492	103.8457585
1.281286607	103.8481442
1.281289507	103.8486561
1.28130032	103.8449762
1.28130032	103.8449762
1.281311961	103.8457193
1.281316156	103.8486093
1.281316156	103.8486093
1.28131616	103.8427489
1.281316348	103.8486094
1.281316833	103.8470544
1.281316833	103.8470544
1.281316988	103.847054
1.281317711	103.8457244
1.281317711	103.8457244
1.281320702	103.8474516
1.281333084	103.8454144
1.281338746	103.8454176
1.281338746	103.8454176
1.2813396	103.844999
1.281342017	103.8456794
1.281343373	103.8485623
1.281343385	103.8485623
1.281346524	103.846111
1.28135176	103.8456857
1.281352835	103.8470799
1.281353016	103.8470789
1.281357106	103.8453717
1.281361023	103.8453741
1.281361023	103.8453741
1.28136866	103.8485141
1.281369979	103.8485148
1.281378274	103.8456283
1.281379373	103.8450195
1.281379374	103.8450195
1.281382479	103.8453315
1.281386936	103.8453339
1.281386936	103.8453339
1.281390098	103.8471036
1.28139025	103.8471029
1.281396036	103.8484667
1.281397621	103.8484672
1.281397621	103.8484672
1.281397621	103.8484672
1.281405021	103.8460583
1.281405022	103.8460583
1.281407778	103.8452917
1.281416195	103.8450443
1.281418932	103.8452984
1.281418932	103.8452984
1.281420469	103.848296
1.281420476	103.848296
1.281420476	103.848296
1.28142957	103.8471301
1.281430775	103.8471279
1.281431808	103.8460322
1.281432811	103.846033
1.281444701	103.8482539
1.281445696	103.8482543
1.281445696	103.8482543
1.281453745	103.8450678
1.281456348	103.8478024
1.281457152	103.8478014
1.281457399	103.8443501
1.281458019	103.8460074
1.281459309	103.848377
1.281459309	103.848377
1.281459535	103.846009
1.281465776	103.8482129
1.281465776	103.8482129
1.281466984	103.8482132
1.281472132	103.8471546
1.281472917	103.8471532
1.281472917	103.8471532
1.281485635	103.8477911
1.281488582	103.8481736
1.281488582	103.8481736
1.281488582	103.8481736
1.281488915	103.8450928
1.281489453	103.8481738
1.281492341	103.8459745
1.281492352	103.845788
1.281494385	103.8442417
1.281498985	103.8442503
1.281512267	103.848271
1.281512267	103.848271
1.281512288	103.848271
1.281517689	103.8471775
1.281517689	103.8471775
1.281517689	103.8471775
1.281517689	103.8471775
1.28151925	103.8456405
1.28151925	103.8456405
1.28151925	103.8456405
1.28151925	103.8456405
1.28151925	103.8456405
1.281523272	103.8456291
1.28152722	103.8451137
1.28152722	103.8451137
1.281546776	103.8456662
1.281548629	103.8464726
1.281557439	103.8482974
1.281557439	103.8482974
1.281557458	103.8482975
1.281559496	103.8472084
1.281565235	103.8451393
1.281565235	103.8451393
1.281581493	103.8456823
1.281582529	103.8454244
1.281586049	103.8454243
1.281587006	103.8446461
1.281587006	103.8446461
1.281587027	103.844646
1.28159603	103.8488782
1.281599015	103.8483214
1.281599015	103.8483214
1.281599015	103.8483214
1.281599163	103.848321
1.281605861	103.8457725
1.281606412	103.8423359
1.281610205	103.8453619
1.281610205	103.8453619
1.281610205	103.8453619
1.281615324	103.8479022
1.281615749	103.8456989
1.28162169	103.8483748
1.28162169	103.8483748
1.281621691	103.8483748
1.281623458	103.8446679
1.281623549	103.8446677
1.281647718	103.8454428
1.281647718	103.8454428
1.281647718	103.8454428
1.281649395	103.845805
1.281655892	103.8479279
1.281655892	103.8479279
1.281655892	103.8479279
1.281659069	103.8446896
1.281659072	103.8446896
1.281662157	103.8436242
1.281663005	103.8483986
1.281663005	103.8483986
1.281663005	103.8483986
1.281674181	103.8451703
1.281687384	103.8472822
1.281690542	103.8454708
1.28169153	103.8454697
1.281694171	103.8458396
1.281694171	103.8458396
1.281694995	103.845839
1.281696077	103.8479521
1.281696237	103.8479519
1.281696237	103.8479519
1.281697849	103.8447128
1.281697849	103.8447128
1.281697884	103.8447128
1.281702941	103.8484224
1.281702941	103.8484224
1.281702941	103.8484224
1.281704619	103.8462663
1.281704863	103.8462665
1.281704863	103.8462665
1.28170856	103.8445252
1.28170856	103.8445252
1.281709087	103.8473363
1.281722595	103.8473192
1.281722595	103.8473192
1.28172689	103.8451983
1.281735261	103.844484
1.281735261	103.844484
1.281735261	103.844484
1.281736315	103.8447363
1.281736344	103.8447362
1.281736344	103.8447362
1.281736605	103.8454999
1.281737454	103.8454993
1.281739413	103.8479795
1.281739553	103.8479793
1.281739553	103.8479793
1.281743385	103.8484443
1.281743385	103.8484443
1.281743385	103.8484443
1.28174508	103.8462268
1.28174525	103.846227
1.28174525	103.846227
1.281757613	103.8444387
1.281757613	103.8444387
1.281757613	103.8444387
1.281758693	103.8452382
1.281758693	103.8452382
1.281758693	103.8452382
1.281769587	103.8473363
1.281773064	103.8473317
1.281773064	103.8473317
1.281774522	103.8478057
1.281774793	103.8447593
1.281774811	103.8447592
1.281781681	103.8480071
1.281781748	103.8443971
1.281781748	103.8443971
1.281781748	103.8443971
1.281782255	103.8480063
1.281782255	103.8480063
1.281783228	103.8455264
1.281783498	103.8484631
1.281783498	103.8484631
1.281783498	103.8484631
1.281783498	103.8484631
1.281783729	103.8455257
1.281783808	103.8461909
1.281783808	103.8461909
1.281783808	103.8461909
1.281791884	103.8438059
1.281800622	103.8429082
1.281800687	103.8452572
1.281803301	103.8477554
1.281804562	103.8458113
1.28180554	103.847756
1.281806001	103.8443555
1.281806001	103.8443555
1.281806001	103.8443555
1.281810557	103.8447813
1.281810656	103.8447811
1.281821545	103.8473976
1.281824035	103.8480346
1.281824174	103.8480344
1.281824174	103.8480344
1.281828561	103.8443133
1.281828561	103.8443133
1.281828561	103.8443133
1.281830066	103.8455564
1.281831158	103.8455552
1.281835446	103.8461503
1.281835446	103.8461503
1.281835446	103.8461503
1.281842506	103.8452757
1.281842506	103.8452757
1.281842506	103.8452757
1.281842506	103.8452757
1.281843717	103.8448008
1.281843717	103.8448008
1.281843735	103.8448008
1.281852721	103.8442716
1.281852721	103.8442716
1.281852721	103.8442716
1.281863429	103.8480592
1.281874254	103.845583
1.281874956	103.845582
1.281875692	103.8442302
1.281875692	103.8442302
1.281875692	103.8442302
1.281881741	103.8452996
1.281887326	103.8453895
1.281890758	103.8446353
1.281890758	103.8446353
1.281893265	103.8419778
1.281898508	103.84419
1.281898508	103.84419
1.281898508	103.84419
1.281900239	103.848082
1.281900239	103.848082
1.281900239	103.848082
1.281902704	103.8474044
1.281902704	103.8474044
1.281902704	103.8474044
1.281911064	103.8456057
1.281911593	103.845605
1.281912671	103.8445919
1.281912671	103.8445919
1.281912671	103.8445919
1.28192063	103.8441494
1.28192063	103.8441494
1.28192063	103.8441494
1.281925492	103.8453231
1.281925492	103.8453231
1.281925492	103.8453231
1.281925492	103.8453231
1.28193595	103.8481041
1.28193595	103.8481041
1.28193595	103.8481041
1.281937294	103.8445472
1.281937294	103.8445472
1.281937294	103.8445472
1.281943114	103.8441088
1.281943114	103.8441088
1.281943114	103.8441088
1.281946088	103.8474297
1.281946088	103.8474297
1.281946088	103.8474297
1.281947027	103.8474283
1.281947482	103.8478531
1.281947482	103.8478531
1.281947788	103.8456266
1.281949417	103.8478508
1.281954462	103.8460076
1.281958304	103.8449362
1.281958304	103.8449362
1.281958304	103.8449362
1.281961298	103.8445046
1.281961298	103.8445046
1.281961299	103.8445046
1.281965195	103.8440686
1.281965195	103.8440686
1.281965195	103.8440686
1.281966557	103.8453475
1.281971477	103.8481263
1.281971477	103.8481263
1.281971477	103.8481263
1.281982929	103.8456487
1.281982929	103.8456487
1.281982929	103.8456487
1.281986312	103.8444613
1.281988166	103.8440286
1.281994177	103.8474552
1.281994177	103.8474552
1.281994177	103.8474552
1.281994324	103.8478809
1.281994324	103.8478809
1.281994391	103.8478807
1.281995498	103.8474529
1.282001456	103.84496
1.282001456	103.84496
1.282001456	103.84496
1.282005032	103.8439851
1.282005032	103.8439851
1.282005032	103.8439851
1.282005269	103.8453684
1.282005269	103.8453684
1.282005269	103.8453684
1.282005269	103.8453684
1.282008839	103.848149
1.282008839	103.848149
1.282008839	103.848149
1.282010473	103.8444187
1.282010473	103.8444187
1.282010473	103.8444187
1.282020667	103.8439348
1.282020667	103.8439348
1.282020667	103.8439348
1.282022832	103.8456746
1.282023491	103.844876
1.282023491	103.844876
1.282033567	103.844378
1.282033567	103.844378
1.282033567	103.844378
1.282038326	103.8479039
1.282038725	103.8479033
1.282040845	103.8474795
1.282043869	103.8481681
1.282044319	103.8453911
1.282045214	103.8438893
1.282045214	103.8438893
1.282045214	103.8438893
1.28204887	103.8448326
1.28204887	103.8448326
1.28204887	103.8448326
1.282056446	103.8443369
1.282056446	103.8443369
1.282056446	103.8443369
1.282057163	103.8460888
1.282057163	103.8460888
1.282058364	103.8460876
1.282062489	103.8456993
1.282062489	103.8456993
1.282062489	103.8456993
1.282068948	103.8486488
1.282069338	103.8438456
1.282069338	103.8438456
1.282069338	103.8438456
1.282071361	103.848194
1.282074275	103.8449311
1.282075032	103.8481889
1.282075032	103.8481889
1.282076217	103.8479271
1.282076217	103.8479271
1.28207635	103.8479267
1.282079145	103.8442962
1.282079145	103.8442962
1.282079145	103.8442962
1.282083983	103.8454117
1.282084025	103.8454115
1.282085596	103.8475017
1.282085596	103.8475017
1.282085596	103.8475017
1.282085597	103.8475017
1.282085715	103.842094
1.282097053	103.8482214
1.282097077	103.8457202
1.282097077	103.8457202
1.282097077	103.8457202
1.282100176	103.8437956
1.282100176	103.8437956
1.282100177	103.8437956
1.282101778	103.8442559
1.282101778	103.8442559
1.282101778	103.8442559
1.282101806	103.846122
1.282114411	103.8479493
1.282115539	103.8449552
1.282116308	103.8428456
1.282118256	103.8428492
1.282121782	103.8454345
1.282123974	103.8482405
1.282123975	103.8482405
1.282124191	103.8442157
1.282124191	103.8442157
1.282124191	103.8442157
1.282128523	103.847526
1.282130038	103.8421332
1.282130038	103.8421332
1.282132955	103.8457417
1.282132955	103.8457417
1.282132955	103.8457417
1.282134288	103.8447445
1.282134288	103.8447445
1.282134288	103.8447445
1.282134288	103.8447445
1.282146712	103.8441756
1.282146712	103.8441756
1.282146712	103.8441756
1.282151072	103.8472341
1.282151072	103.8472341
1.282151072	103.8472341
1.282151072	103.8472341
1.282158304	103.84498
1.282161941	103.8454567
1.282165096	103.8422979
1.282165097	103.8422979
1.282165097	103.8422979
1.282169566	103.844135
1.282170754	103.8475505
1.282170754	103.8475505
1.282170754	103.8475505
1.282170985	103.8457641
1.282170985	103.8457641
1.282170985	103.8457641
1.282172317	103.8446857
1.282181995	103.8421594
1.28218386	103.8440891
1.282189428	103.8471748
1.282189429	103.8471748
1.282189429	103.8471748
1.282194823	103.8440412
1.282196396	103.844644
1.282196397	103.844644
1.282196397	103.844644
1.282200236	103.8454802
1.282200293	103.8450042
1.282211064	103.8457918
1.282211064	103.8457918
1.282211065	103.8457918
1.28221334	103.8469932
1.282216524	103.843999
1.282216575	103.8475717
1.282216575	103.8475717
1.282216575	103.8475717
1.28221997	103.8446022
1.28221997	103.8446022
1.28221997	103.8446022
1.282230968	103.8471287
1.282230968	103.8471287
1.282230968	103.8471287
1.282235211	103.8431776
1.282238485	103.8461261
1.282238485	103.8461261
1.282239371	103.8461265
1.282239875	103.8455016
1.282240101	103.8423516
1.282240101	103.8423516
1.282240101	103.8423516
1.282242352	103.8450287
1.282244099	103.8445598
1.282244099	103.8445598
1.2822441	103.8445598
1.28225182	103.8476072
1.282258449	103.8458194
1.282258449	103.8458194
1.282258449	103.8458194
1.28226849	103.8445167
1.28226849	103.8445167
1.28226849	103.8445167
1.282270081	103.8421341
1.282272281	103.8470824
1.282272281	103.8470824
1.282272281	103.8470824
1.282276385	103.8431931
1.282284296	103.8450538
1.282284296	103.8450538
1.282293914	103.8444731
1.282293914	103.8444731
1.282293914	103.8444731
1.282295585	103.8476283
1.282295585	103.8476283
1.282295585	103.8476283
1.282300173	103.8458466
1.282300173	103.8458466
1.282300798	103.845846
1.282300905	103.8439029
1.282304472	103.842401
1.282304472	103.842401
1.282304472	103.842401
1.282309758	103.8421643
1.282310547	103.8448794
1.282310547	103.8448794
1.282310547	103.8448794
1.28231539	103.8470077
1.28231823	103.8444326
1.28231823	103.8444326
1.28231823	103.8444326
1.282323148	103.8455317
1.282330427	103.8448397
1.282330427	103.8448397
1.282330427	103.8448397
1.282332421	103.8466168
1.282335025	103.8458687
1.282335025	103.8458687
1.282335717	103.8458678
1.282336908	103.8463263
1.282339748	103.8443914
1.282339748	103.8443914
1.282339748	103.8443914
1.28234124	103.846485
1.28234124	103.846485
1.28234124	103.846485
1.282345891	103.8421976
1.282345891	103.8421976
1.282345891	103.8421976
1.282345892	103.8421976
1.282352619	103.8447991
1.282352619	103.8447991
1.28235262	103.8447991
1.282356984	103.8455645
1.282356984	103.8455645
1.282356984	103.8455645
1.28236181	103.8465369
1.28236181	103.8465369
1.28236181	103.8465369
1.282364496	103.8434482
1.282366076	103.8443484
1.282366076	103.8443484
1.282366077	103.8443484
1.282368537	103.8458903
1.282368537	103.8458903
1.282369242	103.8458894
1.282375754	103.8447582
1.282375839	103.8447582
1.282375839	103.8447582
1.282384091	103.8422294
1.282384091	103.8422294
1.282384091	103.8422294
1.282384091	103.8422294
1.282387008	103.8469752
1.282387009	103.8469752
1.282389833	103.8443051
1.282389833	103.8443051
1.282389833	103.8443051
1.282392804	103.8455904
1.282392804	103.8455904
1.282392804	103.8455904
1.282395789	103.8459279
1.282397992	103.8459204
1.282397992	103.8459204
1.282398626	103.8447175
1.282398846	103.8447176
1.282398846	103.8447176
1.282421101	103.8422633
1.282421101	103.8422633
1.282421101	103.8422633
1.282421101	103.8422633
1.282422528	103.8446749
1.282422528	103.8446749
1.282422528	103.8446749
1.282424912	103.8469552
1.282424913	103.8469552
1.282424913	103.8469552
1.28243235	103.84656
1.28243235	103.84656
1.282435279	103.8456095
1.282441471	103.8459444
1.282441471	103.8459444
1.282441471	103.8459444
1.282441471	103.8459444
1.282445004	103.8466064
1.282446802	103.8446312
1.282446802	103.8446312
1.282446826	103.8446312
1.282461286	103.8422952
1.282461286	103.8422952
1.282461286	103.8422952
1.282461286	103.8422952
1.282464014	103.8469344
1.282464014	103.8469344
1.282467639	103.8423632
1.282467639	103.8423632
1.282467639	103.8423632
1.282467639	103.8423632
1.282470208	103.8445893
1.282470239	103.8445893
1.282470239	103.8445893
1.282470324	103.8456418
1.282477674	103.8472371
1.282479002	103.8424745
1.282479002	103.8424745
1.282479002	103.8424745
1.282479002	103.8424745
1.28249059	103.8445456
1.28249059	103.8445456
1.282492425	103.844546
1.282502991	103.846915
1.282502991	103.846915
1.282509784	103.8456627
1.282519497	103.8445018
1.28252037	103.844502
1.28252037	103.844502
1.282538981	103.8468115
1.282540047	103.8468113
1.282540047	103.8468113
1.282547341	103.844455
1.282548617	103.8444554
1.282548617	103.8444554
1.282550719	103.8460996
1.282552481	103.8456767
1.282556371	103.8468519
1.282562282	103.84693
1.282562282	103.84693
1.282567461	103.8471204
1.282567461	103.8471204
1.282567624	103.8441751
1.282576686	103.8444094
1.282577253	103.8423641
1.282577253	103.8423641
1.282577253	103.8423641
1.282577253	103.8423641
1.282577253	103.8423641
1.282584181	103.8459541
1.282584181	103.8459541
1.282584181	103.8459541
1.282584858	103.8444135
1.282584858	103.8444135
1.282592524	103.8456979
1.282592524	103.8456979
1.282600329	103.847155
1.282600329	103.847155
1.28260282	103.8459227
1.28260282	103.8459227
1.28260781	103.8469062
1.28260781	103.8469062
1.282625786	103.8471863
1.282625786	103.8471863
1.282625786	103.8471863
1.282632292	103.845723
1.282632292	103.845723
1.282655784	103.8472142
1.282655784	103.8472142
1.282655784	103.8472142
1.282663634	103.8458413
1.282675821	103.8451555
1.282685818	103.8458013
1.282689357	103.8472446
1.282689357	103.8472446
1.282689357	103.8472446
1.282691308	103.8457089
1.282691308	103.8457089
1.28269498	103.8451613
1.282703276	103.8446607
1.282723745	103.8441556
1.282723745	103.8441556
1.282723745	103.8441556
1.282729085	103.8457296
1.282738778	103.8436907
1.282738778	103.8436907
1.282738778	103.8436907
1.282739639	103.8446802
1.282739639	103.8446802
1.282739639	103.8446802
1.282759167	103.8436552
1.282759167	103.8436552
1.282759167	103.8436552
1.282763993	103.8457499
1.282763994	103.8457499
1.282764938	103.8446369
1.282764938	103.8446369
1.282764938	103.8446369
1.282768669	103.8441798
1.282768669	103.8441798
1.282768669	103.8441798
1.282778166	103.843619
1.282778166	103.843619
1.282778166	103.843619
1.282778166	103.843619
1.282790324	103.8445932
1.282790324	103.8445932
1.282790324	103.8445932
1.2828005	103.843581
1.282800501	103.843581
1.282800501	103.843581
1.282813764	103.8427123
1.282813765	103.8427123
1.282816226	103.8427149
1.282818243	103.8445507
1.282818244	103.8445507
1.282818244	103.8445507
1.282823887	103.8435386
1.282823887	103.8435386
1.282823887	103.8435386
1.282825572	103.8448264
1.282829128	103.8458355
1.282829128	103.8458355
1.282829457	103.8458349
1.282841531	103.844505
1.282841531	103.844505
1.282841531	103.844505
1.282844561	103.8439295
1.282847672	103.8434968
1.282847672	103.8434968
1.282847672	103.8434968
1.282859328	103.8438996
1.282863332	103.8458635
1.282863332	103.8458635
1.282868493	103.8444573
1.282868493	103.8444573
1.282868494	103.8444573
1.282871339	103.8434545
1.282871339	103.8434545
1.282871339	103.8434545
1.282886343	103.8442881
1.282886343	103.8442881
1.282886343	103.8442881
1.282886343	103.8442881
1.282886343	103.8442881
1.282886343	103.8442881
1.282886343	103.8442881
1.282891164	103.8454305
1.282891164	103.8454305
1.282891403	103.8439555
1.282891989	103.8454289
1.282895503	103.8434124
1.282895503	103.8434124
1.282895503	103.8434124
1.282897347	103.8458731
1.282897347	103.8458731
1.28290557	103.8463865
1.28291958	103.8433703
1.28291958	103.8433703
1.28291958	103.8433703
1.282923882	103.8458901
1.282925439	103.8454538
1.282925562	103.8454536
1.282925562	103.8454536
1.28292652	103.8459599
1.282928912	103.8443128
1.282928913	103.8443128
1.282928913	103.8443128
1.282934359	103.8437755
1.282943629	103.8433289
1.28294363	103.8433289
1.28294363	103.8433289
1.282947605	103.844795
1.282947813	103.8447951
1.282947813	103.8447951
1.28295417	103.8459031
1.28295417	103.8459031
1.282956387	103.8459714
1.282956627	103.8437326
1.282958399	103.8454754
1.282958671	103.8454748
1.282958671	103.8454748
1.282967991	103.8432878
1.282967991	103.8432878
1.282967991	103.8432878
1.282968289	103.844336
1.282968289	103.844336
1.282968289	103.844336
1.282972461	103.8447523
1.282972516	103.8447524
1.282972516	103.8447524
1.282978519	103.8436912
1.282978519	103.8436912
1.282979248	103.8436914
1.282982356	103.8459241
1.282982356	103.8459241
1.282986483	103.8459855
1.282992097	103.8432456
1.282992097	103.8432456
1.282992097	103.8432456
1.282993278	103.8454952
1.282993278	103.8454952
1.28299334	103.8454948
1.282997991	103.8447098
1.282998725	103.84471
1.282998725	103.84471
1.283003686	103.8436495
1.283004079	103.8436495
1.283004079	103.8436495
1.28300832	103.8443587
1.28300832	103.8443587
1.28300832	103.8443587
1.283009953	103.8459418
1.283009954	103.8459418
1.283015768	103.8459945
1.283017452	103.8432045
1.283017453	103.8432045
1.283017453	103.8432045
1.283023326	103.8440473
1.283023326	103.8440473
1.283023326	103.8440473
1.283023326	103.8440473
1.283024279	103.8446633
1.283024415	103.8446634
1.283024415	103.8446634
1.283026773	103.8436064
1.283026773	103.8436064
1.283027174	103.8436065
1.283040843	103.845955
1.283040843	103.845955
1.283041261	103.8431635
1.283041261	103.8431635
1.283041261	103.8431635
1.283048596	103.8443822
1.283048596	103.8443822
1.283048596	103.8443822
1.283050477	103.844618
1.283050671	103.8446181
1.283050671	103.8446181
1.283051083	103.8435632
1.283051083	103.8435632
1.283051488	103.8435633
1.283066064	103.8431222
1.283066064	103.8431222
1.283066064	103.8431222
1.283069616	103.8440745
1.283069616	103.8440745
1.283069616	103.8440745
1.283074773	103.8435199
1.283074773	103.8435199
1.283075591	103.8435201
1.28307609	103.8445783
1.28307609	103.8445783
1.28307609	103.8445783
1.283088343	103.8444071
1.283088344	103.8444071
1.283088344	103.8444071
1.283088627	103.8459915
1.283090396	103.8430779
1.283090396	103.8430779
1.283090396	103.8430779
1.283100118	103.8434781
1.283100403	103.8434782
1.283100403	103.8434782
1.283116156	103.8441011
1.283116156	103.8441011
1.283116156	103.8441011
1.283124992	103.843435
1.283124992	103.843435
1.283125003	103.843435
1.283129583	103.8444305
1.283129583	103.8444305
1.283129583	103.8444305
1.283149807	103.8433924
1.283150402	103.8433925
1.283150402	103.8433925
1.283154507	103.8454394
1.283158378	103.8445239
1.283158378	103.8445239
1.283158378	103.8445239
1.283161475	103.843006
1.283161475	103.843006
1.283161475	103.843006
1.283162491	103.8441281
1.283162491	103.8441281
1.283162491	103.8441281
1.283162491	103.8441281
1.283166997	103.8428549
1.28317053	103.8428547
1.283174148	103.8433498
1.283174348	103.8433499
1.283174348	103.8433499
1.283174348	103.8433499
1.283180643	103.8444865
1.283180644	103.8444865
1.283180644	103.8444865
1.283183999	103.8439089
1.283185712	103.8453542
1.283186688	103.8429634
1.283186688	103.8429634
1.283186688	103.8429634
1.283188078	103.8430209
1.283194923	103.845685
1.283195809	103.843307
1.283195809	103.843307
1.283197879	103.8456833
1.28319792	103.8433075
1.283204271	103.844449
1.283204271	103.844449
1.283204271	103.844449
1.283208149	103.8441557
1.28320815	103.8441557
1.28320815	103.8441557
1.283208573	103.8428841
1.283215552	103.8428877
1.283218548	103.842987
1.283221323	103.8432671
1.283221323	103.8432671
1.283222627	103.8432675
1.283227108	103.8444096
1.283227109	103.8444096
1.283227109	103.8444096
1.283228308	103.8449131
1.283232252	103.8449197
1.283238549	103.8460327
1.283244359	103.8429094
1.283246517	103.8432259
1.283246517	103.8432259
1.283247529	103.8432261
1.283251201	103.8448545
1.283254253	103.8441826
1.283254253	103.8441826
1.283254254	103.8441826
1.283263887	103.8448584
1.283274238	103.8431871
1.283276074	103.8460536
1.283278022	103.8437468
1.283278022	103.8437468
1.283278022	103.8437468
1.283280594	103.8429321
1.283281789	103.8431908
1.283281789	103.8431908
1.283281789	103.8431908
1.283281789	103.8431908
1.283281789	103.8431908
1.283288007	103.8429376
1.283289754	103.8448119
1.283293422	103.8448223
1.283300852	103.8460856
1.283302192	103.8437044
1.283302192	103.8437044
1.283302192	103.8437044
1.283312111	103.8429632
1.283315469	103.8447463
1.283317137	103.8431127
1.283317137	103.8431127
1.283317917	103.8431128
1.283323857	103.8442234
1.283327792	103.8436616
1.283327792	103.8436616
1.283327792	103.8436616
1.283327886	103.8447508
1.283332864	103.8461089
1.283332864	103.8461089
1.283338917	103.8430759
1.283339263	103.843076
1.283339263	103.843076
1.283343448	103.842991
1.283344942	103.8436095
1.283349659	103.8446643
1.283349659	103.8446643
1.283351659	103.8446645
1.283352429	103.8429963
1.283352553	103.8436191
1.283352554	103.8436191
1.283352554	103.8436191
1.283353971	103.844066
1.283353971	103.844066
1.283355797	103.8440666
1.283369079	103.8461319
1.283369079	103.8461319
1.283377223	103.8435778
1.283377223	103.8435778
1.283377223	103.8435778
1.283378305	103.844024
1.283378357	103.844024
1.283378357	103.844024
1.283383802	103.8430181
1.283396975	103.8457028
1.283401005	103.8435363
1.283401005	103.8435363
1.283401006	103.8435363
1.283402505	103.8439839
1.283403121	103.843984
1.283403121	103.843984
1.283424653	103.8446445
1.283424761	103.8430488
1.283424918	103.8434951
1.283424929	103.8434951
1.283424929	103.8434951
1.283425844	103.8439433
1.283425845	103.8439433
1.283425845	103.8439433
1.283426725	103.8446449
1.283426725	103.8446449
1.283430359	103.8445211
1.283441369	103.843956
1.283443748	103.8446047
1.283443748	103.8446047
1.283443844	103.8446045
1.283449552	103.8439035
1.283449552	103.8439035
1.283449552	103.8439035
1.283461715	103.8457425
1.283463409	103.8439089
1.283465305	103.8445705
1.283465305	103.8445705
1.283465308	103.8445705
1.283469166	103.8434221
1.283473011	103.8438621
1.283473011	103.8438621
1.283473104	103.8438621
1.283484515	103.8445346
1.283484515	103.8445346
1.283485273	103.8445347
1.283489793	103.8433869
1.283489793	103.8433869
1.283497913	103.8438192
1.283497913	103.8438192
1.283498105	103.8438193
1.283508421	103.8444977
1.283508421	103.8444977
1.283508541	103.8444977
1.28352165	103.8437793
1.28352165	103.8437793
1.283521681	103.8437793
1.28352539	103.8457776
1.283531932	103.8444584
1.283532128	103.8444587
1.283532128	103.8444587
1.283542587	103.8437429
1.283542587	103.8437429
1.283542749	103.8437429
1.283543094	103.8455229
1.283543094	103.8455229
1.283555504	103.8444181
1.283555504	103.8444181
1.283555514	103.8444182
1.283559922	103.8457972
1.283559922	103.8457972
1.283560001	103.845797
1.283563506	103.8437083
1.283563506	103.8437083
1.283563506	103.8437083
1.283570149	103.8454757
1.283570149	103.8454757
1.28357015	103.8454757
1.283577937	103.8443777
1.283578394	103.8443778
1.283578394	103.8443778
1.283584295	103.8436748
1.283584988	103.8436749
1.283584988	103.8436749
1.283594021	103.8458178
1.283596156	103.845428
1.283596156	103.845428
1.283596156	103.845428
1.283600536	103.8443369
1.283600642	103.844337
1.283600642	103.844337
1.283602976	103.8436405
1.283610435	103.844787
1.283622615	103.84538
1.283623734	103.8453801
1.283623734	103.8453801
1.283629991	103.8447455
1.283629991	103.8447455
1.283629991	103.8447455
1.283634113	103.8436077
1.283634113	103.8436077
1.283634113	103.8436077
1.283640517	103.8458452
1.283640518	103.8458452
1.283640518	103.8458452
1.283640596	103.8436096
1.283641097	103.8433116
1.283647057	103.8453319
1.283647069	103.8447058
1.283647069	103.8447058
1.283647557	103.845332
1.283647557	103.845332
1.283648178	103.8447058
1.28365311	103.8433096
1.28366414	103.8442579
1.283664141	103.8442579
1.283664141	103.8442579
1.283665485	103.8435716
1.283672537	103.8446624
1.283672537	103.8446624
1.283673603	103.845285
1.283673701	103.8435745
1.283673701	103.8435745
1.283673846	103.8446625
1.283678299	103.843519
1.283684371	103.8456702
1.283685535	103.8456704
1.283688694	103.8442144
1.283688694	103.8442144
1.283688905	103.8442144
1.283698505	103.8446151
1.283698505	103.8446151
1.283699044	103.8452368
1.283699667	103.8452369
1.283700318	103.8446153
1.283710023	103.8456197
1.283710023	103.8456197
1.283710023	103.8456197
1.283711783	103.8441696
1.283711783	103.8441696
1.283713126	103.8441698
1.283724607	103.8451883
1.283724607	103.8451883
1.283726641	103.8451887
1.283726669	103.8445715
1.28373849	103.844128
1.283738674	103.8441281
1.283738674	103.8441281
1.283739758	103.8455729
1.283739758	103.8455729
1.283739758	103.8455729
1.283755942	103.8451419
1.283757031	103.8451422
1.283757031	103.8451422
1.28376229	103.8440863
1.28376229	103.8440863
1.28376231	103.8440863
1.283767297	103.8455261
1.283767297	103.8455261
1.283767297	103.8455261
1.283771378	103.8440394
1.283771379	103.8440394
1.283771379	103.8440394
1.283771379	103.8440394
1.28378362	103.8450953
1.28378388	103.8450953
1.28378388	103.8450953
1.283793597	103.8454778
1.283793597	103.8454778
1.283793597	103.8454778
1.283795823	103.844001
1.283795824	103.844001
1.283795824	103.844001
1.283810737	103.8450477
1.283810737	103.8450477
1.283811009	103.8450477
1.283819044	103.8454285
1.283819182	103.8439586
1.283819182	103.8439586
1.283819182	103.8439586
1.283840073	103.8450002
1.283840392	103.8450001
1.283840392	103.8450001
1.283843101	103.8439186
1.283843101	103.8439186
1.283843101	103.8439186
1.283845561	103.8453809
1.283845561	103.8453809
1.283846109	103.845381
1.283862021	103.8443431
1.283862238	103.8443431
1.283865213	103.8438792
1.283865213	103.8438792
1.283865213	103.8438792
1.283867505	103.8449527
1.283867506	103.8449527
1.283867506	103.8449527
1.283873767	103.8453339
1.283874264	103.845334
1.283874264	103.845334
1.283882317	103.8443065
1.283886496	103.8438394
1.283886496	103.8438394
1.283886496	103.8438394
1.283893333	103.8449031
1.283893997	103.8449035
1.283893997	103.8449035
1.283899516	103.8452852
1.283899516	103.8452852
1.283900888	103.8452855
1.283903848	103.8442678
1.283910122	103.8437999
1.283910123	103.8437999
1.283910123	103.8437999
1.283921785	103.844181
1.283924173	103.8437553
1.283924173	103.8437553
1.283924173	103.8437553
1.283925499	103.8442265
1.283925904	103.8442266
1.283929105	103.8452385
1.283929691	103.8452386
1.283929691	103.8452386
1.283938696	103.8436584
1.283938696	103.8436584
1.283939813	103.8436587
1.283948085	103.8441886
1.283948085	103.8441886
1.283948085	103.8441886
1.283948097	103.8441886
1.283948415	103.8441442
1.283955635	103.8451915
1.283955972	103.8451915
1.283955972	103.8451915
1.283957139	103.8437227
1.283957139	103.8437227
1.283957289	103.8437226
1.283962475	103.8436239
1.283962475	103.8436239
1.283962475	103.8436239
1.283969748	103.8441512
1.283969748	103.8441512
1.283982539	103.8451437
1.283982827	103.8451438
1.283982827	103.8451438
1.28398493	103.8435487
1.283985808	103.8435478
1.283985808	103.8435478
1.283991454	103.8441132
1.283991541	103.8441132
1.284010708	103.8450955
1.284010884	103.8446872
1.284010884	103.8446872
1.284010884	103.8446872
1.284010884	103.8446872
1.284011599	103.8450957
1.284011599	103.8450957
1.284011599	103.8450957
1.284012305	103.8440754
1.284012482	103.8440754
1.284016706	103.8435734
1.284017626	103.8435724
1.284017626	103.8435724
1.284029572	103.8436346
1.284029572	103.8436346
1.284029572	103.8436346
1.284034706	103.8440396
1.28403526	103.8440396
1.28403526	103.8440396
1.284038726	103.8450477
1.284039877	103.8450479
1.284039877	103.8450479
1.28406557	103.8450014
1.28406557	103.8450014
1.28406557	103.8450014
1.284066878	103.8436638
1.284068031	103.8436617
1.284068031	103.8436617
1.28406841	103.8439666
1.28406841	103.8439666
1.284069766	103.8439664
1.284106426	103.8439345
1.284111311	103.8439371
1.284111311	103.8439371
1.284134934	103.8444545
1.284153681	103.844866
1.284170729	103.8437675
1.28417411	103.8437651
1.28417411	103.8437651
1.28417411	103.8437651
1.28417411	103.8437651
1.284184637	103.8443679
1.28423977	103.8442855
1.284252126	103.8446911
1.284289321	103.8441991
1.284334425	103.8441179
1.284350662	103.8445197
1.284359578	103.8434268
1.284406329	103.8439508
1.284475464	103.8443057
1.284477539	103.8439992
1.28449572	103.8436079
1.284561702	103.8441041
1.28471077	103.8431974
1.284855812	103.8435249