1.272793837	103.8379301
1.272804745	103.8411124
1.272836637	103.8404034
1.272872146	103.8370623
1.273013895	103.8342172
1.273131271	103.8392201
1.273157168	103.840596
1.273425045	103.841262
1.273444562	103.8412516
1.273566738	103.8340582
1.273594959	103.8349179
1.273638234	103.8364203
1.273641822	103.8335144
1.27364796	103.837344
1.273800756	103.8344822
1.273822878	103.8318075
1.273835569	103.8398443
1.273883542	103.8390033
1.273901446	103.8394173
1.273919926	103.8402609
1.27394215	103.8356593
1.273942159	103.8356593
1.273942277	103.8356593
1.274012731	103.8406402
1.274031873	103.8366527
1.274168967	103.8396376
1.274426047	103.8396715
1.274427547	103.8348788
1.27447616	103.8400703
1.274569743	103.8392121
1.274660969	103.8352798
1.27469944	103.8404854
1.27472973	103.8362355
1.275241413	103.8360458
1.275271152	103.8368322
1.275301801	103.8392073
1.275360529	103.8304996
1.275444804	103.8356776
1.275472526	103.8399626
1.275472528	103.8399626
1.275524751	103.8357306
1.275551794	103.8357676
1.27558485	103.8358004
1.275595285	103.8375599
1.275595705	103.8317769
1.275614474	103.8358375
1.275614474	103.8358375
1.275645738	103.8358721
1.275649485	103.830357
1.275673498	103.8359127
1.275705635	103.8359506
1.275737404	103.8359873
1.275772113	103.8360199
1.275799936	103.8360648
1.275801013	103.8390326
1.275812298	103.8312784
1.275832021	103.8361036
1.27586327	103.8361425
1.275874835	103.840481
1.275876551	103.8312774
1.275896002	103.8361808
1.275927692	103.8362196
1.275929767	103.8356602
1.275929767	103.8356602
1.275952615	103.8381703
1.275959202	103.8357038
1.275959202	103.8357038
1.275959566	103.8362572
1.275983219	103.8357451
1.275990941	103.8362947
1.276004715	103.8363484
1.276019838	103.8332467
1.276023391	103.8357748
1.276023391	103.8357748
1.276035116	103.837502
1.276054247	103.8363698
1.276054849	103.8358098
1.276085791	103.8358444
1.276085806	103.8364084
1.276108996	103.8354876
1.276116397	103.8358811
1.276119078	103.8364456
1.276119078	103.8364456
1.276119078	103.8364456
1.276141719	103.8355229
1.276149587	103.8359187
1.276152008	103.8364837
1.276152008	103.8364837
1.276152008	103.8364837
1.276171671	103.8355591
1.276182508	103.8359556
1.276193115	103.8389461
1.276201784	103.8355943
1.276201784	103.8355943
1.276215664	103.8359915
1.276217077	103.8365576
1.27622281	103.8367419
1.276225919	103.8364824
1.276231522	103.8356305
1.27624691	103.8365943
1.276248747	103.8360273
1.276262745	103.8356654
1.276262746	103.8356654
1.276266547	103.8366327
1.27627255	103.8371692
1.276279919	103.8360651
1.276293226	103.8357009
1.276308377	103.8368472
1.276313519	103.8361019
1.276313519	103.8361019
1.276322117	103.8371702
1.276323846	103.8357362
1.276323846	103.8357362
1.276346891	103.8361385
1.276354774	103.835772
1.276364185	103.8368603
1.276366421	103.8371716
1.276379957	103.8361728
1.276381512	103.8372736
1.276387147	103.8358067
1.276390957	103.8366694
1.276390957	103.8366694
1.276394638	103.8373742
1.276404007	103.8374214
1.276407182	103.8373231
1.276410707	103.8362092
1.276410903	103.8371734
1.276414517	103.835844
1.276420767	103.8375202
1.276421375	103.8368871
1.276422415	103.8374675
1.276430165	103.8375747
1.276439381	103.8376398
1.276439382	103.8376398
1.276439382	103.8376398
1.27644365	103.8362441
1.276444332	103.8358773
1.276453635	103.8376993
1.276457616	103.8377498
1.276464905	103.8371757
1.276464905	103.8371757
1.276465104	103.8377996
1.276474164	103.8362795
1.276476008	103.8359089
1.27647661	103.8378948
1.276482735	103.8379423
1.276488215	103.8379928
1.276497673	103.8380423
1.276503164	103.8378411
1.27650646	103.8363151
1.276507616	103.8380881
1.276507617	103.8380881
1.276508355	103.8359435
1.276514798	103.8381345
1.276514798	103.8381345
1.276525514	103.8382037
1.276525515	103.8382037
1.276537315	103.8363523
1.27653999	103.835979
1.276542491	103.8364112
1.276570456	103.836014
1.276570456	103.836014
1.276570456	103.836014
1.276572009	103.8368553
1.276592761	103.8371721
1.276600393	103.8360478
1.276604651	103.8364244
1.276617936	103.8403501
1.276627805	103.8368498
1.276632678	103.8360802
1.276635571	103.8371689
1.276637183	103.8364601
1.276651887	103.8403657
1.276659333	103.8361144
1.276659333	103.8361144
1.27667027	103.8364946
1.276672513	103.8386822
1.276673811	103.8387891
1.276677499	103.837165
1.276683083	103.8368465
1.276684338	103.8394591
1.276690518	103.8373005
1.276690518	103.8373005
1.276690518	103.8373005
1.276692987	103.8361457
1.276692987	103.8361457
1.276696278	103.8374022
1.276696278	103.8374022
1.276696278	103.8374022
1.276701096	103.8373491
1.27670135	103.837454
1.27670135	103.837454
1.276703543	103.8365308
1.276717971	103.8371615
1.276723872	103.8361805
1.276723872	103.8361805
1.276724309	103.8376586
1.2767254	103.8380917
1.276728012	103.8367633
1.276733803	103.8375544
1.276733803	103.8375544
1.276733803	103.8375544
1.276733803	103.8375544
1.276733803	103.8375544
1.276733803	103.8375544
1.276733803	103.8375544
1.276733803	103.8375544
1.276737192	103.8377074
1.276740992	103.8365639
1.276744403	103.8377532
1.276744403	103.8377532
1.276744403	103.8377532
1.276745526	103.8369259
1.276752891	103.8377989
1.276754075	103.836213
1.276754075	103.836213
1.276754075	103.836213
1.276760698	103.8371568
1.276763246	103.8378458
1.276772223	103.8378925
1.276782558	103.8362475
1.276782558	103.8362475
1.27678271	103.8380791
1.276795876	103.8369162
1.276808589	103.8362739
1.276811591	103.8371897
1.276826618	103.8365916
1.276831077	103.8362984
1.276836388	103.8368346
1.276838064	103.8380691
1.276857256	103.8371844
1.276858139	103.8363264
1.276858139	103.8363264
1.276876865	103.8368298
1.276882131	103.8363562
1.276882131	103.8363562
1.276883074	103.8400856
1.276889495	103.8380561
1.276901264	103.8371789
1.27690821	103.83638
1.276918544	103.8368382
1.276924344	103.8386805
1.276927369	103.83641
1.276932356	103.8380352
1.276932356	103.8380352
1.276932356	103.8380352
1.276954737	103.8368343
1.276956824	103.8364341
1.276974202	103.838038
1.276978069	103.8364609
1.276978069	103.8364609
1.276995361	103.8368488
1.276995361	103.8368488
1.276995361	103.8368488
1.277001646	103.8364907
1.277014127	103.8380293
1.277023061	103.8383426
1.277030592	103.8374792
1.277042412	103.839265
1.277043091	103.8365284
1.277055565	103.8376002
1.277056419	103.8380229
1.277058752	103.8373616
1.277082162	103.8371975
1.277089792	103.8365803
1.277098723	103.8376512
1.277105853	103.8370856
1.277109308	103.8377079
1.277112884	103.8366298
1.277121824	103.8372462
1.277125708	103.8374092
1.277126007	103.8366656
1.277126007	103.8366656
1.277127847	103.8372998
1.277131031	103.8378205
1.27713193	103.8366986
1.277133339	103.8371416
1.277133679	103.8377621
1.277134712	103.8367311
1.277135884	103.8375243
1.277138379	103.8367685
1.27713838	103.8367685
1.277141602	103.8368083
1.277141602	103.8368083
1.277145458	103.8368453
1.277145458	103.8368453
1.277151316	103.8369116
1.277152261	103.836878
1.277152261	103.836878
1.277154009	103.8369484
1.277154009	103.8369484
1.277190575	103.8402577
1.277211895	103.8373453
1.277211895	103.8373453
1.277217301	103.838704
1.277219819	103.8378612
1.277227586	103.8379133
1.277228399	103.8380083
1.277236653	103.8379589
1.27725225	103.8380517
1.277416303	103.8393308
1.277426543	103.8400012
1.277891538	103.8391795
1.278360129	103.8394984
1.278363883	103.8394162
1.278412771	103.8393884
1.278438183	103.8394385
1.278461659	103.8394925
1.278482611	103.8394162
1.278491242	103.8394162
1.278510547	103.839326
1.278545467	103.8394717
1.278545467	103.8394092