1.309607728	103.8933483
1.309663912	103.8935152
1.30968184	103.8941811
1.309681961	103.8936031
1.309701995	103.9004264
1.309713795	103.8938137
1.309714039	103.8986709
1.309723521	103.8985186
1.309736194	103.8941287
1.309746985	103.8999561
1.30974777	103.9001423
1.30979959	103.900998
1.309801788	103.894106
1.309801954	103.8979549
1.309803209	103.8989545
1.309839933	103.8981361
1.309842706	103.8965995
1.309843542	103.9007344
1.309845247	103.8940581
1.309848989	103.8933966
1.309855335	103.8999803
1.309855638	103.8962303
1.309856047	103.8963452
1.309864512	103.8931337
1.309864512	103.8931337
1.309864512	103.8931337
1.309864512	103.8931337
1.309864512	103.8931337
1.309864512	103.8931337
1.309864512	103.8931337
1.309866907	103.8962851
1.309869094	103.8931326
1.309904464	103.8999394
1.309905238	103.8983383
1.309909853	103.9015014
1.309910749	103.8913332
1.309915968	103.9006865
1.309917518	103.8948385
1.30991866	103.8933847
1.309936724	103.9002007
1.309953699	103.8970739
1.3099537	103.8970739
1.309955273	103.8953204
1.309958129	103.9009615
1.309968948	103.8998551
1.309982734	103.8986434
1.30998867	103.900163
1.309996	103.8957613
1.309999901	103.9009443
1.31000268	103.9013955
1.31000268	103.9013955
1.31000268	103.9013955
1.310008382	103.899281
1.310010751	103.8987067
1.310013336	103.9018131
1.310016813	103.8940207
1.310029339	103.8998332
1.310034446	103.8937482
1.310037857	103.9001371
1.310040751	103.9009256
1.310044817	103.8988069
1.31004943	103.9013661
1.31004943	103.9013661
1.31004943	103.9013661
1.310065794	103.899106
1.310070957	103.8994202
1.310075213	103.8988696
1.31008414	103.9009065
1.310093534	103.9013337
1.310093534	103.9013337
1.310093534	103.9013337
1.310096715	103.8977699
1.310100844	103.9021102
1.310102004	103.902111
1.310109222	103.9008709
1.31012052	103.9005545
1.310121741	103.8933228
1.310124598	103.8933763
1.310129498	103.8932112
1.310134235	103.9016745
1.310134815	103.8997497
1.31013632	103.893102
1.310136911	103.8932656
1.310138957	103.9013018
1.310138957	103.9013018
1.310138957	103.9013018
1.310148113	103.9000948
1.310151751	103.8930442
1.310153829	103.9020737
1.310155277	103.8931534
1.310155635	103.8929813
1.310172922	103.9016416
1.310176445	103.897973
1.310178751	103.9005005
1.310183767	103.9012712
1.310183767	103.9012712
1.310183767	103.9012712
1.310189802	103.9020481
1.310190821	103.8947069
1.310191666	103.9000567
1.310192248	103.8997188
1.310213381	103.8948249
1.310215178	103.8959608
1.31022215	103.9004695
1.310223719	103.9016062
1.310223719	103.9016062
1.310223719	103.9016062
1.310223719	103.9016062
1.310223719	103.9016062
1.310223719	103.9016062
1.310223719	103.9016062
1.310223719	103.9016062
1.310223719	103.9016062
1.310223719	103.9016062
1.310223719	103.9016062
1.310223719	103.9016062
1.310223719	103.9016062
1.310225431	103.896018
1.310225666	103.9020232
1.310232917	103.8996897
1.310236505	103.9000247
1.310236566	103.8960738
1.310245138	103.8961264
1.310254539	103.8961827
1.310259532	103.9019962
1.310260386	103.8926968
1.310261331	103.900434
1.310263281	103.9015793
1.310265839	103.8962348
1.310266025	103.9007617
1.310272979	103.9021886
1.310275101	103.896291
1.310283096	103.8996532
1.31028443	103.9012122
1.310284499	103.8963435
1.310294925	103.899975
1.31029546	103.9019735
1.310296091	103.8963997
1.310296786	103.9004075
1.310300105	103.9022278
1.310302519	103.901892
1.310302519	103.901892
1.310302519	103.901892
1.310306279	103.895298
1.310313033	103.8990524
1.310313519	103.8976563
1.3103142	103.9015435
1.310315593	103.8950294
1.310319148	103.9006966
1.310324898	103.9011838
1.310328065	103.9022654
1.31033005	103.8954158
1.310330848	103.8950985
1.310332809	103.8984863
1.310335033	103.9003801
1.310345285	103.9018561
1.310345285	103.9018561
1.310345285	103.9018561
1.310345331	103.8999304
1.310348496	103.8945255
1.3103539	103.9015172
1.310354612	103.9023038
1.310357318	103.898539
1.310361039	103.9006669
1.310370762	103.9003542
1.310378563	103.9011452
1.310380287	103.8985927
1.310381143	103.8955952
1.31038137	103.9023422
1.310383298	103.8996823
1.310387856	103.8999042
1.310392495	103.901829
1.310401509	103.9003174
1.31040368	103.8934275
1.310404114	103.8957083
1.310404724	103.8986508
1.310406117	103.9014822
1.310414559	103.9023759
1.310418184	103.9014003
1.310418184	103.9014003
1.310418184	103.9014003
1.310424938	103.8987005
1.310427326	103.9011127
1.310428878	103.9006606
1.310433379	103.9017947
1.310433379	103.9017947
1.310433379	103.9017947
1.310434552	103.8998621
1.310434722	103.8989903
1.310435758	103.9024183
1.310442893	103.9002965
1.310451293	103.8960891
1.310462512	103.9024562
1.310471388	103.9006302
1.310473518	103.9013611
1.310473519	103.9013611
1.310473519	103.9013611
1.310473775	103.8998352
1.310479463	103.9017674
1.310479463	103.9017674
1.310479463	103.9017674
1.310486481	103.8938238
1.310488802	103.9024947
1.310493181	103.8988348
1.310496472	103.8975014
1.31050458	103.8980327
1.310516401	103.9025324
1.310517212	103.9005961
1.310520652	103.9017328
1.310520652	103.9017328
1.310520652	103.9017328
1.310529338	103.9013213
1.310529338	103.9013213
1.310529338	103.9013213
1.310530119	103.899412
1.31053012	103.899412
1.310534594	103.8985567
1.310542773	103.9025704
1.31054779	103.9005431
1.310548068	103.900345
1.31055022	103.9010075
1.310551624	103.9002331
1.310561952	103.8934659
1.310565212	103.8934733
1.310565212	103.8934733
1.310565212	103.8934733
1.310565212	103.8934733
1.310565212	103.8934733
1.310565212	103.8934733
1.310565212	103.8934733
1.310569294	103.9026083
1.310571123	103.8962838
1.310589366	103.9017391
1.310589367	103.9017391
1.310589367	103.9017391
1.310590171	103.9005131
1.310592761	103.8985321
1.310596167	103.9026544
1.310596718	103.9009763
1.310602376	103.8932638
1.310609976	103.9001921
1.310612001	103.9016699
1.310612001	103.9016699
1.310612001	103.9016699
1.310614619	103.8989255
1.310615441	103.9019715
1.310616675	103.896576
1.310618031	103.9020402
1.310618031	103.9020402
1.310618031	103.9020402
1.310618031	103.9020402
1.310618031	103.9020402
1.310618031	103.9020402
1.310618031	103.9020402
1.310618031	103.9020402
1.310618031	103.9020402
1.310618031	103.9020402
1.310618031	103.9020402
1.310618031	103.9020402
1.310637667	103.9004792
1.310648057	103.8994089
1.310648175	103.9009394
1.310648582	103.9020092
1.310659024	103.9016418
1.310659024	103.9016418
1.310659024	103.9016418
1.310663363	103.9011978
1.310663363	103.9011978
1.310663363	103.9011978
1.310663607	103.9001532
1.310663745	103.8930197
1.310677787	103.8979798
1.310677913	103.9020578
1.310679685	103.9004494
1.310683274	103.8968379
1.310685798	103.8984702
1.310693684	103.9009072
1.310695206	103.8938299
1.310695946	103.8927662
1.310695946	103.8927662
1.310695946	103.8927662
1.310695946	103.8927662
1.310695946	103.8927662
1.310695946	103.8927662
1.310695946	103.8927662
1.310695946	103.8927662
1.310695946	103.8927662
1.310695946	103.8927662
1.310695946	103.8927662
1.310695946	103.8927662
1.310701915	103.9016059
1.310701915	103.9016059
1.310701915	103.9016059
1.310704502	103.8993467
1.310708211	103.8988766
1.310711491	103.9020962
1.31071586	103.9011605
1.31071586	103.9011605
1.31071586	103.9011605
1.310724872	103.9001176
1.310733477	103.9004263
1.310741956	103.9021455
1.310742087	103.9024718
1.310742087	103.9024718
1.310744235	103.9008702
1.310745222	103.9022144
1.310748821	103.8984537
1.310756947	103.8993271
1.310765827	103.9011251
1.310765827	103.9011251
1.310765827	103.9011251
1.310772056	103.9016144
1.310772056	103.9016144
1.310772056	103.9016144
1.310774756	103.8996432
1.310776994	103.9003955
1.310789547	103.9024537
1.310789547	103.9024537
1.310790807	103.8979277
1.310791378	103.9015422
1.310791378	103.9015422
1.310791378	103.9015422
1.310792355	103.9008243
1.310796653	103.8992867
1.310800208	103.9018502
1.310812924	103.8988125
1.310818567	103.9010892
1.310818567	103.9010892
1.310818568	103.9010892
1.310821584	103.9003634
1.310829334	103.9018901
1.310834058	103.8982916
1.310834806	103.9024184
1.310834807	103.9024184
1.310845345	103.9007783
1.310856639	103.8966553
1.310859987	103.8992805
1.310861793	103.9015504
1.310861793	103.9015504
1.310861793	103.9015504
1.310868549	103.901054
1.310868549	103.901054
1.310868549	103.901054
1.310869871	103.9003167
1.310870709	103.9023928
1.310870709	103.9023928
1.310871935	103.9019314
1.310877696	103.8995787
1.310887123	103.8967238
1.310888291	103.9007446
1.310896873	103.8995222
1.310898486	103.902338
1.310898486	103.902338
1.310903879	103.9019748
1.31090405	103.8987885
1.31090471	103.8992483
1.310906051	103.901974
1.310906051	103.901974
1.310906051	103.901974
1.310906051	103.901974
1.310906051	103.901974
1.310906051	103.901974
1.310906051	103.901974
1.310918669	103.8999844
1.31092047	103.90102
1.31092047	103.90102
1.31092047	103.90102
1.310925226	103.8968067
1.310926165	103.901476
1.310926165	103.901476
1.310926165	103.901476
1.310926165	103.901476
1.310929929	103.9020276
1.310930776	103.9007106
1.310932793	103.8982973
1.310938074	103.8944753
1.310938178	103.8987343
1.310940264	103.8992023
1.310951906	103.8946767
1.310952304	103.8995013
1.310958033	103.8968715
1.31096476	103.9014486
1.31096476	103.9014486
1.31096476	103.9014486
1.31096476	103.9014486
1.310971122	103.8999464
1.310971632	103.9020618
1.310978385	103.8937905
1.310978385	103.8937905
1.310978385	103.8937905
1.310978385	103.8937905
1.310980664	103.8987046
1.310980708	103.8931879
1.310981642	103.8931884
1.310981642	103.8931884
1.310981642	103.8931884
1.310981642	103.8931884
1.310981642	103.8931884
1.310981642	103.8931884
1.310981642	103.8931884
1.310981642	103.8931884
1.310982706	103.9006878
1.310984287	103.8991702
1.310989332	103.8947769
1.310994758	103.8934423
1.310995209	103.8994697
1.310996331	103.8978769
1.311000072	103.8929891
1.311002741	103.9014218
1.311002741	103.9014218
1.311002741	103.9014218
1.311016605	103.8928646
1.31102084	103.89493
1.311025059	103.8998889
1.311025867	103.9006593
1.311029513	103.8991393
1.311030658	103.8986784
1.311032056	103.9010447
1.311032056	103.9010447
1.311032056	103.9010447
1.311032056	103.9010447
1.31103367	103.8994279
1.311042027	103.895029
1.311042501	103.8926409
1.311051424	103.8927398
1.311066535	103.9006301
1.3110678	103.9014309
1.311070419	103.9010133
1.311070545	103.9001582
1.311070928	103.8924153
1.311071465	103.8998575
1.311072436	103.8991078
1.311073096	103.9015147
1.311075928	103.9022859
1.311076364	103.8951839
1.311077309	103.8993956
1.311096673	103.8952817
1.311102836	103.9022311
1.311102837	103.9022311
1.311104107	103.9009922
1.311105707	103.9014041
1.311107965	103.9006011
1.311107965	103.9006011
1.311113826	103.9013378
1.311115437	103.8998268
1.311116257	103.8936383
1.311116666	103.8990757
1.311116878	103.893729
1.311117894	103.8939073
1.311118341	103.8939982
1.311119046	103.8986363
1.311121733	103.8993638
1.311122306	103.8938181
1.311124188	103.8954346
1.311126013	103.9001346
1.311136598	103.8915438
1.31113847	103.9009596
1.311148983	103.8955352
1.311151375	103.9021909
1.311151376	103.9021909
1.311156722	103.8986107
1.311161607	103.8997945
1.311165846	103.9016253
1.31116624	103.9013288
1.31116664	103.8993326
1.311170815	103.9009373
1.31117086	103.9000975
1.311174004	103.8990599
1.311190315	103.9021652
1.311190315	103.9021652
1.311195662	103.8989943
1.311199655	103.9016705
1.311205397	103.8997639
1.311212801	103.9009049
1.311213366	103.8993005
1.311215674	103.9000652
1.311234363	103.9017179
1.31123877	103.8989632
1.311238896	103.9021244
1.311238896	103.9021244
1.311241593	103.8985602
1.311248432	103.894494
1.311248782	103.9008798
1.311250986	103.8997316
1.311254965	103.9000231
1.311257922	103.8992691
1.311269092	103.901763
1.311271422	103.8918551
1.311277926	103.9020984
1.311277927	103.9020984
1.311286653	103.8985326
1.311286781	103.8944364
1.31128877	103.8957993
1.311290912	103.8977034
1.311290918	103.8977034
1.311295046	103.8997002
1.311296515	103.9008572
1.311297239	103.8989454
1.311302053	103.8992365
1.311304518	103.9018095
1.311310505	103.9000081
1.311315946	103.8960172
1.311338155	103.8989149
1.311338557	103.9018549
1.311339427	103.8985034
1.311342009	103.8996716
1.311342217	103.8962084
1.311347393	103.8999627
1.311352859	103.8992182
1.311362808	103.9037593
1.311365949	103.8963193
1.31136807	103.8947668
1.311373335	103.9019019
1.311375411	103.8939175
1.311375411	103.8939175
1.311375411	103.8939175
1.311377488	103.8939177
1.311391869	103.8999309
1.311396315	103.8996493
1.311397705	103.9038187
1.311398288	103.8964701
1.311400555	103.8991842
1.311401976	103.9004108
1.311404425	103.8901985
1.311408238	103.9019469
1.31140902	103.8903099
1.311410747	103.8902498
1.311411224	103.8925277
1.3114128	103.8931248
1.311413446	103.8904196
1.311414935	103.8933564
1.31141803	103.8926447
1.311418251	103.8928553
1.3114184	103.8903637
1.311418544	103.8932973
1.311420085	103.8995933
1.31142202	103.8965809
1.311423278	103.8929456
1.311423745	103.8937464
1.311424156	103.8934556
1.31142526	103.8935158
1.311425268	103.8935739
1.311425434	103.9014064
1.311425572	103.8936892
1.311427692	103.8904729
1.311428634	103.8930597
1.311429442	103.8936311
1.31143131	103.9006973
1.311432148	103.900691
1.311433993	103.8932375
1.311434884	103.8998968
1.31143513	103.8984327
1.311435242	103.9038674
1.311439288	103.8931834
1.311439477	103.9006986
1.311441959	103.8922407
1.311442943	103.8905815
1.311443029	103.8923192
1.31144311	103.8924465
1.311444287	103.890527
1.311447501	103.901996
1.311450382	103.8906337
1.311455375	103.8951696
1.311455541	103.899136
1.311457626	103.8927347
1.311463672	103.8939158
1.311466918	103.8939148
1.311466918	103.8939148
1.311466918	103.8939148
1.311480646	103.8995773
1.311494265	103.8998748
1.311496602	103.9012476
1.311515531	103.8918276
1.311515531	103.8918276
1.311515531	103.8918276
1.311520475	103.9037071
1.311523263	103.8995471
1.311539114	103.9033936
1.311542097	103.8987758
1.311542232	103.8998412
1.311547813	103.9005824
1.311551829	103.9040291
1.311556573	103.8939181
1.311556573	103.8939181
1.311556573	103.8939181
1.311559923	103.8939194
1.311566672	103.9036749
1.311577288	103.8995241
1.311585026	103.8958238
1.311592551	103.9040642
1.311595429	103.8998032
1.311598631	103.8983543
1.311604799	103.8987169
1.311605206	103.8924454
1.311605469	103.892525
1.311608722	103.8926516
1.311609972	103.892731
1.311611157	103.8933473
1.311612086	103.9036431
1.311612674	103.9041135
1.311621064	103.8994929
1.311641555	103.8939186
1.311643454	103.8997689
1.311645377	103.8939179
1.311645377	103.8939179
1.311645377	103.8939179
1.311647941	103.8986867
1.311648769	103.8929414
1.311651634	103.8928553
1.31165173	103.8923244
1.311651841	103.8922653
1.311657448	103.9036112
1.311663576	103.8989839
1.311667173	103.899458
1.311669327	103.8930588
1.31167576	103.893514
1.311676524	103.8918265
1.311676524	103.8918265
1.311676524	103.8918265
1.311676524	103.8918265
1.311676524	103.8918265
1.311676524	103.8918265
1.311677425	103.8905239
1.311678421	103.8922011
1.311678797	103.8934541
1.31168497	103.8932384
1.31168661	103.8931233
1.311690821	103.8986433
1.311691617	103.8936297
1.311693082	103.8963067
1.311693368	103.89318
1.311694348	103.8937459
1.311697456	103.8935723
1.311700602	103.8932952
1.311702004	103.9037939
1.311702004	103.9037939
1.311702004	103.9037939
1.311702004	103.9037939
1.311702004	103.9037939
1.311702005	103.9037939
1.31170259	103.8973795
1.311702825	103.9016541
1.311702858	103.9035793
1.311705118	103.8989541
1.311705729	103.8936866
1.311709862	103.8994266
1.311710004	103.8982902
1.311722213	103.8997267
1.311723222	103.9006046
1.311723222	103.9006046
1.311730854	103.9030615
1.311733491	103.8986127
1.311734562	103.8939181
1.311734562	103.8939181
1.311734562	103.8939181
1.311735638	103.8939172
1.311740648	103.9042901
1.311748602	103.9035476
1.311751025	103.9039775
1.31175207	103.8989192
1.311755846	103.8993928
1.311770976	103.8997001
1.311778015	103.8985794
1.311778739	103.904339
1.31179431	103.8988895
1.311795007	103.9011423
1.311800194	103.8993602
1.31180659	103.9039361
1.311809879	103.9043831
1.311814048	103.8996683
1.311816843	103.9008421
1.31181804	103.8914819
1.311827114	103.9000611
1.311831851	103.891809
1.311842215	103.8947848
1.31184282	103.8993288
1.3118441	103.8988628
1.311850018	103.8996212
1.311854876	103.9015004
1.31185906	103.8949717
1.31186853	103.8984169
1.311880657	103.9009319
1.311888779	103.899295
1.311892475	103.8918075
1.311893316	103.8995899
1.311895665	103.9039422
1.311899402	103.8988412
1.311905977	103.9042444
1.311915532	103.9038446
1.311921436	103.8984568
1.311932225	103.8992637
1.311936689	103.9013647
1.311943443	103.9029026
1.311947891	103.9007987
1.311947891	103.9007987
1.311947891	103.9007987
1.31194923	103.8984967
1.311950623	103.8988172
1.311951319	103.8995718
1.311960653	103.9004247
1.311961124	103.9042042
1.311963236	103.9035633
1.311963236	103.9035633
1.311963236	103.9035633
1.311963236	103.9035633
1.311963236	103.9035633
1.311963236	103.9035633
1.311963236	103.9035633
1.311963236	103.9035633
1.311963236	103.9035633
1.311963236	103.9035633
1.311963236	103.9035633
1.311966922	103.8985549
1.31197297	103.9035436
1.311983806	103.9007735
1.311983807	103.9007735
1.311983807	103.9007735
1.311983807	103.9007735
1.311983807	103.9007735
1.311983807	103.9007735
1.311987018	103.904659
1.311994274	103.899539
1.311997544	103.8954536
1.311998955	103.8985995
1.31200084	103.8999809
1.312006623	103.9010591
1.312008959	103.8918009
1.312010323	103.9041713
1.312012078	103.8992302
1.312019964	103.9007481
1.312019964	103.9007481
1.312019964	103.9007481
1.312029493	103.8981614
1.312034344	103.8922257
1.312040246	103.8986371
1.312040521	103.8929502
1.312040986	103.8930054
1.312048955	103.90154
1.312051625	103.8932236
1.31205301	103.8994749
1.31205587	103.9007227
1.31205587	103.9007227
1.31205587	103.9007227
1.312055871	103.9041392
1.312061246	103.9011779
1.312062749	103.8991917
1.312067439	103.8917991
1.31207274	103.8986825
1.312075249	103.9033278
1.312079236	103.900663
1.312079236	103.900663
1.312079236	103.900663
1.312081469	103.9012294
1.312090528	103.9043763
1.312097136	103.9015061
1.31209958	103.9012827
1.312101244	103.8971871
1.312103148	103.8923948
1.312103148	103.8923948
1.312103741	103.8987265
1.312104251	103.8924574
1.312104252	103.8924574
1.312105078	103.8925121
1.312105078	103.8925121
1.312106445	103.8926217
1.312106445	103.8926217
1.312107519	103.8991474
1.31210755	103.8926763
1.31210755	103.8926763
1.31210816	103.8927312
1.31210816	103.8927312
1.312108221	103.9041106
1.31210924	103.8927864
1.312109241	103.8927864
1.312109952	103.8928423
1.312109953	103.8928423
1.312112995	103.8998895
1.312117098	103.8998912
1.312122353	103.8925666
1.312122353	103.8925666
1.312122377	103.8946636
1.312126584	103.8987777
1.31214875	103.9014696
1.31215371	103.9002344
1.312153877	103.8994246
1.312158096	103.8991117
1.312162512	103.8981642
1.312176237	103.8951171
1.312180578	103.8998684
1.312182688	103.8918376
1.31218627	103.9032349
1.312190316	103.8980435
1.312194011	103.9014302
1.312206215	103.9001973
1.312207884	103.8921931
1.312208858	103.8993876
1.312226546	103.8982672
1.31222975	103.8998332
1.312231209	103.8916784
1.31224483	103.8960208
1.312245415	103.8982971
1.312245511	103.8960234
1.312248513	103.904538
1.312248513	103.904538
1.312248513	103.904538
1.312248513	103.904538
1.312248513	103.904538
1.312248513	103.904538
1.312248513	103.904538
1.312248515	103.904538
1.312254639	103.9001634
1.312256749	103.8918348
1.312257302	103.9031835
1.312257753	103.8993487
1.312259032	103.8931398
1.312262088	103.8929854
1.312264097	103.8983233
1.31226665	103.904074
1.312270017	103.898916
1.312270018	103.898916
1.312270018	103.898916
1.312272449	103.8932798
1.312273791	103.8933352
1.312274106	103.89381
1.312278597	103.8997984
1.312285078	103.8983957
1.312285347	103.8921817
1.312286011	103.9001415
1.312291875	103.9005104
1.312293493	103.8976928
1.312302681	103.8989595
1.312302681	103.8989595
1.312302682	103.8989595
1.312306629	103.8983371
1.312308053	103.899312
1.312314199	103.9047636
1.312314205	103.9047636
1.31231812	103.8986022
1.312318908	103.90012
1.31232804	103.9038122
1.312328381	103.9031321
1.312330769	103.8997611
1.312331592	103.899997
1.312331606	103.903418
1.312340197	103.8990114
1.312340197	103.8990114
1.312340197	103.8990114
1.312341458	103.898447
1.312357777	103.8985775
1.312357896	103.9049967
1.312360888	103.9001055
1.312363395	103.8999774
1.31237252	103.8990557
1.31237252	103.8990557
1.31237252	103.8990557
1.312374688	103.8983771
1.312386975	103.8985567
1.312394966	103.899712
1.312396353	103.8999525
1.31239951	103.9030805
1.312407296	103.899103
1.312407296	103.899103
1.312407296	103.899103
1.312407296	103.899103
1.312407297	103.899103
1.312416498	103.8985364
1.312420398	103.9012762
1.312421279	103.9004201
1.312421279	103.9004201
1.312423216	103.9041152
1.312423673	103.9039416
1.312427319	103.9007003
1.312427957	103.8999339
1.312435012	103.9010852
1.312435262	103.8991389
1.312436825	103.8996824
1.312446143	103.898516
1.3124568	103.904161
1.312459996	103.9007444
1.312465741	103.8991829
1.312465793	103.8926976
1.312466397	103.8922809
1.31246779	103.8926296
1.312468519	103.8925533
1.312469536	103.8924836
1.31247369	103.9003921
1.31247369	103.9003921
1.312474378	103.8984945
1.312479176	103.9042852
1.312480678	103.8996508
1.312485131	103.8995697
1.312488652	103.9000141
1.312488652	103.9000141
1.312488652	103.9000141
1.312492669	103.8992196
1.31250162	103.8988321
1.312505006	103.898473
1.312507695	103.9043673
1.312511403	103.8988411
1.312512327	103.900356
1.312512327	103.900356
1.312516873	103.8998768
1.312519333	103.8995435
1.312519699	103.8917602
1.312523321	103.8992664
1.312523321	103.8992664
1.312524535	103.8999923
1.312524535	103.8999923
1.312524535	103.8999923
1.312524535	103.8999923
1.312531317	103.8945818
1.312546239	103.8987991
1.31254645	103.8987947
1.31254893	103.8935366
1.312553151	103.8983747
1.312553153	103.8995161
1.31255534	103.9050301
1.31255534	103.9050301
1.31255534	103.9050301
1.312555341	103.9050301
1.312560407	103.9017938
1.312564813	103.8979865
1.312565099	103.8929034
1.312569799	103.8999543
1.312569799	103.8999543
1.312569799	103.8999543
1.312573219	103.9003441
1.312583732	103.8994755
1.312585351	103.8987642
1.312589174	103.8965912
1.312590918	103.9019952
1.312591852	103.9015798
1.312592157	103.8937088
1.312592158	103.8937088
1.312592158	103.8937088
1.312592158	103.8937088
1.312595776	103.8983425
1.312595814	103.8938357
1.312595814	103.8938357
1.312595814	103.8938357
1.312595814	103.8938357
1.312597283	103.8987752
1.312599494	103.8939634
1.312599494	103.8939634
1.312599494	103.8939634
1.312599494	103.8939634
1.312599547	103.8998393
1.312610663	103.905198
1.312611119	103.8999291
1.312611119	103.8999291
1.312611119	103.8999291
1.312611119	103.8999291
1.312613764	103.8994527
1.31261946	103.902536
1.312620634	103.9053517
1.312629186	103.8996691
1.312632932	103.892897
1.312633984	103.8949103
1.312634011	103.9029557
1.312636091	103.8987315
1.312648753	103.900581
1.312654232	103.8983027
1.312655146	103.8994318
1.312656067	103.8990334
1.312659912	103.8998937
1.312659912	103.8998937
1.312659912	103.8998937
1.31267274	103.893279
1.312674187	103.9031311
1.312675514	103.8934242
1.312680971	103.8986997
1.312681359	103.8995645
1.312682112	103.8934315
1.312682112	103.8934315
1.312682112	103.8934315
1.312682112	103.8934315
1.312682112	103.8934315
1.312684412	103.9024856
1.312687035	103.8928695
1.312690392	103.8994042
1.31269136	103.9029149
1.312696867	103.8982682
1.312699745	103.8998632
1.312702455	103.8990083
1.312717782	103.8952717
1.312725779	103.8986682
1.312731729	103.9021782
1.312732353	103.8998418
1.312736033	103.8996595
1.312737205	103.8989652
1.312741378	103.9028822
1.312744373	103.8928585
1.312747872	103.9018623
1.312748843	103.8932307
1.312753474	103.9002134
1.312753474	103.9002134
1.312755908	103.8937355
1.312757864	103.9030719
1.312769336	103.8998195
1.312770765	103.9014677
1.312784808	103.8986536
1.312787944	103.9001897
1.312787944	103.9001897
1.312788598	103.9053925
1.312791436	103.8956653
1.312796441	103.9028379
1.312799453	103.8997944
1.312808587	103.898945
1.312809115	103.9024014
1.312817147	103.8929454
1.312828735	103.8986225
1.312829782	103.8959107
1.312835468	103.9001555
1.312835468	103.9001555
1.312837659	103.899769
1.312838647	103.9016762
1.312843515	103.9039243
1.312843515	103.9039243
1.312843515	103.9039243
1.312843515	103.9039243
1.312843515	103.9039243
1.312843515	103.9039243
1.312843515	103.9039243
1.312843515	103.9039243
1.312843515	103.9039243
1.312843515	103.9039243
1.312843515	103.9039243
1.312843515	103.9039243
1.312843515	103.9039243
1.312843515	103.9039243
1.312843515	103.9039243
1.312843515	103.9039243
1.312843515	103.9039243
1.312843515	103.9039243
1.312843515	103.9039243
1.31284359	103.9030114
1.312847977	103.9028082
1.312854389	103.905562
1.31285978	103.8928426
1.312863496	103.9049715
1.312868016	103.9046075
1.31286944	103.9001306
1.312869441	103.9001306
1.312871035	103.8997478
1.312872794	103.8988964
1.312873178	103.8993353
1.312875096	103.8985896
1.31287965	103.8932783
1.312882724	103.9023592
1.312898123	103.903556
1.312898123	103.903556
1.312898123	103.903556
1.312898123	103.903556
1.312898123	103.903556
1.312902172	103.9027595
1.312904269	103.9035491
1.312904451	103.8997112
1.312910585	103.9013361
1.312914809	103.8993072
1.312917175	103.9000968
1.312917175	103.9000968
1.31291894	103.8985584
1.312920951	103.8928475
1.312927662	103.8988506
1.312928523	103.8936951
1.31292853	103.8936951
1.312929613	103.9029504
1.312930065	103.9029503
1.312930065	103.9029503
1.312930065	103.9029503
1.312930065	103.9029503
1.312930065	103.9029503
1.312930065	103.9029503
1.312930065	103.9029503
1.312930065	103.9029503
1.312930065	103.9029503
1.312930065	103.9029503
1.312930065	103.9029503
1.312930065	103.9029503
1.312940255	103.893261
1.31294304	103.9056712
1.31294304	103.9056712
1.31294304	103.9056712
1.31294304	103.9056712
1.31294304	103.9056712
1.312950166	103.9056674
1.312950696	103.9000717
1.312950696	103.9000717
1.312955582	103.9027351
1.312960132	103.9013018
1.312961702	103.8992737
1.312965354	103.8985252
1.312970447	103.8988203
1.312972484	103.8928123
1.312973942	103.9036455
1.312974209	103.9032532
1.312999565	103.8957891
1.31300049	103.8932623
1.313002165	103.8995348
1.313002921	103.8992442
1.313006702	103.901269
1.313009768	103.8984834
1.313016883	103.9038074
1.313017129	103.8987873
1.31302694	103.8956942
1.313030009	103.8928037
1.313031914	103.8958303
1.313044348	103.8992095
1.313048486	103.9017943
1.313049799	103.901238
1.313050983	103.902229
1.313052261	103.9026622
1.313055214	103.8932409
1.313060077	103.898757
1.313060979	103.8990916
1.313063583	103.8994865
1.313064676	103.8984488
1.313069435	103.8996277
1.313069435	103.8996277
1.313072743	103.9015686
1.313075764	103.8958009
1.313076275	103.8935057
1.313081157	103.8999787
1.313081507	103.8991798
1.313089342	103.8938509
1.313092471	103.901965
1.31309692	103.9012042
1.313100772	103.9057394
1.313100948	103.8928956
1.313106764	103.898724
1.3131082	103.905874
1.313111556	103.8984139
1.31311324	103.9028193
1.313114785	103.8932342
1.313118379	103.9026204
1.31311998	103.9028851
1.313125407	103.8927439
1.313125411	103.8927439
1.313126702	103.8957757
1.313126702	103.8957757
1.313130243	103.9029586
1.313130298	103.899437
1.313133116	103.8922435
1.31313406	103.8995796
1.313134061	103.8995796
1.313139001	103.9030223
1.313144602	103.905922
1.313149261	103.9030957
1.313149719	103.8986937
1.313157201	103.8978037
1.313158025	103.9031594
1.313158499	103.9049165
1.313159457	103.8952162
1.313164761	103.8957579
1.313164761	103.8957579
1.313168246	103.9032327
1.313168404	103.8932133
1.313176188	103.8972149
1.313177052	103.9032967
1.313187253	103.9033698
1.313188621	103.8991247
1.313196465	103.8986607
1.313198137	103.9034297
1.313200673	103.8995316
1.313200674	103.8995316
1.313205421	103.9038549
1.313216381	103.895732
1.313216382	103.895732
1.313223997	103.9060345
1.313229168	103.8983735
1.313231782	103.8983692
1.313232943	103.8931967
1.313233582	103.8994635
1.313235943	103.8935354
1.313239438	103.8986304
1.313248249	103.899078
1.313250766	103.9055165
1.313254179	103.8957149
1.31325418	103.8957149
1.313271995	103.8994328
1.313273008	103.9038008
1.313275999	103.9035972
1.313275999	103.9035972
1.313275999	103.9035972
1.313275999	103.9035972
1.313278336	103.8982887
1.313281747	103.9048523
1.31328258	103.9020519
1.313284269	103.8985988
1.313286459	103.9009737
1.31328646	103.9009737
1.313287553	103.9010463
1.313287553	103.9010463
1.313295024	103.9010929
1.313295024	103.9010929
1.313296131	103.903586
1.313301348	103.9023844
1.313302205	103.9011398
1.313302205	103.9011398
1.31330488	103.8956881
1.31330488	103.8956881
1.313307911	103.8928042
1.313309456	103.9011866
1.313309456	103.9011866
1.313310548	103.8994065
1.313311046	103.8990058
1.313312137	103.9061712
1.313316633	103.8930842
1.313316933	103.9012332
1.313316934	103.9012332
1.313317671	103.9037687
1.313322572	103.9043604
1.313324321	103.90128
1.313324321	103.90128
1.313330601	103.9024296
1.313332012	103.9013268
1.313332013	103.9013268
1.31333226	103.899813
1.31333226	103.899813
1.313335073	103.8976759
1.313335641	103.9024829
1.313335668	103.8982463
1.313336789	103.9013746
1.31333679	103.9013746
1.313345287	103.9025386
1.313347156	103.8936983
1.313348292	103.899379
1.313349264	103.8985443
1.313352917	103.8956714
1.313352917	103.8956714
1.313354282	103.8997241
1.313354377	103.9014215
1.313356925	103.8921735
1.313357301	103.9015955
1.313357302	103.9015955
1.313357302	103.9015955
1.31335847	103.9014745
1.31335847	103.9014745
1.31335847	103.9014745
1.313363037	103.9037344
1.313364815	103.9015406
1.313364815	103.9015406
1.313364816	103.9015406
1.313368958	103.9026024
1.313377811	103.9026898
1.313380587	103.8926838
1.313382166	103.9016487
1.313382166	103.9016487
1.313382167	103.9016487
1.313385846	103.8993511
1.313387604	103.9062908
1.313388485	103.8931604
1.313389471	103.9016976
1.313389471	103.9016976
1.313389471	103.9016976
1.313394235	103.8923617
1.313398386	103.8982101
1.313399439	103.902824
1.313400258	103.9017565
1.313400258	103.9017565
1.313400258	103.9017565
1.313403264	103.9018671
1.313403264	103.9018671
1.313407784	103.9037013
1.313407824	103.9018057
1.313407824	103.9018057
1.313407824	103.9018057
1.313409345	103.9028993
1.313411021	103.8997322
1.313415146	103.8999152
1.313422121	103.8999558
1.313423337	103.900077
1.313423357	103.9029945
1.313423967	103.8993237
1.313429799	103.8999953
1.31343439	103.9040687
1.313434397	103.9056064
1.313434397	103.9056064
1.313435984	103.90561
1.31343652	103.9030849
1.313442507	103.9059312
1.313443921	103.9001536
1.313443921	103.9001536
1.31344476	103.9002744
1.31344476	103.9002744
1.313445562	103.8931446
1.313448245	103.903172
1.313448462	103.8997123
1.313450416	103.9001925
1.313450416	103.9001925
1.313452388	103.8927716
1.313454673	103.8981773
1.313456114	103.9036741
1.313456763	103.9002317
1.313456763	103.9002317
1.313457028	103.9032449
1.313458386	103.8984818
1.313461787	103.8992962
1.313463343	103.9048581
1.313473138	103.902434
1.313476258	103.9055383
1.313477608	103.9024616
1.31348131	103.8996873
1.313483611	103.9003077
1.313483763	103.9059017
1.313490391	103.900347
1.313492598	103.9055843
1.313492598	103.9055843
1.313497367	103.904018
1.313497679	103.9003863
1.313502101	103.8931304
1.313502172	103.8992673
1.313502799	103.8976396
1.313503878	103.9063607
1.313504721	103.9004264
1.313506689	103.8921629
1.313507447	103.9022502
1.313507447	103.9022502
1.313508827	103.9006239
1.313510489	103.9004656
1.313511692	103.8927671
1.313514526	103.899663
1.313514526	103.899663
1.313515334	103.9058795
1.313517216	103.9054986
1.31352191	103.906357
1.313522777	103.8990664
1.313524804	103.9005408
1.313527397	103.8946622
1.313529672	103.9005753
1.313530335	103.9025116
1.313538405	103.9025589
1.313539115	103.8984148
1.313541965	103.8954818
1.313542337	103.902357
1.31354362	103.9025963
1.313545945	103.9055386
1.313545945	103.9055386
1.313547727	103.8996382
1.313550008	103.9026435
1.313550036	103.8976128
1.313550493	103.9008024
1.313553192	103.9027268
1.313555401	103.9026813
1.313555786	103.904517
1.313555885	103.9004972
1.313556327	103.8931005
1.313556752	103.9058525
1.313557824	103.9008209
1.313560897	103.9039754
1.313565799	103.892759
1.313567785	103.9054719
1.313571577	103.9009349
1.313571577	103.9009349
1.313576505	103.9035337
1.313578031	103.9027649
1.31357852	103.9010774
1.313578521	103.9010774
1.313581304	103.9010049
1.313585156	103.902811
1.313586177	103.9055182
1.313586177	103.9055182
1.313586967	103.9058292
1.313588344	103.9011339
1.313588344	103.9011339
1.313589157	103.8995909
1.313589157	103.8995909
1.313589157	103.8995909
1.313589524	103.903288
1.313591216	103.9028507
1.313593199	103.9012664
1.3135932	103.9012664
1.313594369	103.8975816
1.313594635	103.8983752
1.31359512	103.9011772
1.31359512	103.9011772
1.313596508	103.9031623
1.313596757	103.9030875
1.31359678	103.9033615
1.313598632	103.9028969
1.313598938	103.90422
1.313598938	103.90422
1.313598938	103.90422
1.313598938	103.90422
1.313598938	103.90422
1.313598938	103.90422
1.313600854	103.8988546
1.313601407	103.9047872
1.313604825	103.9029367
1.313605361	103.9034203
1.313611116	103.8930872
1.313612215	103.9029837
1.313624382	103.8927465
1.313627439	103.9058036
1.313627506	103.9035439
1.313632492	103.9051569
1.313632492	103.9051569
1.313632493	103.9051569
1.313635652	103.8981423
1.313643191	103.903585
1.313645485	103.8939499
1.31364698	103.8939497
1.31364698	103.8939497
1.31364698	103.8939497
1.31364972	103.904761
1.313650219	103.905274
1.313650219	103.905274
1.313650219	103.905274
1.313650843	103.899543
1.313650843	103.899543
1.313650843	103.899543
1.313654454	103.8975692
1.313656955	103.9054442
1.313658043	103.9057808
1.313659141	103.9050812
1.313659141	103.9050812
1.313659899	103.8998723
1.313664324	103.9050949
1.313666574	103.8998149
1.313669795	103.8960696
1.313670388	103.8999406
1.313673183	103.900004
1.31367332	103.8930951
1.313673679	103.9052235
1.31367417	103.9053763
1.31367417	103.9053763
1.313676688	103.9014549
1.313676689	103.9014549
1.313676689	103.9014549
1.313678757	103.9054487
1.313678757	103.9054487
1.31368229	103.9061552
1.313682519	103.9000547
1.313688535	103.905369
1.313693327	103.8927511
1.313693765	103.9052225
1.313693765	103.9052225
1.313697553	103.897537
1.313701408	103.9057532
1.313701718	103.9001653
1.313704832	103.9047104
1.313705914	103.8933634
1.313706172	103.8987677
1.313707983	103.8934584
1.313707983	103.8934584
1.313707983	103.8934584
1.313707983	103.8934584
1.313707983	103.8934584
1.313707983	103.8934584
1.313708131	103.8934584
1.313711567	103.8935549
1.313711933	103.9002231
1.313713592	103.9015124
1.313713593	103.9015124
1.313713593	103.9015124
1.313714026	103.8936501
1.313715044	103.8936513
1.313715044	103.8936513
1.313716103	103.8937466
1.313716295	103.903901
1.313716482	103.9001084
1.313717163	103.8937453
1.313717163	103.8937453
1.313720431	103.9002762
1.31372045	103.8938415
1.31372045	103.8938415
1.313721244	103.8938422
1.313721644	103.9037696
1.313723896	103.9039531
1.313725415	103.8930637
1.31372604	103.9038506
1.313727219	103.9040207
1.313729347	103.9015639
1.313729347	103.9015639
1.313729347	103.9015639
1.313729922	103.9003364
1.313730269	103.8979852
1.31373277	103.9057305
1.313734084	103.9004011
1.313739391	103.9021728
1.313741742	103.8939491
1.313741986	103.8939465
1.313741986	103.8939465
1.313741986	103.8939465
1.313742694	103.9043593
1.313744784	103.8975078
1.3137462	103.902217
1.313749537	103.8987355
1.313751317	103.8991036
1.313751317	103.8991036
1.313751317	103.8991036
1.313752731	103.9046837
1.31375328	103.9022609
1.3137583	103.9006708
1.313760013	103.9023036
1.313760622	103.9017629
1.313766489	103.9007466
1.313766767	103.9023472
1.313771492	103.9057026
1.313773481	103.9023909
1.313774962	103.8979532
1.313777949	103.90081
1.313779214	103.8930297
1.313780008	103.9008808
1.313780121	103.9024339
1.313780121	103.9024339
1.313780121	103.9024339
1.313786906	103.897476
1.313787303	103.9024777
1.313790279	103.9009385
1.313791315	103.8952287
1.313794383	103.9025227
1.313800947	103.8986987
1.31380115	103.9025669
1.313802123	103.9010065
1.313803748	103.905683
1.313803971	103.8994434
1.313806612	103.8969105
1.313807022	103.8994454
1.313807022	103.8994454
1.313807795	103.9026105
1.313808437	103.9046366
1.31381487	103.9026537
1.313821623	103.902697
1.313821646	103.8979195
1.313824339	103.9010789
1.313828424	103.9027408
1.31383528	103.9027846
1.313838528	103.9062457
1.313840198	103.8974478
1.313841023	103.9056545
1.313841901	103.8990261
1.313842212	103.9028282
1.313847481	103.8986654
1.313849337	103.9028705
1.31385098	103.9029203
1.313852289	103.8993969
1.313852289	103.8993969
1.313852289	103.8993969
1.313861475	103.904609
1.31386502	103.8978829
1.313866649	103.8930345
1.313873124	103.8981779
1.313889272	103.9024833
1.313890215	103.901685
1.313895834	103.8978412
1.313900065	103.8936172
1.313905284	103.8981288
1.313909738	103.9049771
1.313909738	103.9049771
1.313909738	103.9049771
1.313910695	103.8985426
1.313912516	103.9029678
1.313913579	103.9049139
1.313913579	103.9049139
1.31391358	103.9049139
1.313919496	103.9030226
1.313922265	103.8993674
1.313923811	103.8973823
1.313924643	103.9013208
1.313926604	103.9030769
1.31392706	103.901659
1.31393242	103.9051008
1.31393242	103.9051008
1.31393242	103.9051008
1.313934408	103.9031317
1.313936036	103.9059687
1.313937208	103.9059684
1.313937208	103.9059684
1.313937208	103.9059684
1.313937208	103.9059684
1.313937208	103.9059684
1.313937208	103.9059684
1.313937208	103.9059684
1.313937208	103.9059684
1.313937208	103.9059684
1.313937483	103.8985064
1.313941467	103.9050449
1.313941467	103.9050449
1.313941467	103.9050449
1.313941844	103.9031859
1.313941863	103.903372
1.313941863	103.903372
1.313946412	103.898099
1.313949103	103.9032333
1.313952197	103.9052249
1.313952197	103.9052249
1.313952198	103.9052249
1.313952655	103.9032758
1.313962557	103.9033195
1.313962557	103.9033195
1.313964053	103.9016349
1.313964369	103.8978377
1.313967742	103.8984707
1.313969151	103.9051694
1.313969151	103.9051694
1.313969151	103.9051694
1.313970839	103.90535
1.31397084	103.90535
1.31397084	103.90535
1.313974111	103.898952
1.313976104	103.8973508
1.313976833	103.8993444
1.313980087	103.9052937
1.313980087	103.9052937
1.313980087	103.9052937
1.313990843	103.899816
1.313991061	103.9054742
1.313991061	103.9054742
1.313991061	103.9054742
1.313991767	103.8996598
1.313998773	103.9035602
1.313999582	103.9055588
1.313999583	103.9055588
1.313999583	103.9055588
1.314000651	103.9036155
1.314001613	103.9016104
1.314006673	103.9054183
1.314006673	103.9054183
1.314006673	103.9054183
1.314008111	103.8998681
1.314008723	103.897805
1.314011019	103.8999287
1.314012638	103.903669
1.314017819	103.898097
1.314018405	103.9037264
1.314019967	103.8984696
1.314021448	103.8999835
1.31402635	103.9037781
1.314026853	103.9060608
1.314028351	103.9038329
1.314029946	103.9004435
1.314030213	103.8989128
1.314031754	103.9000417
1.314032483	103.8993039
1.314033939	103.9061066
1.314035938	103.9038784
1.314037089	103.8984187
1.31403819	103.9005064
1.314038488	103.9015844
1.314040511	103.9000952
1.314043179	103.9039235
1.314049452	103.9001518
1.314049731	103.9021833
1.314050142	103.9005705
1.314050471	103.9039686
1.31405688	103.9040137
1.314057478	103.8977514
1.314059952	103.9006354
1.314059965	103.8980674
1.314064526	103.9040586
1.314068915	103.8988888
1.314070555	103.9007002
1.314070753	103.9041039
1.314073458	103.9015551
1.314081061	103.9007648
1.314086046	103.9012007
1.314087726	103.8992673
1.314088592	103.8984161
1.314091797	103.9008289
1.314101877	103.9015128
1.314102129	103.9015128
1.314102832	103.8987738
1.314108038	103.8980338
1.314108067	103.8988596
1.314121385	103.8977058
1.314122116	103.9031257
1.314126985	103.9046909
1.314130862	103.8984005
1.314131265	103.8992443
1.314136671	103.8987495
1.314143581	103.9043647
1.314146599	103.9015041
1.31414888	103.8994898
1.314149343	103.8980051
1.314149819	103.901153
1.314156563	103.8995295
1.314156568	103.8983657
1.314156836	103.8994378
1.314162735	103.8995689
1.314164122	103.8998652
1.314169455	103.8996075
1.314174496	103.9031139
1.314175011	103.9046366
1.314176978	103.8996463
1.314178014	103.9008371
1.314183408	103.8979519
1.314183675	103.8988144
1.314184118	103.9014798
1.314186882	103.8997063
1.314188788	103.9047283
1.314189842	103.8976589
1.314195658	103.898338
1.314195879	103.9047738
1.314202967	103.9048197
1.314210682	103.9048663
1.31421122	103.9011072
1.314214418	103.8987849
1.314214817	103.9014409
1.314214918	103.899778
1.314224797	103.8979217
1.314226893	103.9003389
1.31422741	103.8983153
1.314236471	103.899904
1.31423669	103.9004043
1.314244561	103.903086
1.314248688	103.9004718
1.314249171	103.8987607
1.314257822	103.9014318
1.314259454	103.9005401
1.31426621	103.8947557
1.314270494	103.9006084
1.314272996	103.902372
1.314274225	103.8978886
1.314276341	103.9025675
1.314278372	103.9058389
1.31428138	103.9006776
1.314283159	103.8987362
1.314290026	103.9013931
1.31429389	103.9007479
1.314306759	103.902815
1.314308923	103.8983327
1.314311776	103.8991299
1.314313026	103.9059029
1.314315374	103.899112
1.314315809	103.9036635
1.314317627	103.8987125
1.314317772	103.9020095
1.314320482	103.8971932
1.314320482	103.8971932
1.314320482	103.8971932
1.314320482	103.8971932
1.314320482	103.8971932
1.314320482	103.8971932
1.314331478	103.8978589
1.314331813	103.8971933
1.314335667	103.9041278
1.314337692	103.9056212
1.314337692	103.9056212
1.314337692	103.9056212
1.314337692	103.9056212
1.314337692	103.9056212
1.314337692	103.9056212
1.314337692	103.9056212
1.314337692	103.9056212
1.314337692	103.9056212
1.314337692	103.9056212
1.314337692	103.9056212
1.314337692	103.9056212
1.314337692	103.9056212
1.314337692	103.9056212
1.314337692	103.9056212
1.314337692	103.9056212
1.314337692	103.9056212
1.314337692	103.9056212
1.314337692	103.9056212
1.314337692	103.9056212
1.314337692	103.9056212
1.314337692	103.9056212
1.314337692	103.9056212
1.314337692	103.9056212
1.314337692	103.9056212
1.314337692	103.9056212
1.314337692	103.9056212
1.314337692	103.9056212
1.314343478	103.9053148
1.314343478	103.9053148
1.314343478	103.9053148
1.314343478	103.9053148
1.314347837	103.9059523
1.314359043	103.9049606
1.314359043	103.9049606
1.314359043	103.9049606
1.314359043	103.9049606
1.314359043	103.9049606
1.314359043	103.9049606
1.314359043	103.9049606
1.314359043	103.9049606
1.314365087	103.9029202
1.31437048	103.894529
1.314373103	103.900861
1.314377205	103.9008144
1.314379898	103.9008971
1.31438412	103.9009336
1.314388599	103.9051703
1.3143886	103.9051703
1.3143886	103.9051703
1.3143886	103.9051703
1.3143886	103.9051703
1.3143886	103.9051703
1.3143886	103.9051703
1.314391089	103.9009693
1.314391676	103.8986704
1.314395502	103.9010055
1.314402764	103.9010408
1.314406934	103.9010779
1.31441312	103.9011173
1.314419407	103.9011607
1.314419771	103.9028975
1.314426217	103.8986457
1.314426678	103.9012033
1.314429088	103.9000834
1.314432794	103.9012466
1.314433815	103.8960611
1.31443382	103.8960612
1.314439898	103.90129
1.314446471	103.9013336
1.314454749	103.9013888
1.314455993	103.9052977
1.314455993	103.9052977
1.314455993	103.9052977
1.314460571	103.9026931
1.314466709	103.9000969
1.314467626	103.8986233
1.314470022	103.9028904
1.314471238	103.8950338
1.314479903	103.8973221
1.314487357	103.9032867
1.314495631	103.9037953
1.314495632	103.9037953
1.314495632	103.9037953
1.314495632	103.9037953
1.314495632	103.9037953
1.314495632	103.9037953
1.314497027	103.9057328
1.314500711	103.9000906
1.314525589	103.9028574
1.31453454	103.9000841
1.314540031	103.9002344
1.314546003	103.9003372
1.314558063	103.9002873
1.314558064	103.9002873
1.314562015	103.9052811
1.314562015	103.9052811
1.314563395	103.8974029
1.314568026	103.8977023
1.314568026	103.8977023
1.314568123	103.9000776
1.314571983	103.9003783
1.314575117	103.9032509
1.314575203	103.8997882
1.314576283	103.8977131
1.314578963	103.9004231
1.314579102	103.9036162
1.314580232	103.9006067
1.314581516	103.9028445
1.314585537	103.9004678
1.314587514	103.9036154
1.314587514	103.9036154
1.314587514	103.9036154
1.314592352	103.9005125
1.314592486	103.8974445
1.314592552	103.9041361
1.314592552	103.9041361
1.314592552	103.9041361
1.314592552	103.9041361
1.314599156	103.9005572
1.314602859	103.9000714
1.314603728	103.9042082
1.314603728	103.9042082
1.314603728	103.9042082
1.314603728	103.9042082
1.314612617	103.9006466
1.314615336	103.9034158
1.314618499	103.894738
1.314618499	103.894738
1.314618499	103.894738
1.314619658	103.9006913
1.314626581	103.9007361
1.314632687	103.900833
1.314633068	103.9007829
1.314633216	103.9032309
1.314635681	103.9003204
1.314636837	103.8997894
1.314653315	103.9009656
1.314661659	103.9010127
1.314661798	103.8976819
1.314661817	103.9028011
1.314663994	103.8976798
1.314672557	103.9039046
1.314672557	103.9039046
1.314672557	103.9039046
1.314672557	103.9039046
1.314672557	103.9039046
1.314672557	103.9039046
1.314672557	103.9039046
1.314673161	103.904415
1.314674353	103.9049525
1.314676644	103.9008932
1.314676644	103.9008932
1.314682057	103.9032091
1.314683696	103.9010541
1.314695059	103.9011292
1.314696481	103.8997786
1.314704556	103.8976419
1.314706493	103.9013584
1.314706493	103.9013584
1.314707322	103.9012392
1.314708663	103.8935086
1.31471159	103.897647
1.314719553	103.901179
1.314722372	103.9014096
1.314722372	103.9014096
1.314728802	103.8983832
1.31473058	103.9000795
1.314735834	103.9012906
1.314735962	103.9001395
1.314741157	103.9000163
1.314741575	103.9001981
1.314742388	103.8945519
1.314742579	103.9032006
1.314751085	103.9015602
1.314751734	103.8976182
1.314753862	103.8976166
1.314760551	103.8997668
1.314769345	103.9002487
1.314774102	103.8975503
1.314774176	103.8975507
1.314776434	103.900299
1.314782476	103.9004572
1.31478346	103.9003473
1.314786897	103.8934721
1.314790678	103.9003953
1.314796735	103.9053352
1.314802267	103.8934775
1.314806502	103.9015486
1.314812123	103.901836
1.314814675	103.9005212
1.314818016	103.9005808
1.314818312	103.8975183
1.31481834	103.8975182
1.314818579	103.9018931
1.314824507	103.9006265
1.314832229	103.9006724
1.314834923	103.90195
1.31483627	103.8966373
1.314837853	103.9007147
1.314839502	103.8958652
1.314844599	103.9020025
1.314846411	103.895865
1.314857234	103.9020778
1.314868566	103.9021484
1.314868713	103.9015367
1.314871321	103.8972078
1.31487355	103.9023571
1.31487355	103.9023571
1.314878634	103.9008562
1.314879097	103.9022142
1.314879136	103.9010055
1.314882709	103.900947
1.314883255	103.900819
1.314887953	103.8982829
1.31488802	103.901077
1.314888796	103.9024428
1.314888796	103.9024428
1.314890272	103.9022857
1.314893513	103.9009049
1.314898985	103.9011357
1.314900186	103.9025156
1.314900186	103.9025156
1.314900302	103.9047096
1.314910082	103.9011957
1.314913077	103.8994792
1.314921197	103.9012554
1.314923975	103.9025875
1.314925677	103.9057219
1.314928275	103.9055809
1.31493283	103.9013186
1.314932996	103.9026421
1.314934202	103.9015241
1.314935474	103.8978716
1.314942249	103.9026959
1.314951647	103.9027493
1.31495659	103.8982214
1.314957297	103.8934003
1.31496867	103.9028031
1.31497453	103.9049584
1.31498109	103.89784
1.314982009	103.8986206
1.314982214	103.9028674
1.314987822	103.9053144
1.31499263	103.901513
1.31499367	103.9000639
1.314999717	103.9029426
1.315020595	103.8978094
1.315031771	103.8947604
1.315032141	103.9030648
1.315034198	103.9018054
1.315042407	103.9031179
1.31504437	103.9018641
1.315049151	103.8981555
1.31505283	103.9031717
1.315055031	103.901929
1.315056941	103.9000474
1.31505707	103.8977846
1.315062225	103.9020413
1.315063316	103.9032267
1.315072299	103.9021125
1.315084556	103.9021788
1.315092713	103.8977595
1.315097166	103.902249
1.315098098	103.8980975
1.315105129	103.9034963
1.315107521	103.8955879
1.315108216	103.9000232
1.315108533	103.9033612
1.315115608	103.9002763
1.315117525	103.9035566
1.315122407	103.9036706
1.315124555	103.9037276
1.315126437	103.9037893
1.31512845	103.9008403
1.31512854	103.8977346
1.315130564	103.9024012
1.315136193	103.9038439
1.315137175	103.9023215
1.315137175	103.9023215
1.31514205	103.8956095
1.315142744	103.8980654
1.315142744	103.8980654
1.315144663	103.9024725
1.315159857	103.9025683
1.315164454	103.8977097
1.315168226	103.9000264
1.315171233	103.9026243
1.31518005	103.903919
1.31518272	103.9026828
1.315185256	103.9008302
1.315186958	103.904041
1.315190341	103.8980477
1.315193555	103.9027389
1.315195551	103.9028837
1.31520091	103.897689
1.315214217	103.9041686
1.315219685	103.9000152
1.315223227	103.9042819
1.315224395	103.904222
1.315224514	103.8980206
1.315232652	103.897666
1.315239642	103.9008194
1.315244209	103.9043835
1.315247528	103.903054
1.315247712	103.9011357
1.31525247	103.9045997
1.315254554	103.9045485
1.315254874	103.9044331
1.31525736	103.9011861
1.315261443	103.8979954
1.315264165	103.8976434
1.315265985	103.9044871
1.315266053	103.9013016
1.315266567	103.9031571
1.315268351	103.9012449
1.315273019	103.904652
1.315278236	103.9033323
1.315278894	103.9000032
1.315279457	103.9046972
1.315280125	103.9047532
1.315289542	103.9013574
1.31528967	103.9006271
1.315293727	103.9008078
1.315294441	103.9014713
1.315295934	103.8976208
1.315296865	103.8978924
1.315297738	103.8979697
1.315304186	103.9018327
1.315309309	103.9014086
1.315313531	103.9048871
1.315316457	103.9034559
1.31532353	103.897593
1.315325112	103.9015208
1.31532568	103.904955
1.315327696	103.903514
1.315330872	103.8999942
1.315337686	103.9050254
1.315346988	103.8993382
1.315347562	103.9007974
1.315350833	103.9021196
1.315355912	103.9004588
1.315358001	103.905214
1.315358066	103.9051575
1.315361324	103.9050938
1.315361397	103.903628
1.31536188	103.8975098
1.315367043	103.905267
1.31537613	103.9036787
1.315376581	103.9054629
1.315376581	103.9054629
1.315376581	103.9054629
1.315380989	103.9018157
1.315382825	103.9037377
1.315388696	103.8976172
1.315397924	103.9037894
1.315401394	103.9007855
1.315405265	103.8992473
1.315405502	103.9021066
1.315405699	103.9039203
1.315407591	103.8989404
1.315408443	103.9024439
1.315418246	103.9039972
1.315422063	103.8993701
1.315425093	103.8954793
1.315427673	103.9011816
1.315429738	103.9054531
1.315429739	103.9054531
1.315429739	103.9054531
1.315433864	103.8994272
1.315443643	103.9041168
1.315444793	103.9018045
1.315445275	103.8994865
1.315453673	103.9041698
1.315456044	103.9007765
1.315456253	103.9027071
1.315460201	103.9020989
1.315461902	103.902426
1.315462773	103.9042358
1.315463154	103.8978511
1.315466691	103.9014123
1.315468434	103.8995434
1.315470563	103.9043431
1.315477278	103.9011716
1.315479951	103.8996619
1.315481034	103.9043912
1.315486252	103.9054426
1.315486453	103.8996024
1.315491538	103.9044458
1.315508789	103.9017932
1.315511694	103.9020736
1.315512236	103.9007644
1.315516136	103.9026894
1.315521868	103.8990541
1.315521869	103.8989922
1.315521888	103.901402
1.315527091	103.9030502
1.315527647	103.9044965
1.315528698	103.9045447
1.315532484	103.9024135
1.315532845	103.9011651
1.31553801	103.9047012
1.315539644	103.8987649
1.315541433	103.9045949
1.315541854	103.9054323
1.315541854	103.9054323
1.315541854	103.9054323
1.315551355	103.9046457
1.315564332	103.9020563
1.315564548	103.8967533
1.315569596	103.9047486
1.315575276	103.9013801
1.315578447	103.9026832
1.315580909	103.9030289
1.315583735	103.90115
1.315585031	103.9024029
1.315588886	103.9048638
1.31559209	103.9049323
1.315596134	103.9001942
1.315596858	103.9054221
1.315596858	103.9054221
1.315596858	103.9054221
1.315597709	103.9048064
1.315603747	103.9032305
1.315604171	103.8961288
1.315612101	103.9017584
1.315614056	103.9049925
1.315614681	103.8961295
1.31561582	103.9033045
1.315616192	103.9050527
1.315622479	103.9020422
1.315626172	103.900456
1.31563227	103.903379
1.315632925	103.9013804
1.315634044	103.9051613
1.315634151	103.9026612
1.315639714	103.9030131
1.315642621	103.8977175
1.315648104	103.9051028
1.315652048	103.9023882
1.315654131	103.9054115
1.315665991	103.9052111
1.315671964	103.8991832
1.315678151	103.9017512
1.315682922	103.9035942
1.315685444	103.902031
1.315689937	103.9010899
1.315695825	103.9036606
1.315701225	103.9030194
1.315706756	103.9026498
1.315708404	103.903725
1.315709733	103.9054012
1.315709733	103.9054012
1.315709733	103.9054012
1.315715003	103.9023824
1.315721403	103.9037922
1.315723829	103.8974411
1.315733949	103.9038565
1.315737889	103.9013632
1.315738056	103.9017283
1.315741709	103.9010929
1.315747355	103.9039243
1.315748462	103.8974247
1.315748474	103.8974247
1.315748475	103.8974247
1.315748875	103.9020254
1.315758687	103.9032776
1.315759936	103.9039894
1.315765098	103.9053909
1.315765098	103.9053909
1.315765098	103.9053909
1.315765318	103.9026457
1.315778008	103.9023703
1.315789443	103.9013412
1.315800823	103.9010826
1.315802856	103.9017283
1.315803722	103.9042578
1.315808448	103.9019969
1.315808562	103.9042003
1.315818274	103.9032645
1.315826034	103.9026264
1.315832829	103.9036337
1.315836754	103.8927466
1.315836887	103.9044372
1.315839688	103.9023584
1.315847007	103.9044921
1.315850238	103.9013411
1.315852447	103.9010811
1.315853104	103.9043717
1.315853308	103.9043112
1.315858256	103.9045543
1.315859059	103.8983762
1.315867013	103.9017133
1.315867806	103.9046083
1.315868837	103.9019861
1.315875846	103.9038946
1.315876329	103.9036225
1.315876534	103.8983781
1.315885232	103.8991554
1.315889471	103.9026214
1.315899938	103.9023471
1.315913545	103.9004523
1.315919436	103.9036133
1.31592158	103.9004646
1.31592378	103.9016857
1.315925321	103.9029875
1.315927486	103.9032168
1.315932124	103.9038838
1.315932862	103.9019728
1.315936848	103.9013306
1.315947885	103.9023336
1.315950972	103.9026085
1.31596244	103.9036028
1.315964054	103.9047966
1.315966235	103.9010776
1.315971911	103.8934892
1.315973476	103.9048437
1.315984762	103.9032063
1.315986754	103.9016754
1.31598934	103.9019638
1.315990045	103.9023256
1.315991978	103.9038795
1.316004232	103.9025654
1.316007511	103.9036022
1.316014042	103.9042525
1.316028353	103.9013869
1.316031206	103.9023116
1.31603356	103.9010623
1.316050119	103.9038658
1.316051825	103.9049356
1.316053301	103.9036151
1.316059368	103.9044729
1.316060219	103.9050622
1.316060276	103.9052219
1.316065181	103.9025542
1.316069744	103.9042479
1.316073038	103.9023032
1.316080405	103.9012974
1.31608466	103.9031873
1.316092114	103.9035738
1.316092733	103.9016826
1.316099455	103.9010498
1.316113679	103.9044627
1.316115934	103.9022984
1.31611634	103.9038524
1.316123767	103.9042223
1.316128767	103.9025773
1.316142054	103.9031766
1.316144032	103.901286
1.3161443	103.9029419
1.316157606	103.9022898
1.316168109	103.9044529
1.316170514	103.899143
1.316184153	103.9025307
1.316198558	103.8990713
1.316204855	103.9018617
1.31620611	103.903597
1.316206766	103.9022829
1.316207503	103.8988273
1.316209481	103.8989417
1.316209481	103.8989417
1.316209481	103.8989417
1.316213721	103.9042057
1.316216497	103.8998242
1.316216497	103.8998242
1.316217589	103.89883
1.316217589	103.89883
1.316217589	103.89883
1.316217589	103.89883
1.316217589	103.89883
1.316217589	103.89883
1.316217993	103.8998237
1.316222257	103.9044428
1.316225075	103.8929902
1.316245924	103.9025414
1.316255248	103.9029466
1.316263405	103.9022669
1.316273206	103.9031621
1.316274154	103.8991236
1.316275688	103.8991837
1.316275689	103.8991837
1.316275689	103.8991837
1.316275689	103.8991837
1.316277265	103.9049487
1.316280153	103.8990717
1.316289965	103.8992468
1.316289965	103.8992468
1.316289965	103.8992468
1.316289965	103.8992468
1.316295905	103.9025319
1.316303752	103.8993099
1.316303753	103.8993099
1.316303753	103.8993099
1.316303753	103.8993099
1.31630706	103.8943935
1.316318047	103.9022598
1.316325272	103.9016034
1.316325272	103.9016034
1.316334253	103.9005249
1.316339647	103.8993599
1.316339647	103.8993599
1.316339647	103.8993599
1.316345656	103.8994686
1.316345657	103.8994686
1.316345657	103.8994686
1.316349104	103.8994179
1.316352483	103.9025213
1.316352676	103.9001323
1.316360857	103.9044027
1.31636274	103.8995274
1.31636274	103.8995274
1.31636274	103.8995274
1.316365549	103.9028921
1.31637011	103.9022438
1.316374184	103.8994175
1.316374184	103.8994175
1.316381366	103.9015791
1.316381366	103.9015791
1.316394457	103.8943591
1.316399885	103.9041635
1.316401199	103.902513
1.31640942	103.8926921
1.316417689	103.9010026
1.316418544	103.9031447
1.316425366	103.9048105
1.316436825	103.9035391
1.316439915	103.9028723
1.31644317	103.901574
1.31644317	103.901574
1.316446244	103.9019206
1.316446245	103.9019205
1.316471246	103.9012327
1.316485571	103.9047985
1.316488455	103.9037591
1.316493362	103.9034978
1.316494157	103.8967884
1.316494434	103.8969417
1.316494517	103.9031487
1.316498526	103.9015662
1.316498526	103.9015662
1.316510306	103.9019128
1.316510307	103.9019128
1.316537582	103.9041116
1.316542452	103.9037507
1.316545509	103.9047872
1.316547283	103.903488
1.316559363	103.9018977
1.316559363	103.9018977
1.316584804	103.9009711
1.316592878	103.9041007
1.316596386	103.9037419
1.316601902	103.903478
1.316605491	103.9047762
1.316606762	103.9043781
1.316617199	103.9028874
1.31664993	103.9037309
1.316653673	103.9040893
1.316668508	103.9022136
1.316668875	103.9047653
1.316670339	103.9028742
1.316676837	103.9043568
1.316678856	103.8981027
1.31668413	103.9014571
1.31668413	103.9014571
1.316690609	103.9015246
1.316690609	103.9015246
1.316702615	103.9016328
1.316702616	103.9016328
1.316704451	103.9015735
1.316704451	103.9015735
1.316716233	103.9041037
1.316722067	103.9017413
1.316722067	103.9017413
1.316723259	103.9024436
1.316724626	103.9016818
1.316724626	103.9016818
1.31672515	103.8979774
1.316730295	103.902862
1.316736349	103.8982279
1.316736349	103.8982279
1.316742223	103.9018498
1.316742224	103.9018498
1.316743967	103.9017902
1.316743968	103.9017902
1.31674913	103.9043542
1.316756341	103.893079
1.316761004	103.9019128
1.316761004	103.9019128
1.316766184	103.9030675
1.316780657	103.9028517
1.316780978	103.9047305
1.316800671	103.9031221
1.316823707	103.9047207
1.316829345	103.9030636
1.316852464	103.9040793
1.316886571	103.902792
1.316888401	103.9043265
1.316894841	103.9028017
1.31691527	103.9028034
1.316916263	103.8989898
1.316918037	103.9040703
1.316919152	103.9035606
1.316948646	103.9043147
1.316974628	103.9040598
1.316996486	103.8977489
1.317010057	103.9043025
1.317041378	103.9047483
1.317095299	103.8923848
1.317149731	103.9039652
1.317149732	103.9039652
1.317149732	103.9039652
1.317170282	103.8995366
1.317173339	103.904064
1.31718044	103.89834
1.31719912	103.8923649
1.31720886	103.9014318
1.317242365	103.9046903
1.317243161	103.9042609
1.317243161	103.9042609
1.317243161	103.9042609
1.317243161	103.9042609
1.317243161	103.9042609
1.317243161	103.9042609
1.317243162	103.9042609
1.317247385	103.8922608
1.317247385	103.8922608
1.317247385	103.8922608
1.317351882	103.8997385
1.317392335	103.8987406
1.317405112	103.8977746
1.317479886	103.8941422
1.317501308	103.8989115
1.317501461	103.8982065
1.317555024	103.9023132
1.317561159	103.8928367
1.317571243	103.8986477
1.317602618	103.9017072
1.317606227	103.9027078
1.317671318	103.8938093
1.317696244	103.8939825
1.317743848	103.90314
1.317773541	103.9035894
1.317846441	103.9007501
1.317865219	103.9039672
1.317952721	103.90161
1.317962273	103.8974527
1.317964459	103.9045615
1.31804628	103.9017878
1.318072851	103.8970875
1.318106569	103.8931587
1.31810657	103.893126
1.318112082	103.8930604
1.318115593	103.8982207
1.318136491	103.8931439
1.318136491	103.8931439
1.318183439	103.9013112
1.318189782	103.9022081
1.318226619	103.8978549
1.318276499	103.9026196
1.318315638	103.8990247
1.318440429	103.8998522
1.318446213	103.9034311
1.318517578	103.8987875
1.318517581	103.8987875
1.318539522	103.9038365
1.318594196	103.8996802
1.31881487	103.8925808
1.31881487	103.8925808
1.31881487	103.8925808
1.31881487	103.8925808
1.318869408	103.8947313
1.318877466	103.8986449
1.318940374	103.89494
1.318996669	103.8948949
1.319024077	103.8947585
1.31902488	103.8950755
1.319027069	103.8947585
1.319053048	103.8949161
1.319304273	103.8960349
1.319317067	103.8961283
1.319341354	103.9018924
1.319345076	103.8968745
1.319420458	103.897485
1.31942046	103.897485
1.319452336	103.892135
1.319452345	103.892135
1.319521509	103.8979274
1.319605289	103.8982976
1.319621276	103.8960761
1.319698146	103.8923447
1.319727157	103.9031003
1.319727157	103.9031003
1.319727157	103.9031003
1.319727157	103.9031003
1.319727157	103.9031003
1.319776282	103.8986216
1.319783548	103.9032258
1.319847196	103.900635
1.320034	103.901616
1.320180431	103.9003665
1.320183255	103.9008049
1.320188201	103.896901
1.320201105	103.9031935
1.320292535	103.901356
1.320299349	103.899266
1.320313995	103.9011039
1.32033126	103.9042565
1.320379382	103.8968697
1.320389363	103.901842
1.320409461	103.8980497
1.320581495	103.898957
1.320599451	103.8980122
1.32065506	103.9043958
1.320657645	103.9024634
1.320673062	103.8934783
1.320674042	103.9032317
1.320697433	103.9002627
1.320729889	103.8967995
1.320747196	103.8996351
1.320748923	103.899481
1.320753582	103.9028731
1.32077129	103.8989209
1.320859395	103.8944362
1.320921538	103.8967646
1.320946204	103.8979488
1.32095043	103.8934231
1.321013483	103.9009728
1.321027414	103.8952863
1.321072407	103.9006292
1.321073182	103.904252
1.321107539	103.9013726
1.321128296	103.9046866
1.321134571	103.8979055
1.321137027	103.8943844
1.321162705	103.8990768
1.321171644	103.9017728
1.321177619	103.9001581
1.321189791	103.9032663
1.321190968	103.9035545
1.321193276	103.903409
1.321202077	103.8957232
1.321288182	103.9027263
1.321290305	103.9027278
1.321304214	103.8952314
1.321328943	103.9010589
1.321352904	103.8990411
1.321365627	103.8957143
1.321408568	103.9005063
1.321473924	103.8966689
1.321606489	103.9018154
1.321666061	103.8989627
1.32167525	103.89444
1.321707629	103.8916603
1.321708516	103.9016482
1.321734557	103.9037942
1.321741261	103.8966162
1.32175499	103.8916491
1.321798699	103.9027747
1.321800289	103.9044243
1.321800293	103.9044244
1.32183432	103.903135
1.32185099	103.8953209
1.321899559	103.8989336
1.322033569	103.9002135
1.322051074	103.8922572
1.322101255	103.8916742
1.322106482	103.8943554
1.322129924	103.9031255
1.322178871	103.896535
1.322217699	103.9041516
1.322230559	103.8988705
1.322281487	103.895238
1.322286559	103.9027205
1.322415	103.9002579
1.322417538	103.8920556
1.322418431	103.8988347
1.322449423	103.8964793
1.322569161	103.8942644
1.322686619	103.9035009
1.322716416	103.8985594
1.322745317	103.8951466
1.322758992	103.8942273
1.322808488	103.8976179
1.322830249	103.8962166
1.322877805	103.9000623
1.322880592	103.8990687
1.322904078	103.8985227
1.322904485	103.8991521
1.32293692	103.895112
1.322994312	103.9044498
1.323083068	103.9011125
1.32311948	103.8972798
1.323143131	103.9034491
1.323148516	103.9000123
1.323229065	103.8977051
1.323232646	103.8947313
1.323266562	103.8991327
1.323322424	103.8962535
1.32332438	103.8981
1.323352816	103.9010603
1.323370149	103.9044037
1.323370157	103.9044037
1.323403316	103.9023757
1.323407387	103.8985275
1.323455055	103.8989785
1.32355247	103.8971922
1.323554162	103.8999323
1.32362734	103.8975951
1.323724236	103.8980228
1.323741518	103.9043603
1.323761434	103.9009817
1.323778027	103.899892
1.323779951	103.9023304
1.323815618	103.898457
1.32385971	103.9033636
1.323876811	103.898893
1.323982657	103.9009326
1.324132803	103.899809
1.32427584	103.9032055
1.324306375	103.9021606
1.324388363	103.9043748
1.32447526	103.9012867
1.324476299	103.9045413
1.324656484	103.9032431
1.324759105	103.9021074
1.325031355	103.9032824