1.324324527	103.8117093
1.324422249	103.8115567
1.324444054	103.8113379
1.32445505	103.8114101
1.324459246	103.8128173
1.32452635	103.8110029
1.324565546	103.812187
1.32462273	103.8108918
1.324733513	103.8107247
1.324745886	103.8113243
1.324815412	103.8133187
1.324848693	103.8132179
1.324855772	103.8131576
1.324860788	103.8105768
1.324861075	103.8131045
1.324864245	103.8128581
1.324963378	103.8103171
1.324964481	103.8118758
1.324981989	103.8119285
1.325018819	103.8100838
1.325030456	103.8120175
1.3250476	103.8120701
1.325092125	103.8121618
1.32512799	103.8122208
1.325130614	103.8126699
1.325130614	103.8126699
1.325130614	103.8126699
1.325142665	103.8101089
1.325161711	103.8122935
1.325191424	103.8123535
1.325194579	103.8109809
1.325207934	103.8132749
1.325222898	103.8130216
1.325240951	103.8101675
1.325266087	103.8119876
1.325320529	103.8097443
1.3253447	103.8102217
1.325478951	103.8125037
1.325491565	103.8094298
1.32549318	103.8128766
1.325502347	103.8101606
1.325513643	103.8130298
1.325514434	103.8113728
1.325520308	103.8096593
1.32553459	103.809367
1.325588059	103.8116469
1.325613762	103.8107312
1.325617485	103.8092034
1.325655903	103.8120599
1.325768561	103.8105428
1.325792853	103.8112225
1.325808254	103.8125169
1.32581423	103.8104764
1.325842149	103.810351
1.325879952	103.8102785
1.325880162	103.8097607
1.325979795	103.8128162
1.326001602	103.8112518
1.326010683	103.8106273
1.326036954	103.8105567
1.326082813	103.8104353
1.326107621	103.8103599
1.326110061	103.8092493
1.326156036	103.8100097
1.326193125	103.812056
1.326211817	103.8100302
1.326266184	103.8100506
1.326327047	103.8100519
1.326337869	103.8107552
1.326371852	103.8106743
1.326381365	103.8100714
1.326382394	103.8097456
1.326399037	103.8087814
1.326403994	103.8105549
1.326428672	103.810111
1.326434458	103.8104688
1.326445339	103.8095642
1.326486094	103.810123
1.326491552	103.8086946
1.326526762	103.8094784
1.326539752	103.8132519
1.326543857	103.8101344
1.326550265	103.8085725
1.326567702	103.809353
1.326590717	103.8098879
1.326596671	103.8101539
1.326597305	103.8113329
1.326597794	103.808926
1.326601354	103.8126549
1.326646947	103.8092674
1.32665421	103.8084924
1.326677988	103.8088291
1.326694737	103.8086677
1.326695131	103.8083605
1.326726974	103.8106887
1.326726978	103.8106887
1.326751756	103.8102499
1.326753365	103.810313
1.326774993	103.8101971
1.326786323	103.8107546
1.326797503	103.8082845
1.326802461	103.8133182
1.326808947	103.8101481
1.326811304	103.8100763
1.326825331	103.8086136
1.326827589	103.8097463
1.326855308	103.8094814
1.326856864	103.8081609
1.326869796	103.8096831
1.326908497	103.8095121
1.326908907	103.8084994
1.326912091	103.8090827
1.326943903	103.8080697
1.326966501	103.8083931
1.326976156	103.8133133
1.326976156	103.8133133
1.326997497	103.8095641
1.327001283	103.8090042
1.327010459	103.8109511
1.327024752	103.8079516
1.3270255	103.8107324
1.327059751	103.8082922
1.327061399	103.8128962
1.327068297	103.8126665
1.327076166	103.8107474
1.32707623	103.8088847
1.327083355	103.810437
1.327102784	103.8091929
1.327103278	103.8078647
1.327111362	103.8103803
1.327131157	103.8107676
1.327136095	103.8103281
1.327145482	103.8087911
1.327149378	103.8082035
1.327155399	103.8102739
1.32716771	103.8101558
1.327168341	103.8102174
1.327172258	103.809974
1.327179124	103.8077443
1.327179817	103.810788
1.327183178	103.8097193
1.32718351	103.8091075
1.327190772	103.8101025
1.327192186	103.8110411
1.327208591	103.8086677
1.327212478	103.8080809
1.327224864	103.811206
1.327232508	103.8100567
1.327239717	103.8089425
1.327244703	103.8112739
1.327245773	103.80765
1.327260939	103.8100057
1.327265274	103.8079843
1.327273543	103.8114275
1.327274191	103.8108368
1.327276484	103.8088495
1.327281525	103.8099388
1.327292816	103.8133273
1.327294556	103.8085801
1.327308153	103.810513
1.327319526	103.8128318
1.327325202	103.8075318
1.327326442	103.810463
1.327336825	103.8116016
1.327340627	103.8096038
1.327340871	103.8104096
1.327348543	103.810863
1.327355725	103.8078639
1.32736574	103.8103603
1.327368296	103.8103032
1.327378277	103.8084685
1.327386982	103.8102504
1.327400199	103.8122568
1.327404003	103.8074473
1.327411845	103.8096277
1.3274132	103.8087886
1.32741907	103.8101446
1.327422297	103.8108901
1.327428672	103.8077788
1.327444109	103.8083722
1.327461447	103.8101032
1.327480541	103.8099935
1.327492464	103.8099394
1.327493138	103.8100564
1.327499983	103.8087029
1.327504695	103.8064158
1.327505129	103.8131537
1.327508619	103.807659
1.327517541	103.8098813
1.327519822	103.8072426
1.327520164	103.8082521
1.327534493	103.8117657
1.327534822	103.8092192
1.327537452	103.8064983
1.327552222	103.8095994
1.32755912	103.8085734
1.327569682	103.8091585
1.32757554	103.8075676
1.327580533	103.8081506
1.327583423	103.8065317
1.327607174	103.8112747
1.32760897	103.8133379
1.327610337	103.8071754
1.327614085	103.809117
1.327619866	103.8084806
1.327629955	103.8065649
1.32763435	103.8095766
1.327634646	103.813657
1.327639279	103.8092065
1.327641776	103.8106446
1.327648211	103.8110934
1.327651459	103.8090622
1.327661538	103.8070641
1.327665675	103.8110496
1.327669147	103.8105875
1.327671834	103.8105302
1.327672318	103.8080479
1.327692565	103.8061382
1.327699103	103.8109639
1.327701455	103.8104824
1.32771177	103.8082343
1.327715642	103.8104295
1.327715693	103.8089792
1.327716239	103.8109165
1.327718389	103.8094956
1.327720612	103.8083911
1.327724525	103.8069716
1.327724533	103.8069716
1.327729474	103.8066196
1.32773447	103.8089242
1.327738879	103.8073442
1.327739319	103.8079483
1.327741304	103.8103803
1.327749423	103.8114144
1.32777132	103.8116963
1.327773118	103.8103272
1.327774958	103.8062212
1.327777978	103.8066547
1.327780995	103.807834
1.327784909	103.8088888
1.327801747	103.8088304
1.327803486	103.8114994
1.32780536	103.8091745
1.327816573	103.8066971
1.32781797	103.8102332
1.327822116	103.8101759
1.327833192	103.8095326
1.327835655	103.8122345
1.327841315	103.8113912
1.327842734	103.8080733
1.327843271	103.8133143
1.327843277	103.8101251
1.327847371	103.8087922
1.3278488	103.807394
1.327855641	103.8111155
1.327865453	103.810075
1.327867424	103.8081805
1.327875663	103.8071549
1.327876099	103.8062989
1.327877351	103.810021
1.327886678	103.8106978
1.327889974	103.8087529
1.327895888	103.8099111
1.327896076	103.8099696
1.327898606	103.8106071
1.327899713	103.806698
1.327905894	103.8119861
1.327915025	103.8098596
1.327920408	103.8078407
1.327923739	103.8087037
1.327926091	103.806343
1.327926487	103.8080908
1.327937093	103.811633
1.327941324	103.8098133
1.327943143	103.8071882
1.327948865	103.8128339
1.327950142	103.8097517
1.327952889	103.8074907
1.327956414	103.8086585
1.327960981	103.8104789
1.327975599	103.8085988
1.327981647	103.8067533
1.327983695	103.807132
1.327985066	103.8104139
1.327995092	103.8058509
1.327999347	103.8089702
1.32800337	103.8072317
1.328007666	103.8085547
1.328011001	103.8068199
1.328026065	103.8064313
1.328036448	103.807934
1.328039979	103.8102625
1.328043725	103.8089323
1.328044896	103.8133956
1.328045381	103.8094314
1.328060184	103.8117396
1.328061048	103.807273
1.328061805	103.8075626
1.328063173	103.8102002
1.328070722	103.8096024
1.328075678	103.8068283
1.328078074	103.8088845
1.328083309	103.8056206
1.32808517	103.8125668
1.328085946	103.8084403
1.328096148	103.8119883
1.328099546	103.8111382
1.328099617	103.811266
1.328108353	103.806879
1.32811067	103.8088387
1.328113307	103.8055755
1.328118652	103.8100462
1.328124297	103.8084674
1.328125214	103.8087767
1.32813643	103.8064133
1.328141093	103.80553
1.328146168	103.8099755
1.328149278	103.8079975
1.328159786	103.8083093
1.328162669	103.8084944
1.328166043	103.8087366
1.328172079	103.8054869
1.32817373	103.8073515
1.32817986	103.8113835
1.328192696	103.8094531
1.32819438	103.8076347
1.328197175	103.806525
1.328198235	103.8083364
1.328198332	103.8069536
1.328200161	103.805441
1.32820104	103.8085215
1.32820352	103.808681
1.328218048	103.8056385
1.328222276	103.8136288
1.328230004	103.8053961
1.328233129	103.8073934
1.328235537	103.8081442
1.32823668	103.8083636
1.328239412	103.8085486
1.328245028	103.806573
1.328246229	103.8055934
1.32825222	103.806044
1.328256996	103.8069736
1.328261002	103.8053526
1.328264063	103.8098376
1.328275126	103.8083907
1.328276122	103.8081728
1.328277613	103.8055505
1.328277783	103.8085757
1.328278329	103.8077247
1.328281684	103.8059992
1.328288618	103.8053068
1.328292018	103.8097411
1.32829378	103.8074363
1.32830521	103.805507
1.328307058	103.8119326
1.328309505	103.8059539
1.328313571	103.8084178
1.328316155	103.8086028
1.328317783	103.8069855
1.32832007	103.8052629
1.328324436	103.8066688
1.328324811	103.8117001
1.328327102	103.8082088
1.328333258	103.8054644
1.328338537	103.8059098
1.328346479	103.8096112
1.328349839	103.8052182
1.328352016	103.808445
1.328354527	103.8086299
1.328354962	103.8090747
1.328354972	103.8074864
1.328354973	103.8061101
1.328356901	103.8070387
1.328364391	103.8054213
1.328365811	103.8058635
1.328367607	103.8082374
1.328373986	103.8094783
1.32837623	103.8065946
1.328377307	103.8051727
1.328386589	103.8060669
1.328388297	103.807805
1.328390462	103.8084721
1.32839143	103.8127512
1.328392233	103.8066848
1.328392265	103.8053754
1.328392898	103.808657
1.328396677	103.8090163
1.328408499	103.8051296
1.32841247	103.8057625
1.328413819	103.8136513
1.328413819	103.8136513
1.328415709	103.8060229
1.328418586	103.8082734
1.328423648	103.8053316
1.328425458	103.8089761
1.328428907	103.8084993
1.328431631	103.8086843
1.328436548	103.8050839
1.328440496	103.8057167
1.328442974	103.8059775
1.328453549	103.8052869
1.328454197	103.8070734
1.3284563	103.8068029
1.328459088	103.808302
1.328460178	103.8075525
1.328465914	103.8050392
1.328467352	103.8085264
1.328470733	103.8087119
1.328472055	103.8056733
1.328472328	103.8071584
1.32847238	103.808933
1.328474577	103.8059341
1.328481489	103.8052412
1.328496916	103.8049956
1.328499845	103.8056273
1.328501155	103.8083505
1.328501162	103.8088927
1.32850576	103.8085535
1.3285066	103.8078517
1.328512511	103.8051976
1.328516291	103.8058297
1.328519851	103.8091227
1.328520851	103.8071863
1.328523519	103.8075974
1.328524675	103.80495
1.328528678	103.8055826
1.328540155	103.8051516
1.328541665	103.8083791
1.328543167	103.8062446
1.328543267	103.8081229
1.32854433	103.8057849
1.32854449	103.8085809
1.328545133	103.8088475
1.328549633	103.8067979
1.328556256	103.8049061
1.32856007	103.8055399
1.328565874	103.8072265
1.328569947	103.8051071
1.328573914	103.8088073
1.328574053	103.8062016
1.328574739	103.8090736
1.328575576	103.8057417
1.32857956	103.8076464
1.328583937	103.8100538
1.328586021	103.8048616
1.328587217	103.805494
1.328592644	103.808415
1.32859472	103.8080766
1.328601595	103.8050638
1.32860333	103.8061572
1.328603523	103.8090334
1.328603552	103.8056958
1.328610139	103.8087566
1.328611268	103.8077291
1.328613729	103.8048158
1.328618835	103.8054509
1.328624372	103.8099275
1.328625031	103.8080292
1.328628749	103.8050178
1.328631428	103.8061115
1.328633085	103.8056516
1.328633247	103.8084437
1.328634911	103.8097657
1.328638917	103.8087164
1.328639749	103.8089827
1.328644039	103.8076828
1.328645459	103.8047723
1.328647202	103.8063121
1.328647954	103.8054064
1.328649613	103.8068774
1.328652003	103.8105773
1.328656414	103.8079807
1.328659785	103.804974
1.328660178	103.8072857
1.32866212	103.8060689
1.328663402	103.8111214
1.328664092	103.805608
1.328668531	103.8089425
1.328675138	103.8086657
1.328675577	103.8053609
1.328678212	103.8062693
1.32868568	103.8079308
1.328689684	103.8049293
1.328691932	103.805562
1.328702159	103.8069067
1.328702485	103.8084538
1.32870385	103.8059665
1.328703977	103.8086254
1.328704755	103.8088918
1.328706748	103.8053173
1.328707196	103.8062255
1.32871777	103.8048835
1.328722821	103.8055185
1.328723475	103.8072987
1.32872654	103.8096963
1.328727833	103.8078885
1.328733505	103.8059217
1.328733536	103.8088516
1.328734483	103.8052716
1.328734646	103.8061794
1.328743072	103.8084825
1.328748925	103.8048394
1.328752022	103.8054747
1.328754314	103.80784
1.328761059	103.8058759
1.328763701	103.8052266
1.328763765	103.8073415
1.328765898	103.8061358
1.328769761	103.8088009
1.32877487	103.8101521
1.328779379	103.8054293
1.328781684	103.8077858
1.32879244	103.8058323
1.32879405	103.8085185
1.328795558	103.805184
1.328798548	103.8087607
1.328804109	103.8069957
1.328807135	103.8100466
1.328807305	103.806034
1.328811157	103.8053858
1.328819252	103.808303
1.328820114	103.805787
1.328822701	103.8051386
1.328826587	103.8077498
1.328827001	103.8073619
1.328834554	103.8085471
1.328835031	103.8087097
1.328836618	103.8059894
1.328838726	103.8053396
1.328849187	103.8057429
1.328851029	103.8098937
1.32885104	103.8064391
1.328851619	103.809326
1.328852135	103.8082574
1.328853938	103.8050951
1.328864353	103.8059436
1.328868254	103.805295
1.328870831	103.8070194
1.328880315	103.8056996
1.328882221	103.8063967
1.328883281	103.8050508
1.328884708	103.8082122
1.328885533	103.8085831
1.328886105	103.8097629
1.32889272	103.8074421
1.328895823	103.8059002
1.328899044	103.8052517
1.328901528	103.8121003
1.328908097	103.8056535
1.3289094	103.8063506
1.328910647	103.8050054
1.328915965	103.8092384
1.328923596	103.8058548
1.328926136	103.8086117
1.328926621	103.8052063
1.328938674	103.8063061
1.328939371	103.8056108
1.328939966	103.8081795
1.328942335	103.804962
1.328945189	103.8074809
1.328952872	103.8058105
1.328955501	103.8071153
1.328957986	103.8051628
1.328960392	103.8081231
1.328968282	103.8055668
1.328970471	103.8062632
1.328972651	103.8091212
1.328984446	103.805767
1.328986515	103.80807
1.328987157	103.8051186
1.328993475	103.8117692
1.328996275	103.8055209
1.328997281	103.8071477
1.328997448	103.8062167
1.329006193	103.8090747
1.329012161	103.8057212
1.329013265	103.8061641
1.329014622	103.8050731
1.329016572	103.8074827
1.329026931	103.8080292
1.329027786	103.808452
1.329028284	103.8054775
1.329040897	103.8090261
1.329042642	103.8061193
1.329043089	103.8056781
1.329045913	103.8050292
1.329046571	103.8094157
1.329047204	103.8083982
1.329049894	103.8075324
1.329053523	103.8079761
1.329056023	103.8054321
1.329069242	103.8060729
1.32907229	103.805634
1.329080578	103.8102705
1.329084015	103.8079326
1.329084686	103.8053878
1.329085123	103.8083533
1.329089741	103.8089909
1.329100016	103.8055887
1.329102057	103.806031
1.329107636	103.8089323
1.329116384	103.8053445
1.329118275	103.8101699
1.329121103	103.8072129
1.329122303	103.8083087
1.329128573	103.8059843
1.329131676	103.8055456
1.329138854	103.8093343
1.329140172	103.8088872
1.329142826	103.807584
1.329143885	103.8052983
1.329157932	103.8059396
1.329159369	103.8054995
1.3291639	103.8082661
1.329165772	103.810034
1.329175	103.8052552
1.329175274	103.8088387
1.329177279	103.807649
1.329188463	103.8092007
1.329188852	103.8054552
1.329190185	103.8058972
1.329196924	103.8082216
1.329204246	103.805211
1.329207488	103.8087938
1.32920758	103.8099332
1.329216595	103.805851
1.329219687	103.8054119
1.329228062	103.8071838
1.329231976	103.8051654
1.329232697	103.8076695
1.329232752	103.8081734
1.329233816	103.8106287
1.329242329	103.8087451
1.32924734	103.8053664
1.329249167	103.8058086
1.329263304	103.805122
1.329264179	103.8090917
1.329265616	103.808129
1.329271099	103.8112472
1.329278183	103.8053233
1.329278418	103.8057639
1.329282073	103.8077008
1.329285022	103.8073236
1.329298603	103.8087082
1.329298864	103.8080841
1.329304607	103.8057173
1.329304902	103.8119992
1.329307738	103.8052793
1.32932717	103.8073554
1.329335815	103.8052334
1.329337674	103.8056757
1.329339244	103.8103105
1.329341403	103.8100609
1.329341665	103.809615
1.329345829	103.8086155
1.329356938	103.8077808
1.329363554	103.805629
1.329366909	103.8051898
1.329373508	103.8085605
1.329381199	103.8089912
1.329393567	103.8055841
1.329399944	103.8095173
1.32940426	103.8064429
1.329408448	103.8085122
1.32941939	103.8077998
1.329425056	103.8055401
1.329425853	103.8074259
1.329431469	103.8088826
1.329440835	103.8084676
1.329450552	103.8054947
1.329451622	103.8100947
1.32947491	103.8137881
1.329479099	103.8074679
1.329480469	103.8054501
1.32948339	103.8094601
1.329486151	103.8078118
1.329496161	103.808434
1.32950896	103.8083735
1.329513089	103.8054082
1.329525858	103.8087464
1.329529641	103.8097445
1.329530039	103.8078559
1.329539658	103.8053607
1.32954366	103.8083251
1.329550194	103.8093101
1.329569789	103.805318
1.329574802	103.8082809
1.329585802	103.8075433
1.329594067	103.8086571
1.329603711	103.8096482
1.329631416	103.8116902
1.329634727	103.8101614
1.329642647	103.8075903
1.329665829	103.8129317
1.329675172	103.8095405
1.329693195	103.8085299
1.329725947	103.8080792
1.329734781	103.809451
1.329739669	103.809259
1.329749681	103.8084332
1.329749874	103.8072351
1.329778556	103.8092066
1.329796943	103.8103321
1.3298016	103.8080024
1.329814492	103.8072181
1.329815525	103.8090446
1.329818907	103.8110124
1.329843834	103.8079444
1.329872576	103.8089842
1.329877444	103.8105397
1.329898818	103.808211
1.329903396	103.8106085
1.329926883	103.8075419
1.32993009	103.8072149
1.329939388	103.807633
1.329952943	103.8088761
1.329963371	103.8078367
1.329964396	103.808797
1.329967361	103.807767
1.329980846	103.8107524
1.329987402	103.8071912
1.329988315	103.8080914
1.329995137	103.8116232
1.330025172	103.8098246
1.330025173	103.8098246
1.330041781	103.8063978
1.330056936	103.8132452
1.330075475	103.8140393
1.330090183	103.8086743
1.330092633	103.8098443
1.330092633	103.8098443
1.330108245	103.8071783
1.330112722	103.8095747
1.330112723	103.8095747
1.33012829	103.8075679
1.330135459	103.8095087
1.33013546	103.8095087
1.330145714	103.8078555
1.330146341	103.8085927
1.330148693	103.8126822
1.330157448	103.8094449
1.330157448	103.8094449
1.33015756	103.8098633
1.330157561	103.8098633
1.330170687	103.8071728
1.330180077	103.8093792
1.330180077	103.8093792
1.330202216	103.8093149
1.330202217	103.8093149
1.330202652	103.8075718
1.330222134	103.8103707
1.330222818	103.8098823
1.330222818	103.8098823
1.330224214	103.8092511
1.330224214	103.8092511
1.330245162	103.8083218
1.33024619	103.8091873
1.33024619	103.8091873
1.330268574	103.8091223
1.330268574	103.8091223
1.330270662	103.8078631
1.330283163	103.8071457
1.330283424	103.807566
1.330287345	103.8099011
1.330287345	103.8099011
1.330291195	103.8082745
1.330292911	103.8041109
1.330309706	103.8086265
1.330323086	103.8008032
1.330351145	103.8071333
1.330351933	103.80992
1.330351933	103.80992
1.330366391	103.8105756
1.330379176	103.8089641
1.330381192	103.8107954
1.330383585	103.8085426
1.330393431	103.80783
1.330409565	103.8008339
1.330411473	103.8006637
1.330417445	103.8099391
1.330417445	103.8099391
1.330421604	103.8075499
1.330425981	103.8110269
1.330444062	103.8089954
1.330444062	103.8089954
1.330450511	103.8082372
1.330451368	103.8112681
1.330468211	103.8071198
1.330475377	103.809558
1.330475377	103.809558
1.330475377	103.809558
1.330475377	103.809558
1.330475377	103.809558
1.330475377	103.809558
1.330475377	103.809558
1.330475377	103.809558
1.330475377	103.809558
1.330475377	103.809558
1.330475377	103.809558
1.330484006	103.8099585
1.330484006	103.8099585
1.330486944	103.8095645
1.330510533	103.8089998
1.330510534	103.8089998
1.330515459	103.8085193
1.330518784	103.8078326
1.33052689	103.8070983
1.330531716	103.808204
1.330539897	103.8104765
1.330542703	103.8005173
1.330552622	103.807532
1.330564676	103.8112458
1.330573575	103.8002432
1.330576987	103.8090042
1.330576987	103.8090042
1.330583267	103.802421
1.330590299	103.8116212
1.330603701	103.8106052
1.330607222	103.8001432
1.330610984	103.8141886
1.330613141	103.8084725
1.330613319	103.8000107
1.330628227	103.807543
1.330628386	103.807055
1.330631245	103.8009461
1.330637084	103.8126231
1.330638803	103.8078302
1.330644684	103.8090087
1.330644685	103.8090087
1.330649837	103.8109923
1.330659065	103.7999139
1.330666442	103.808214
1.330669146	103.8133735
1.330674217	103.8007986
1.330675367	103.8007351
1.330681162	103.8101338
1.330682619	103.8070022
1.33069603	103.8106818
1.330700425	103.8006049
1.330715895	103.8089853
1.33071623	103.7997742
1.330734817	103.8005441
1.330736796	103.8111484
1.33074073	103.8101845
1.330746869	103.7997008
1.330755519	103.809809
1.330760838	103.8085559
1.330767057	103.8082345
1.330769569	103.807818
1.330770791	103.806942
1.330771205	103.8091839
1.33077138	103.809184
1.330778128	103.8092534
1.330778306	103.8092536
1.330781944	103.8075466
1.330785036	103.8093194
1.330785118	103.8093195
1.330792229	103.8093871
1.330792351	103.8093872
1.330793676	103.8004443
1.330798991	103.8115648
1.330799271	103.8094538
1.330799548	103.809454
1.330804952	103.8003752
1.330806024	103.8095201
1.33080613	103.8095203
1.330813368	103.8107411
1.330813403	103.8095898
1.330813437	103.8095899
1.330814727	103.8068765
1.33082063	103.8096588
1.330820759	103.8096589
1.33082866	103.7994358
1.330832287	103.7994358
1.33083433	103.8002412
1.330843487	103.8102944
1.330852272	103.7993679
1.330853639	103.8001876
1.330859542	103.8086033
1.330862746	103.8099118
1.330867284	103.8000501
1.330875973	103.8082598
1.330885046	103.8101955
1.330889016	103.8075715
1.330893634	103.7999864
1.330905576	103.8068176
1.330906163	103.8108118
1.330919429	103.8078861
1.330924417	103.8103328
1.330925053	103.8010459
1.330936337	103.8111742
1.330936512	103.7998688
1.330940647	103.8067567
1.330945611	103.8100124
1.330945679	103.8083584
1.330962279	103.7997715
1.330963741	103.7991101
1.330963742	103.7991101
1.330966704	103.8086993
1.33100106	103.8116983
1.331001802	103.807645
1.331017141	103.8104148
1.331030795	103.8087431
1.331036319	103.8101023
1.331036693	103.8066951
1.331043906	103.8079442
1.331044953	103.812454
1.331060547	103.7995276
1.33106381	103.7987124
1.331066226	103.8084227
1.331073686	103.8009652
1.331077042	103.8111842
1.331079365	103.8111637
1.33108088	103.8008934
1.331089858	103.8076665
1.331090075	103.8066373
1.331090869	103.8104728
1.331104883	103.7992955
1.331110352	103.8141369
1.331122294	103.8011516
1.331127595	103.8101737
1.331128104	103.8088697
1.331129687	103.8007843
1.331131199	103.7988093
1.331132683	103.8084746
1.331141153	103.7994688
1.331142309	103.8005793
1.331146061	103.7992143
1.331149201	103.8007135
1.331159515	103.8089309
1.331162739	103.8005183
1.331164665	103.8065519
1.331179012	103.8003843
1.331179702	103.8090819
1.331185341	103.8011952
1.331186221	103.7990844
1.33119579	103.8030873
1.331203926	103.7982365
1.331204064	103.8003193
1.331212785	103.8105623
1.331217494	103.8102524
1.331222406	103.8065156
1.331222611	103.8131712
1.331223328	103.7989887
1.331224038	103.8091513
1.331229114	103.8077508
1.331231269	103.8110275
1.331232538	103.8093406
1.331232912	103.8001871
1.331240607	103.798218
1.331247389	103.8095599
1.33125035	103.8001309
1.331251744	103.8070224
1.331251744	103.8070224
1.331260407	103.8084824
1.331265466	103.808554
1.331265766	103.7988083
1.331266259	103.8071149
1.331266259	103.8071149
1.331268156	103.8094213
1.331268888	103.8098336
1.33127545	103.8096382
1.331275622	103.7999855
1.331291675	103.807222
1.331291675	103.807222
1.331291682	103.8073777
1.331291682	103.8073777
1.33129466	103.8064281
1.331299031	103.8071703
1.331299032	103.8071703
1.331299328	103.8072735
1.331299328	103.8072735
1.331307679	103.802813
1.331307679	103.802813
1.331313324	103.8117197
1.331315336	103.799911
1.331315978	103.8103174
1.33131863	103.7986689
1.331325544	103.8086036
1.33132903	103.8110063
1.331329281	103.8105274
1.331330183	103.8077833
1.331348103	103.8063886
1.331355218	103.8069246
1.331355219	103.8069246
1.331360823	103.7997827
1.331366091	103.7997122
1.33137964	103.8114976
1.331380727	103.8025282
1.331389765	103.809827
1.331395661	103.8068893
1.331395661	103.8068893
1.331421823	103.8099686
1.331422677	103.8090565
1.331422903	103.8063091
1.331426246	103.8086866
1.331436963	103.7983267
1.331441392	103.8074157
1.331441392	103.8074157
1.331447322	103.8068407
1.331447322	103.8068407
1.331454025	103.8104851
1.331459613	103.8031863
1.331461085	103.799512
1.331465553	103.8022115
1.331472974	103.8121145
1.331474721	103.806263
1.331489826	103.7987593
1.331491466	103.8068093
1.331491466	103.8068093
1.331494609	103.8109312
1.331497943	103.80744
1.331497943	103.80744
1.331498901	103.8100305
1.331499134	103.7996095
1.331502679	103.8098719
1.331504777	103.8087114
1.331514866	103.7993926
1.331520879	103.8102864
1.331534626	103.8111822
1.331535447	103.807519
1.331535447	103.807519
1.331543381	103.8067704
1.331543381	103.8067704
1.331548645	103.8126485
1.331550297	103.7993013
1.331550588	103.8062273
1.331557069	103.8102339
1.331564451	103.8061836
1.331572213	103.7991745
1.331575904	103.810474
1.331576329	103.8078417
1.331577734	103.8067219
1.331577734	103.8067219
1.331598815	103.8075411
1.331598815	103.8075411
1.33160018	103.8071281
1.331605956	103.7987928
1.331607548	103.8138526
1.331609023	103.7990892
1.331611419	103.8072177
1.331618158	103.8071348
1.331618456	103.8072167
1.331619076	103.8061429
1.331624107	103.807137
1.331641338	103.8070825
1.331650619	103.8070853
1.331662513	103.8066529
1.331662513	103.8066529
1.331664725	103.7996967
1.331664772	103.8070338
1.331667389	103.8070349
1.331667571	103.7988355
1.33167641	103.7983591
1.331676416	103.7983591
1.331677588	103.8060998
1.331688706	103.8019658
1.331702161	103.8066005
1.331702161	103.8066005
1.33170725	103.8023024
1.331739031	103.8033634
1.331739756	103.8060169
1.331757133	103.7991466
1.331758098	103.7995343
1.33176109	103.8065869
1.33176109	103.8065869
1.331761589	103.8115156
1.331773535	103.802906
1.33180331	103.8065498
1.33180331	103.8065498
1.331822853	103.7989471
1.331830676	103.807949
1.331832402	103.8064924
1.331832402	103.8064924
1.331845812	103.802749
1.331851519	103.8059116
1.331852199	103.8075934
1.331854089	103.8015539
1.331856952	103.801004
1.331861924	103.8074497
1.331867279	103.7993714
1.331876561	103.8064376
1.331876562	103.8064376
1.331889193	103.798772
1.331890632	103.8097901
1.331917442	103.8063794
1.331917442	103.8063794
1.331926359	103.8046337
1.331951756	103.8094392
1.331952958	103.8019463
1.331954441	103.7992033
1.331956155	103.8097904
1.331957515	103.8064076
1.331959171	103.8134088
1.331969266	103.8100111
1.331973608	103.7987903
1.331980542	103.8073948
1.33198242	103.807081
1.331983007	103.8033646
1.331990756	103.805813
1.332019649	103.8094383
1.332026968	103.8102956
1.332027289	103.7997809
1.332032157	103.8076911
1.33203573	103.8072693
1.33203582	103.8029668
1.332036817	103.8023257
1.332039851	103.8061974
1.332048685	103.7990393
1.332050816	103.8057571
1.332052386	103.8013835
1.332054899	103.8097903
1.332073286	103.8016158
1.33208143	103.8092095
1.332088635	103.8129271
1.33210296	103.8099976
1.332103434	103.8070956
1.332104561	103.8122483
1.332118923	103.8094391
1.332120592	103.8097912
1.33212426	103.8061443
1.332130874	103.8027125
1.332162621	103.8056476
1.332168234	103.8103184
1.332182	103.8094393
1.332198878	103.8068358
1.33219911	103.8074957
1.332199356	103.799923
1.332199963	103.8066842
1.332202516	103.8086156
1.332204673	103.8060953
1.332209236	103.8077793
1.332209257	103.8084046
1.332215377	103.8088336
1.332216251	103.8011898
1.332220439	103.8081803
1.332224556	103.8055687
1.332231969	103.8060382
1.332235269	103.8065655
1.3322391	103.8071745
1.332251979	103.8030042
1.332252297	103.8081243
1.332266817	103.8065117
1.332266917	103.7993784
1.332270257	103.8034867
1.332271119	103.8059682
1.332274189	103.8100021
1.332280409	103.8094404
1.332282025	103.802069
1.3322844	103.8092129
1.332294599	103.8101575
1.3322976	103.8023377
1.332309806	103.7994321
1.332312036	103.8106191
1.332323363	103.8097951
1.332323499	103.8064415
1.3323253	103.800764
1.332326594	103.8103253
1.332337146	103.8116055
1.332340735	103.8054794
1.33234527	103.8094407
1.332361337	103.8063919
1.332378779	103.8075383
1.332379058	103.8082213
1.3323856	103.7991768
1.332387533	103.8097931
1.332389923	103.8016724
1.332389932	103.8016724
1.332400407	103.8054259
1.332402665	103.7995502
1.33240547	103.8009798
1.332410555	103.8072447
1.332412613	103.8027679
1.332434908	103.8086508
1.332448384	103.7996114
1.332454587	103.8082571
1.332462154	103.7992879
1.332480059	103.803028
1.332484168	103.8058154
1.332500799	103.806251
1.332502429	103.8014543
1.332508568	103.7993598
1.332512538	103.8052957
1.332514986	103.8092065
1.332526867	103.8079279
1.332527754	103.8038026
1.332531405	103.8016807
1.332540636	103.7997237
1.332551028	103.8075218
1.332551259	103.8003393
1.332552145	103.8057649
1.332559019	103.8088893
1.332559151	103.8085931
1.332566518	103.8024335
1.332567878	103.8098067
1.332570562	103.8005189
1.332580457	103.8021493
1.332587841	103.7997877
1.332592996	103.8016893
1.332601456	103.8006268
1.332601905	103.8082919
1.332609065	103.8028738
1.332611911	103.7994541
1.33261231	103.8009751
1.332622232	103.8072538
1.332633539	103.804009
1.332635212	103.8012407
1.332636822	103.8052854
1.332638393	103.8033141
1.332642087	103.8064297
1.33265049	103.7995217
1.332660383	103.7988818
1.332669439	103.8056406
1.332678392	103.799899
1.332678921	103.8017334
1.33271405	103.8083071
1.332717387	103.8079335
1.332722182	103.799968
1.33272971	103.7996364
1.332732554	103.8031124
1.332737621	103.8075149
1.332740127	103.8092171
1.33275104	103.8017427
1.332761213	103.8088315
1.332763764	103.8051838
1.332768948	103.8066293
1.332771741	103.7996977
1.332775829	103.8042955
1.332784997	103.8036658
1.332785606	103.8025215
1.332790746	103.8068376
1.332808088	103.8006871
1.332817376	103.8050912
1.332817554	103.8000921
1.332819941	103.8055481
1.332822068	103.8070632
1.332827434	103.8086606
1.332831029	103.8094567
1.332832487	103.8061262
1.332835071	103.8022782
1.332848089	103.8051625
1.332848912	103.8085656
1.332850282	103.799807
1.332850716	103.798817
1.332851642	103.8083031
1.332855025	103.8045969
1.332856866	103.8077846
1.33285982	103.8001451
1.332861631	103.8079733
1.332874407	103.8057114
1.332882317	103.8064506
1.332883677	103.8055053
1.3328876	103.8035924
1.332892949	103.8106829
1.332893072	103.8057667
1.332893145	103.8017296
1.332907736	103.802958
1.332907993	103.7998637
1.332910822	103.8018268
1.332912399	103.8072568
1.33291319	103.801398
1.332914907	103.8013121
1.332918451	103.809098
1.332924144	103.8012072
1.332924885	103.8015916
1.332928667	103.8048314
1.332938466	103.8083191
1.33294266	103.7992091
1.332944121	103.8015291
1.332944337	103.8074567
1.332945684	103.8009814
1.332951567	103.8077489
1.332952323	103.8079651
1.332954997	103.8002687
1.33295776	103.8058733
1.332959857	103.8011102
1.332960084	103.8038072
1.332967397	103.8059408
1.33297488	103.8051103
1.332975301	103.8008943
1.332981432	103.7999673
1.332985896	103.7992642
1.332985921	103.810113
1.332995561	103.8062413
1.332997627	103.8003232
1.3330058	103.8006942
1.333009822	103.7987078
1.333048345	103.8000317
1.333078629	103.7993818
1.333083848	103.8077313
1.333085693	103.802627
1.333085719	103.8023446
1.333087014	103.8041767
1.333091931	103.8079822
1.333105656	103.7990807
1.333105745	103.8006835
1.333110541	103.8054535
1.333111229	103.8001376
1.333117644	103.8086868
1.333118505	103.8033577
1.33313687	103.7994449
1.333139737	103.8067449
1.333140509	103.8089138
1.333146301	103.8066741
1.333152152	103.8061788
1.3331669	103.7991417
1.333171828	103.8083421
1.333172491	103.8079873
1.333172656	103.8076908
1.333177182	103.8068851
1.333180683	103.8001949
1.333185297	103.7986213
1.333197817	103.805444
1.333199271	103.8085938
1.333204918	103.7995453
1.333207326	103.8066022
1.333227139	103.8070474
1.333228063	103.8003357
1.333230238	103.8037789
1.333236465	103.8040106
1.33324452	103.8065619
1.333247798	103.7992364
1.333251073	103.8072788
1.333256073	103.8083436
1.333257327	103.8031124
1.333257384	103.8019736
1.33325757	103.8018775
1.333259004	103.8017573
1.333263452	103.7996214
1.333267238	103.8007138
1.33328096	103.8055664
1.333285747	103.8076465
1.333290332	103.7993094
1.333291145	103.8049997
1.333291558	103.803469
1.333295064	103.8016854
1.333302591	103.8056285
1.333308778	103.8079927
1.333315241	103.8014879
1.333315883	103.8015666
1.333323114	103.8053809
1.333326147	103.801291
1.333329273	103.8013775
1.333332955	103.800714
1.333336299	103.8056861
1.333339392	103.8046775
1.333340292	103.8083489
1.333340442	103.8078324
1.333344032	103.8057474
1.333344086	103.7997231
1.333349297	103.8061034
1.333351888	103.8002992
1.333355223	103.8011803
1.333359635	103.8011022
1.333364104	103.8075918
1.333364248	103.8058068
1.333365501	103.8033328
1.333373099	103.8095109
1.333374744	103.8112756
1.333379754	103.7994158
1.333383145	103.8049598
1.333384231	103.8066626
1.333384249	103.8058676
1.333387377	103.7997865
1.333388123	103.8064799
1.333391447	103.8079978
1.333393579	103.8009792
1.333394571	103.8072005
1.33340533	103.8053463
1.33341088	103.8008912
1.33341312	103.7987755
1.333414043	103.8083522
1.333420583	103.7985556
1.333420652	103.806776
1.333422673	103.8086058
1.333439449	103.8067024
1.333442764	103.8068317
1.333445272	103.7994879
1.333448296	103.7988339
1.333451669	103.8017719
1.333458543	103.8026653
1.333463278	103.799899
1.333466154	103.8071725
1.333470767	103.8042986
1.333470945	103.8076034
1.333472597	103.801966
1.33348217	103.8006088
1.333493102	103.8075476
1.333494929	103.8083576
1.333498882	103.806952
1.333509451	103.7996031
1.333511686	103.7990151
1.333520206	103.7999617
1.333527134	103.805312
1.333533835	103.8054829
1.33353854	103.8049243
1.333542852	103.80304
1.3335431	103.8060343
1.333545072	103.8017582
1.333553296	103.8015522
1.333553924	103.8016887
1.333555833	103.8055459
1.333557206	103.7996574
1.333565051	103.8023835
1.333575506	103.8056039
1.333575508	103.8075158
1.333576619	103.8083657
1.333576629	103.8014688
1.333578239	103.8013469
1.333580778	103.8006156
1.333587661	103.8040623
1.333593383	103.7999197
1.333595685	103.8056635
1.33360293	103.807134
1.333603135	103.8064027
1.333606006	103.8000703
1.333607062	103.8012678
1.333607129	103.8052496
1.333610291	103.8049144
1.333615896	103.8057231
1.333619332	103.8079798
1.333622954	103.8076906
1.333624813	103.8011273
1.333629161	103.8037319
1.333633007	103.805786
1.33363427	103.8010571
1.333637341	103.8009254
1.333646204	103.799768
1.333653777	103.800136
1.333660674	103.8008444
1.333667984	103.8046527
1.333672292	103.7992288
1.333677432	103.8043714
1.333690716	103.7998334
1.333697579	103.8074858
1.33371075	103.8083598
1.333716244	103.8080207
1.333725571	103.8059937
1.333738525	103.8078061
1.333748224	103.7987314
1.333748224	103.7987314
1.333748224	103.7987314
1.333748224	103.7987314
1.333754285	103.7986483
1.333754286	103.7986483
1.333754286	103.7986483
1.333754286	103.7986483
1.333761077	103.8049263
1.333763333	103.7988114
1.333763333	103.7988114
1.333763333	103.7988114
1.333763333	103.7988114
1.33377488	103.8074362
1.333775029	103.803483
1.333776827	103.799942
1.333777985	103.8088066
1.333779175	103.8021586
1.333779418	103.7985708
1.333779418	103.7985708
1.333779418	103.7985708
1.333779418	103.7985708
1.333787015	103.8025212
1.333792737	103.8083217
1.333797343	103.7988931
1.333797343	103.7988931
1.333797343	103.7988931
1.333797343	103.7988931
1.333802392	103.806329
1.333806131	103.8066101
1.333822959	103.8000075
1.333836813	103.8049309
1.333843791	103.7989606
1.333843791	103.7989606
1.333843791	103.7989606
1.333843791	103.7989606
1.333843936	103.8052994
1.333846675	103.8079789
1.33385103	103.8004378
1.333859617	103.8068203
1.33387313	103.8040532
1.33387414	103.8083146
1.333880139	103.8036842
1.333885049	103.807029
1.333890404	103.7994523
1.33389914	103.8102548
1.333899979	103.807573
1.333904838	103.8073908
1.333916906	103.7990361
1.333916906	103.7990361
1.333916906	103.7990361
1.333916906	103.7990361
1.333925356	103.8031121
1.33392915	103.8079567
1.333931709	103.805316
1.333947098	103.8083039
1.333948612	103.8059654
1.333967752	103.8024204
1.333977948	103.8049316
1.33397926	103.8073605
1.333979309	103.8065344
1.333987903	103.8034288
1.333987954	103.8003303
1.333991431	103.8077057
1.334000723	103.8016143
1.334004316	103.7990547
1.334004316	103.7990547
1.334004316	103.7990547
1.334004317	103.7990547
1.334006969	103.8046564
1.33400983	103.806313
1.334010084	103.8054622
1.334014973	103.8077634
1.334019728	103.8082642
1.334030569	103.8006012
1.334031864	103.8021273
1.334035851	103.8055836
1.334039419	103.8029241
1.334043353	103.8057607
1.334044442	103.8057003
1.334047457	103.8056421
1.334051819	103.8014319
1.33405805	103.8012337
1.334058124	103.8043345
1.334059838	103.8079266
1.334061171	103.8055259
1.334065479	103.8049306
1.334066398	103.8069739
1.334067543	103.8010432
1.334069491	103.8053077
1.334070852	103.7996799
1.334072466	103.7993305
1.334092137	103.808252
1.334098718	103.8067233
1.334108845	103.7990238
1.334108845	103.7990238
1.334108845	103.7990238
1.334108846	103.7990238
1.334121918	103.8094207
1.334134331	103.8078852
1.334143653	103.8002635
1.33414382	103.805986
1.334148863	103.8072955
1.334156108	103.8053075
1.334163514	103.8063165
1.334164476	103.8040782
1.33417361	103.8036413
1.33417909	103.8001248
1.334181048	103.7989817
1.334181048	103.7989817
1.334181048	103.7989817
1.334181048	103.7989817
1.334185856	103.8032663
1.334187901	103.8043885
1.334194985	103.8049396
1.334205482	103.8007054
1.334205635	103.806883
1.334209015	103.8023874
1.334220868	103.8082117
1.334222754	103.8028387
1.33422333	103.8072586
1.334239023	103.8063202
1.334244007	103.8015908
1.33424606	103.7989228
1.33424606	103.7989228
1.33424606	103.7989228
1.33424606	103.7989228
1.334247781	103.8020458
1.334249239	103.8000019
1.334270886	103.8011201
1.334271957	103.8012776
1.334274229	103.7992216
1.334278797	103.7999288
1.334285741	103.7988509
1.334285741	103.7988509
1.334285741	103.7988509
1.334285741	103.7988509
1.334287964	103.8049569
1.334289989	103.8014465
1.33429249	103.7996735
1.334293045	103.8057765
1.334293181	103.8053295
1.334295217	103.808182
1.334295417	103.8057135
1.334298443	103.8056552
1.334311688	103.8055971
1.334312288	103.8055377
1.334314013	103.8074342
1.334315823	103.7998531
1.334316742	103.8054761
1.334317194	103.7987653
1.334317195	103.7987653
1.334317195	103.7987653
1.334317195	103.7987653
1.334324304	103.7986796
1.334324304	103.7986796
1.334324304	103.7986796
1.334324305	103.7986796
1.334329963	103.8030729
1.334337051	103.8059809
1.334342915	103.8086484
1.33435289	103.8072119
1.334356206	103.7997762
1.334356631	103.8063283
1.334363203	103.8075878
1.334369645	103.8043257
1.334372249	103.8053253
1.334376464	103.8078163
1.334376659	103.808171
1.334384471	103.8076818
1.334410044	103.8023168
1.3344227	103.8036782
1.33442477	103.8049529
1.334428208	103.8071819
1.334432366	103.8063319
1.334443271	103.8046584
1.334444064	103.8065773
1.334445706	103.8081521
1.334445726	103.8007876
1.334456943	103.8027101
1.334466928	103.8040959
1.334468354	103.8021586
1.334468869	103.807804
1.33447404	103.8068104
1.33448982	103.8015236
1.334508318	103.8075286
1.334510884	103.804957
1.334520916	103.8059888
1.33452524	103.8081299
1.334532434	103.8003599
1.334534801	103.8099133
1.334543968	103.8073527
1.33454962	103.8013255
1.334553725	103.8030551
1.334558024	103.8071303
1.334574948	103.8075351
1.334580547	103.8063139
1.334593105	103.807612
1.33460041	103.8081141
1.33460673	103.8053282
1.334614414	103.798711
1.334617036	103.8019497
1.33462233	103.8077746
1.33463332	103.8071053
1.334640844	103.8008699
1.334661485	103.8067382
1.334672452	103.8027641
1.334673291	103.7990207
1.334676391	103.8064793
1.334676418	103.8022665
1.33467932	103.8053259
1.334691863	103.8000768
1.334700682	103.8077517
1.334708194	103.7997629
1.334713346	103.8059996
1.334725943	103.7995038
1.334734537	103.8080818
1.334737952	103.8053295
1.334740391	103.7992183
1.3347531	103.8057873
1.334756683	103.8057243
1.334759185	103.8030318
1.334762327	103.8049797
1.33476454	103.8055819
1.334766315	103.8004827
1.334767889	103.8070537
1.334783408	103.8055199
1.334785481	103.8015374
1.334787716	103.8036553
1.334789545	103.8053327
1.334800868	103.8080499
1.334803555	103.8010425
1.334809597	103.8066437
1.33481984	103.8049859
1.334821691	103.8020216
1.334835898	103.8043215
1.334841206	103.8070235
1.334841421	103.8046917
1.334848225	103.8053363
1.334852586	103.804078
1.334862149	103.8072298
1.334871953	103.8094424
1.334873289	103.8034071
1.334878443	103.8049898
1.334880765	103.8080281
1.33488228	103.8022913
1.334898965	103.8028263
1.334900072	103.8053397
1.334929909	103.8049935
1.334934507	103.80609
1.334935591	103.8076568
1.334936274	103.8073868
1.334951109	103.8080098
1.33495869	103.8053428
1.334971097	103.8069806
1.334976986	103.8036678
1.334983307	103.8011769
1.334988633	103.8049974
1.335004012	103.8057808
1.335009712	103.8053462
1.335014171	103.8061893
1.33501754	103.8016614
1.335017952	103.8071608
1.335026113	103.8056991
1.335026235	103.8006083
1.335028916	103.8083464
1.33502965	103.8079865
1.335030079	103.8076472
1.335031404	103.8055828
1.335035119	103.8055188
1.335040109	103.8050012
1.335042313	103.8069469
1.335046399	103.8023579
1.33506106	103.8063057
1.335068192	103.8053499
1.335077783	103.8065616
1.335091091	103.8021142
1.335095949	103.8063723
1.33509824	103.8079673
1.335098644	103.805005
1.335103477	103.7999816
1.33510435	103.7992028
1.335107835	103.8040714
1.3351119	103.8043473
1.335113935	103.8059342
1.335120012	103.8033949
1.335121805	103.807379
1.335123506	103.8053555
1.335129613	103.8047236
1.335137016	103.7988346
1.335140959	103.8013119
1.335150151	103.8050086
1.33515325	103.8076021
1.335177838	103.8079446
1.335178296	103.8029701
1.335178595	103.8069057
1.335208885	103.8050126
1.335212184	103.8013643
1.335224415	103.7994713
1.335234396	103.8075791
1.335245163	103.8079105
1.335246434	103.8068757
1.335250027	103.806501
1.33526698	103.8050142
1.335272446	103.8060464
1.335280144	103.8035417
1.335283805	103.8007721
1.335305616	103.804083
1.335314774	103.7992056
1.335327808	103.8068097
1.335334895	103.8014505
1.33537579	103.805022
1.335377599	103.8069919
1.335387645	103.8068185
1.335391262	103.8024967
1.335400556	103.8033227
1.335402831	103.802953
1.335402862	103.8078924
1.335410604	103.8060529
1.33541509	103.8166045
1.335415359	103.8047107
1.335417133	103.8022223
1.335426504	103.8050183
1.335427113	103.806447
1.335431237	103.8070571
1.335437097	103.8042983
1.335457288	103.8071903
1.335457545	103.7995846
1.335461451	103.8067975
1.335471541	103.8089308
1.335479955	103.8078967
1.335483774	103.8050139
1.33548529	103.8000704
1.335511035	103.8009189
1.335511181	103.8004552
1.335514504	103.8073804
1.335532225	103.8075315
1.335534471	103.80501
1.335535522	103.8060111
1.335548222	103.8076126
1.335553754	103.7988944
1.335556826	103.8079067
1.335557172	103.8035831
1.335578052	103.8029794
1.335591414	103.8039602
1.335591737	103.8050054
1.335595985	103.8067392
1.335600626	103.8060005
1.335606496	103.8069488
1.335613031	103.8161906
1.335613247	103.8062858
1.335630661	103.8079176
1.335638765	103.8024173
1.335642469	103.8011519
1.335642951	103.8050011
1.3356466	103.8042783
1.335660671	103.8071069
1.335664581	103.8028702
1.335670631	103.8066986
1.335679293	103.7995997
1.335681542	103.8032807
1.33569501	103.7991842
1.335700207	103.8049964
1.335708654	103.8059522
1.335728041	103.8075889
1.335739345	103.8047165
1.335743427	103.8072765
1.335750957	103.8049928
1.335773851	103.8059423
1.335784989	103.8074165
1.335800575	103.8083594
1.335804885	103.8052693
1.335805302	103.8065999
1.335806239	103.8158146
1.335808304	103.8049889
1.335809869	103.8053278
1.335818118	103.8053786
1.335820738	103.806174
1.335823694	103.8034258
1.33582667	103.8054343
1.335834555	103.8054852
1.335838635	103.8039159
1.335843549	103.8055408
1.335849815	103.8055974
1.335859464	103.804985
1.335860449	103.8065417
1.335877373	103.7990871
1.335888271	103.8059117
1.335933136	103.8042166
1.335935272	103.7997648
1.335942616	103.8067445
1.335944952	103.8076702
1.335950695	103.8032118
1.335953487	103.8059019
1.335963543	103.8049769
1.33599279	103.8064299
1.336006491	103.8077366
1.336010543	103.8025442
1.336011424	103.8013598
1.336013682	103.8049705
1.336019158	103.8069499
1.33603768	103.8010725
1.336042117	103.8022611
1.336042445	103.8007068
1.336046434	103.8027752
1.336046954	103.8001056
1.336047483	103.8136773
1.336052797	103.8046168
1.336055209	103.8003559
1.336061544	103.8038526
1.336066812	103.8059074
1.336068623	103.8034014
1.336070637	103.8049621
1.336072297	103.7991592
1.336085364	103.8076052
1.336114423	103.8065588
1.336117275	103.8058987
1.336121065	103.8049552
1.336137699	103.8041655
1.336140155	103.8075269
1.336145326	103.8077832
1.33614582	103.8052344
1.336151632	103.8052855
1.336160749	103.8053422
1.336162716	103.8070178
1.336167991	103.8053921
1.336177246	103.8054487
1.336177543	103.8058887
1.33617811	103.804948
1.336181491	103.8078729
1.336183828	103.8054989
1.336184015	103.8066701
1.336193458	103.8055553
1.33620089	103.8056053
1.336209954	103.8056619
1.336215087	103.812522
1.336217854	103.8057133
1.33622203	103.8031494
1.336225581	103.8159422
1.336228386	103.8049398
1.336230686	103.8058806
1.336243081	103.8038469
1.336262379	103.7996292
1.336275841	103.8062271
1.336278604	103.8139538
1.336285696	103.8049319
1.336290917	103.8058696
1.336301965	103.8132314
1.33631225	103.807182
1.33631587	103.8068726
1.336322783	103.8045881
1.33633427	103.8062157
1.33633627	103.8049252
1.336344237	103.805863
1.33635285	103.8033797
1.336358362	103.8052016
1.336366345	103.8052526
1.336374842	103.8053093
1.336380302	103.8141844
1.336382219	103.8041379
1.336382523	103.8053592
1.336385087	103.8062078
1.336388217	103.8073509
1.336391564	103.8054159
1.336397857	103.8080777
1.336399786	103.8054658
1.336404319	103.8058526
1.336405936	103.7995204
1.336408326	103.8055222
1.336415762	103.8055723
1.336418658	103.8074316
1.336424146	103.805629
1.336431568	103.8056805
1.336441101	103.8061987
1.336450048	103.8080077
1.336450411	103.8069948
1.336457983	103.8058457
1.33645987	103.8076121
1.336460843	103.8031011
1.336492362	103.8061918
1.33651379	103.8152008
1.336515313	103.8078305
1.336520077	103.8058326
1.336541933	103.8071308
1.336548277	103.8061814
1.336550234	103.8081291
1.336552355	103.8135465
1.33656687	103.8045394
1.336572481	103.8006179
1.336572481	103.8006179
1.336572481	103.8006179
1.336572481	103.8006179
1.336572481	103.8006179
1.336572481	103.8006179
1.336572922	103.8074726
1.336593671	103.8038569
1.336599423	103.8061743
1.336600577	103.8072857
1.336604357	103.8040802
1.336612596	103.8082007
1.336636675	103.8033059
1.33665556	103.8061656
1.336676936	103.8076449
1.33668438	103.8030695
1.336690734	103.8051401
1.336699563	103.8051938
1.336706845	103.8061582
1.336710523	103.8052516
1.336717067	103.8053047
1.336724466	103.8078692
1.33672666	103.8053628
1.336733863	103.8054158
1.33673821	103.8148506
1.336742586	103.8010408
1.336742586	103.8010408
1.336742586	103.8010408
1.336742586	103.8010408
1.336742586	103.8010408
1.336742586	103.8010408
1.336744055	103.8054738
1.336747712	103.8048405
1.336751522	103.8055267
1.336754796	103.8036939
1.33676085	103.8082001
1.336760891	103.8055848
1.336762804	103.8061492
1.336768326	103.8056378
1.33677028	103.8143424
1.336777378	103.8056959
1.336785417	103.8057487
1.336794412	103.805807
1.336799095	103.8048288
1.336801525	103.8058617
1.336814119	103.8061422
1.336838269	103.8044797
1.336845624	103.8082028
1.336848401	103.8040195
1.336854156	103.8048154
1.336870012	103.8061323
1.33687992	103.8032367
1.336903456	103.8030223
1.336904699	103.8048041
1.336926031	103.8061264
1.336933742	103.8014324
1.336933742	103.8014324
1.336933742	103.8014324
1.336933742	103.8014324
1.336933742	103.8014324
1.336933743	103.8014324
1.336935475	103.8054523
1.336942962	103.8158479
1.33695989	103.8047916
1.336995894	103.8036793
1.337007926	103.8152001
1.337010332	103.8047797
1.337065336	103.8047653
1.337101787	103.8040607
1.337102002	103.8044255
1.337113955	103.8029626
1.337116053	103.8047552
1.337146846	103.8018431
1.337146846	103.8018431
1.337146846	103.8018431
1.337146846	103.8018431
1.337146846	103.8018431
1.337146846	103.8018431
1.337146921	103.8155639
1.337150189	103.8031984
1.337171511	103.8047433
1.337187826	103.8006944
1.337187826	103.8006944
1.337187826	103.8006944
1.337187826	103.8006944
1.337187826	103.8006944
1.337187826	103.8006944
1.337187826	103.8006944
1.337187826	103.8006944
1.337187826	103.8006944
1.337187826	103.8006944
1.337187826	103.8006944
1.337187826	103.8006944
1.337187826	103.8006944
1.337187826	103.8006944
1.337187826	103.8006944
1.337187826	103.8006944
1.337223833	103.8047248
1.337232462	103.8036306
1.337238179	103.8039628
1.33735145	103.8043719
1.337363494	103.8140718
1.337425979	103.8049492
1.337435527	103.804997
1.337442997	103.8050482
1.337450121	103.8050938
1.337458271	103.8051459
1.337465394	103.8051915
1.337473544	103.8052436
1.337480667	103.8052891
1.337488816	103.8053412
1.33749594	103.8053868
1.337504089	103.8054389
1.337510942	103.8054849
1.337517199	103.8055361
1.337607014	103.8046682
1.337619144	103.8048683
1.337624933	103.8049153
1.337633775	103.8049678
1.337641526	103.8050138
1.337648836	103.8050662
1.337651574	103.8046881
1.337656653	103.8051119
1.337663892	103.8051639
1.3376701	103.8052088
1.337678762	103.8052618
1.337686306	103.8053078
1.33769433	103.8053603
1.337698554	103.8047144
1.337701663	103.805405
1.33771013	103.8054568
1.337719358	103.8055039
1.33773794	103.8047365
1.337785165	103.8047627
1.33779032	103.8050813
1.33782508	103.8047855
1.337830902	103.8052047
1.337837134	103.8050723
1.337853241	103.8055414
1.337862625	103.8054075
1.337862657	103.8055888
1.337870539	103.8048105
1.337870679	103.8056411
1.337878147	103.8056866
1.33787838	103.8051993
1.33788613	103.8057393
1.337889854	103.8050646
1.33789311	103.8057844
1.337900848	103.8058367
1.337906397	103.8058848
1.337909798	103.8053985
1.337910609	103.8048327
1.337928154	103.8051894
1.337937391	103.8050592
1.337956497	103.8048596
1.337960537	103.8053917
1.33806629	103.8056239
1.338198885	103.8126184
1.338511527	103.8113705
1.338783773	103.8115957
1.339090215	103.8116025
1.339347467	103.8112871