1.302463623	103.8979818
1.302541526	103.897929
1.302576503	103.8976211
1.302632851	103.898398
1.302693025	103.8978687
1.302775592	103.8986264
1.302826823	103.8983558
1.302969307	103.8991259
1.30303635	103.8988131
1.303072627	103.8970629
1.303072635	103.897063
1.303196959	103.8992672
1.303260899	103.8999514
1.303266894	103.8994936
1.303276106	103.8994777
1.303342781	103.8996308
1.303358896	103.8996742
1.303382425	103.8997321
1.303398606	103.8997766
1.303423091	103.8986399
1.303424237	103.8998337
1.303450214	103.899878
1.303466384	103.8999346
1.303482464	103.8999791
1.303488519	103.8975175
1.303506159	103.9000368
1.303522537	103.9000815
1.303548476	103.9001382
1.303562993	103.9001823
1.303675016	103.8995945
1.303716108	103.899684
1.303754281	103.8997684
1.303796688	103.89986
1.303798132	103.9011617
1.303813235	103.9009521
1.303820402	103.90104
1.303834274	103.8999439
1.303872404	103.9000322
1.303878042	103.8995304
1.303917013	103.899619
1.303938873	103.9004563
1.303952674	103.8997014
1.303990596	103.8997906
1.304026457	103.8998752
1.304046965	103.9005745
1.304064095	103.8999652
1.304074616	103.9003111
1.304096524	103.9003643
1.304097312	103.9015159
1.304113122	103.9006169
1.304118396	103.9004176
1.304126644	103.900736
1.304162226	103.9007865
1.304185577	103.9012317
1.304208878	103.9008344
1.304219589	103.900892
1.304221817	103.9011786
1.304243664	103.9010188
1.304258478	103.9009416
1.304271979	103.8993593
1.304274487	103.9011535
1.304276632	103.9014357
1.304280375	103.9067693
1.30430905	103.8994477
1.304339955	103.9014436
1.304340117	103.9011243
1.304343199	103.899527
1.304382098	103.899613
1.30439247	103.900155
1.304394171	103.9014209
1.304398503	103.9010983
1.304416674	103.9002118
1.304418703	103.8996951
1.304439941	103.9002681
1.304445629	103.899279
1.304459669	103.8997879
1.304459798	103.9013917
1.304464231	103.9010691
1.30448631	103.8993684
1.304502022	103.9063878
1.30451814	103.9013657
1.304519861	103.90637
1.304519869	103.90637
1.304522658	103.8994524
1.304524421	103.9010428
1.304551634	103.9001289
1.304552824	103.9003456
1.304560629	103.8995379
1.304583827	103.9013364
1.304587637	103.9068273
1.304589945	103.9024599
1.30459602	103.9001028
1.304597068	103.8996216
1.304601728	103.9004467
1.304604427	103.9066033
1.304635597	103.9018983
1.304638149	103.8997133
1.304641341	103.9013106
1.304646139	103.90009
1.304647924	103.9022959
1.304653585	103.9071038
1.304653585	103.9071038
1.304653585	103.9071038
1.304656556	103.9071058
1.304683617	103.9022712
1.30468471	103.9018886
1.30469249	103.9005668
1.304703944	103.9007622
1.30470839	103.9006729
1.304709298	103.9071922
1.304709298	103.9071922
1.304709298	103.9071922
1.304712279	103.9071911
1.304730768	103.9024512
1.304733757	103.9003241
1.304735645	103.9008487
1.304737773	103.902701
1.304741029	103.9026995
1.304753683	103.9070364
1.304753683	103.9070364
1.304753683	103.9070364
1.304754654	103.9070363
1.304759097	103.9022775
1.304760874	103.9027437
1.304760927	103.9027436
1.30476874	103.9024248
1.304769245	103.9022703
1.304776753	103.907271
1.304776753	103.907271
1.304776753	103.907271
1.304777367	103.9072735
1.304783689	103.9027796
1.304783876	103.9027795
1.304795343	103.9023973
1.304807483	103.9028145
1.304807849	103.9028145
1.304829286	103.9028511
1.304829286	103.9028511
1.304832586	103.9008636
1.304833208	103.9023836
1.30483411	103.9022244
1.304842536	103.9069729
1.304842829	103.9022189
1.304844409	103.8991105
1.304845929	103.9069747
1.304845929	103.9069747
1.304845929	103.9069747
1.304846852	103.9073472
1.304847684	103.9073517
1.304847684	103.9073517
1.304847684	103.9073517
1.304853691	103.9028877
1.304853699	103.9028877
1.304854343	103.9029399
1.304857179	103.9009156
1.304859553	103.902361
1.304868518	103.9009786
1.304872808	103.9026664
1.304876947	103.902976
1.304882131	103.8991956
1.30489071	103.9023346
1.304900738	103.903013
1.304902132	103.9021782
1.304910632	103.9021719
1.304913563	103.9026465
1.304918865	103.8992797
1.3049189	103.9062324
1.304918948	103.901023
1.304922049	103.9023174
1.304924601	103.9030501
1.304933336	103.9069067
1.304933336	103.9069067
1.304933336	103.9069067
1.304934406	103.9069058
1.304934656	103.9011334
1.304937667	103.9021005
1.304940497	103.9072737
1.304940497	103.9072737
1.304940497	103.9072737
1.304943618	103.9072754
1.304945422	103.9026145
1.304953997	103.9011826
1.304955442	103.902294
1.304957532	103.899368
1.304957716	103.9077292
1.304959621	103.9030762
1.304967819	103.9022078
1.30497296	103.9020756
1.304979829	103.9025891
1.304981249	103.9012398
1.304982778	103.9022695
1.304988631	103.9031185
1.304996003	103.8994554
1.30500145	103.9076869
1.305005513	103.9065292
1.305006521	103.8979322
1.305006803	103.9020518
1.305014322	103.8990301
1.305016635	103.9012861
1.305017265	103.9025636
1.305019237	103.9068695
1.305019237	103.9068695
1.305019237	103.9068695
1.305020996	103.9068664
1.305027433	103.9072116
1.305027433	103.9072116
1.305027433	103.9072116
1.305029523	103.9072123
1.305033866	103.8995421
1.305038733	103.9020208
1.305040193	103.9013399
1.305043317	103.9060943
1.305048904	103.9022301
1.305048988	103.9076527
1.305050667	103.8991195
1.305064247	103.9013939
1.305066437	103.9025125
1.305079014	103.9022095
1.30509413	103.8992041
1.305094308	103.9076194
1.305094434	103.9028783
1.30509608	103.9024915
1.305096157	103.903211
1.30510998	103.9021877
1.305115405	103.907145
1.305115405	103.907145
1.305115405	103.907145
1.305116289	103.9020291
1.305117193	103.9032575
1.305118954	103.9071466
1.305126488	103.902022
1.305127317	103.8992955
1.305138356	103.9028468
1.305140024	103.9032893
1.305140525	103.9024755
1.305140757	103.9021641
1.305142213	103.9075864
1.305144257	103.9019456
1.305146665	103.9080405
1.305153696	103.9016366
1.305164079	103.9033295
1.30517062	103.8993785
1.305174913	103.9080742
1.305175315	103.9024506
1.305176632	103.9021474
1.305180937	103.9070766
1.305181985	103.9028153
1.305182008	103.9016168
1.305183449	103.9070703
1.305183449	103.9070703
1.305183449	103.9070703
1.305183526	103.9019176
1.305183986	103.9015561
1.305185649	103.9033607
1.305196035	103.903416
1.305205467	103.9081216
1.30520635	103.9021239
1.30520987	103.8994634
1.305210018	103.902426
1.305231893	103.9023871
1.305233813	103.9020977
1.305236654	103.9081603
1.305236845	103.9020167
1.305247044	103.9020097
1.305254002	103.9018696
1.305256792	103.9019294
1.305258025	103.9074806
1.305260387	103.9015737
1.305264798	103.9081918
1.305266604	103.9031965
1.305268099	103.9028434
1.305275763	103.9023648
1.305281774	103.9001283
1.305298552	103.9015455
1.305302027	103.9028146
1.30530735	103.9059798
1.305311413	103.9019667
1.305317882	103.9068218
1.305318952	103.9018878
1.305322399	103.9031862
1.305331393	103.9018133
1.305333785	103.9031154
1.305334239	103.9015247
1.305344704	103.9027874
1.305367663	103.9020862
1.305368575	103.9080513
1.305371667	103.9085138
1.305375968	103.907719
1.305378091	103.9027609
1.305385652	103.9018391
1.305387256	103.9063235
1.305392412	103.9034842
1.305394868	103.9079133
1.305402254	103.9017632
1.305404708	103.8988518
1.30540485	103.9030615
1.305409447	103.9019857
1.305414989	103.9080258
1.305421176	103.9027335
1.305425215	103.9037502
1.305431053	103.901399
1.305431784	103.9036458
1.30543374	103.903212
1.305435519	103.9018937
1.305435959	103.9062975
1.305442235	103.9019616
1.305447535	103.8989419
1.305447739	103.9084453
1.305448908	103.9087532
1.305451301	103.9037912
1.305455766	103.9017889
1.305457374	103.9027057
1.305465201	103.901446
1.305473678	103.9017113
1.305476249	103.9062617
1.305476675	103.9038313
1.305486628	103.8990274
1.305488034	103.9079708
1.305489375	103.9074266
1.305499999	103.9084101
1.305501304	103.9057685
1.305502176	103.9038713
1.305502681	103.908714
1.30550913	103.9019121
1.305520658	103.9079492
1.305521909	103.9015251
1.305524355	103.9062367
1.30552776	103.9039112
1.305530877	103.8991146
1.305536759	103.8964158
1.305547751	103.9017943
1.305548477	103.901888
1.305548678	103.9083693
1.305553396	103.9039513
1.305556676	103.9015735
1.305560442	103.9079206
1.305564689	103.9062006
1.305566701	103.9087077
1.3055682	103.9066966
1.305570207	103.8991981
1.30557964	103.9039922
1.305582032	103.9024437
1.305588064	103.9078961
1.305600458	103.9083328
1.305606798	103.9040369
1.305606798	103.9040369
1.305609629	103.8992819
1.305609709	103.9034009
1.305612382	103.9061756
1.305615337	103.9086718
1.305615589	103.9016548
1.305623741	103.9078673
1.305630406	103.9040909
1.305647323	103.9016981
1.30565285	103.9061396
1.305655039	103.9041297
1.305656034	103.9081993
1.305656994	103.9078414
1.305657726	103.9083048
1.305661351	103.9065746
1.305668721	103.9086392
1.305674207	103.9064717
1.305677735	103.9041628
1.305678731	103.9056464
1.305682473	103.901747
1.305700394	103.9078149
1.305700428	103.9061145
1.3057008	103.9053518
1.305700801	103.9053518
1.305700801	103.9053518
1.305700801	103.9053518
1.305701747	103.9021235
1.305711499	103.904198
1.305712976	103.9017872
1.305715795	103.9086019
1.305718702	103.906429
1.305727805	103.8980144
1.305729607	103.9042439
1.305732466	103.9077896
1.305737491	103.8996303
1.305740837	103.905412
1.305740837	103.905412
1.305740837	103.905412
1.305741078	103.9060787
1.305745563	103.9024049
1.305749647	103.90209
1.30575073	103.9042799
1.305766392	103.9085686
1.305766536	103.9064059
1.305769422	103.9089442
1.305772058	103.9077625
1.305780911	103.9043224
1.305782874	103.9054753
1.305782874	103.9054753
1.305782874	103.9054753
1.305784168	103.901287
1.305784783	103.9066938
1.305788844	103.9060537
1.305795152	103.902057
1.305798099	103.9043713
1.305799874	103.9072847
1.305801975	103.9072777
1.305803419	103.906351
1.305804127	103.9077376
1.305813363	103.9085295
1.305819432	103.9066637
1.305820202	103.906592
1.305820524	103.901327
1.30582273	103.9089134
1.30582741	103.9055423
1.305827411	103.9055423
1.305827411	103.9055423
1.305828064	103.9044181
1.305828065	103.9044181
1.305829141	103.9060177
1.305833511	103.9030803
1.305840764	103.9020238
1.30584332	103.90632
1.305845138	103.9077088
1.305849123	103.9001096
1.30584916	103.9044537
1.305852923	103.9045035
1.305854873	103.9013749
1.305854928	103.9023379
1.305856022	103.9076438
1.30587019	103.9044952
1.305872835	103.9056107
1.305872835	103.9056107
1.305872835	103.9056107
1.305874769	103.9039012
1.305876116	103.9044933
1.305877046	103.9059932
1.305887391	103.9014191
1.305888736	103.9019941
1.30589135	103.9062852
1.305897162	103.9000911
1.305897702	103.9051914
1.305899403	103.9045268
1.305902111	103.9082435
1.305904355	103.9076066
1.305906958	103.9023001
1.305909684	103.90221
1.305910947	103.9065954
1.305911518	103.8995365
1.30591245	103.9084755
1.305914237	103.905673
1.305914237	103.905673
1.305914237	103.905673
1.305914238	103.905673
1.305917821	103.9059573
1.305918998	103.9052282
1.305923438	103.9014656
1.305926504	103.8998018
1.305926985	103.9045658
1.305928023	103.9091975
1.30593316	103.8984699
1.305937235	103.9088454
1.305939037	103.9019638
1.305947615	103.9046033
1.305947615	103.9046033
1.305949	103.9052768
1.305949334	103.9000694
1.305951612	103.9062602
1.305955308	103.90151
1.30595819	103.9065562
1.305966955	103.9059326
1.305967221	103.908439
1.30597313	103.9053132
1.30597752	103.9046422
1.305978556	103.90044
1.305981687	103.909169
1.305982814	103.9071592
1.305985931	103.9015561
1.305987463	103.9075635
1.305987608	103.9088136
1.305991103	103.9065129
1.30599585	103.9022352
1.305997903	103.9000494
1.306000271	103.9046779
1.306006972	103.9058958
1.306010295	103.9080448
1.306019113	103.905347
1.306019113	103.905347
1.306020715	103.908412
1.306029846	103.9004073
1.306030952	103.9075316
1.306034001	103.9011124
1.3060403	103.9022028
1.306042863	103.8961619
1.306042863	103.8961619
1.306042863	103.8961619
1.306042863	103.8961619
1.306043412	103.905384
1.306043412	103.905384
1.306043806	103.9064907
1.306049583	103.9000283
1.30605437	103.9058714
1.306055513	103.9047513
1.306063073	103.9070479
1.306068779	103.9083803
1.306075031	103.9054307
1.306075719	103.9093447
1.306075724	103.9093447
1.306081084	103.9003854
1.30608602	103.9064595
1.306086362	103.8961496
1.306086362	103.8961496
1.306086362	103.8961496
1.306086362	103.8961496
1.306093123	103.9021677
1.306096071	103.9091123
1.306097653	103.9058386
1.306098062	103.9000083
1.306099114	103.9054679
1.306099114	103.9054679
1.306100437	103.9079856
1.306104301	103.9087423
1.306104348	103.9060813
1.306104349	103.9060813
1.306104349	103.9060813
1.306110451	103.907462
1.306116412	103.9030632
1.30612103	103.9039115
1.306126393	103.9055139
1.306126687	103.9083543
1.306129661	103.9003646
1.306131863	103.9055671
1.306137699	103.9048895
1.306142923	103.896133
1.306142923	103.896133
1.306142923	103.896133
1.306142923	103.896133
1.306149329	103.9090852
1.306149967	103.8999868
1.30615264	103.9061514
1.30615264	103.9061514
1.30615264	103.9061514
1.306156837	103.9087111
1.306159207	103.9018328
1.306161168	103.9074489
1.306164046	103.906969
1.30616692	103.9046108
1.306172437	103.9083105
1.30617773	103.8995821
1.30618023	103.9055985
1.306180231	103.9055985
1.306180872	103.9003427
1.3061841	103.8961179
1.3061841	103.8961179
1.3061841	103.8961179
1.3061841	103.8961179
1.306197069	103.9045888
1.306197069	103.9045888
1.306197069	103.9045888
1.306198522	103.8999666
1.306201577	103.9062249
1.306201577	103.9062249
1.306201577	103.9062249
1.306203904	103.9056377
1.306203904	103.9056377
1.306211006	103.9073154
1.306215801	103.9079231
1.306223431	103.904986
1.306227216	103.9074673
1.306229455	103.900322
1.306232837	103.9056844
1.306232838	103.9056844
1.306236911	103.9048524
1.306238716	103.9045584
1.306238716	103.9045584
1.306241483	103.8961006
1.306241483	103.8961006
1.306241483	103.8961006
1.306241483	103.8961006
1.30624571	103.8999388
1.306245812	103.9050248
1.306248405	103.906293
1.306248405	103.906293
1.306248405	103.906293
1.306255252	103.8984282
1.306257146	103.9057204
1.306257146	103.9057204
1.306257863	103.902616
1.30626137	103.9078926
1.306261435	103.9034552
1.306262171	103.9083135
1.306268889	103.9045368
1.30626889	103.9045368
1.30626889	103.9045368
1.306269519	103.9086397
1.306275299	103.8993159
1.306275299	103.8993159
1.306275299	103.8993159
1.306275309	103.9082471
1.306276157	103.8993147
1.30627751	103.9090092
1.306280672	103.9003
1.306284588	103.8960828
1.306284588	103.8960828
1.306284588	103.8960828
1.306284588	103.8960828
1.306294113	103.9048585
1.306304698	103.9063731
1.306304698	103.9063731
1.306304699	103.9063731
1.306307308	103.9078621
1.306310133	103.9045062
1.306313366	103.9050719
1.306314261	103.9068701
1.306315916	103.905877
1.306319415	103.9086067
1.306319774	103.9025114
1.30632041	103.9082148
1.306322811	103.9067146
1.306323124	103.9029054
1.306329221	103.9002793
1.30633068	103.9089823
1.306332537	103.9048399
1.306336371	103.9059109
1.30633784	103.8987729
1.306338022	103.90511
1.30633847	103.9059669
1.306340214	103.9044846
1.306340214	103.9044846
1.306340214	103.9044846
1.306340642	103.903164
1.306340728	103.8960617
1.306340728	103.8960617
1.306340728	103.8960617
1.306340728	103.8960617
1.306344968	103.9011434
1.306349113	103.8978079
1.306351904	103.9068295
1.306354449	103.9005126
1.306360083	103.8992726
1.306362458	103.9060018
1.306362676	103.8992748
1.306362676	103.8992748
1.306362676	103.8992748
1.306367907	103.9048136
1.306377243	103.9006705
1.306377342	103.9081809
1.306379041	103.9051637
1.306381853	103.904453
1.306381853	103.904453
1.306381853	103.904453
1.306382023	103.9002641
1.306383989	103.8960446
1.306383989	103.8960446
1.306383989	103.8960446
1.306383989	103.8960446
1.306390373	103.9026801
1.306391702	103.9060381
1.306402852	103.9047884
1.306409314	103.9044162
1.306409493	103.904416
1.306411209	103.9072612
1.306424328	103.9067753
1.306428351	103.9027326
1.306434941	103.9060579
1.306435223	103.8960231
1.306435223	103.8960231
1.306435223	103.8960231
1.306435223	103.8960231
1.306437055	103.9077728
1.306437418	103.9047627
1.306437418	103.9047627
1.306438444	103.9085331
1.306440821	103.9089207
1.306446826	103.904387
1.306446826	103.904387
1.306457117	103.908107
1.306461901	103.9060985
1.30646479	103.9039314
1.306465869	103.9053183
1.306468379	103.8992344
1.306469441	103.8992327
1.306469441	103.8992327
1.306469441	103.8992327
1.306470344	103.90474
1.306474779	103.9031858
1.306475867	103.9022557
1.306476644	103.9053682
1.306478698	103.8960061
1.306478698	103.8960061
1.306478698	103.8960061
1.306478698	103.8960061
1.306481883	103.9034555
1.306482267	103.9062875
1.306482354	103.9061322
1.306483046	103.9043604
1.306483046	103.9043604
1.306488973	103.9085016
1.306489181	103.9028165
1.30649385	103.9088923
1.306499027	103.9047178
1.306505359	103.905329
1.306508093	103.8997871
1.306509012	103.9023018
1.306510748	103.906172
1.306513112	103.9038942
1.306513993	103.8993191
1.306513993	103.8993191
1.306513993	103.8993191
1.306516654	103.8993178
1.306516665	103.904335
1.306516665	103.904335
1.306523056	103.9034264
1.306527474	103.9001741
1.306527824	103.9028701
1.306531824	103.900987
1.306531824	103.900987
1.306531824	103.900987
1.306531824	103.900987
1.306531824	103.900987
1.306531824	103.900987
1.306531824	103.900987
1.306531824	103.900987
1.306532252	103.906205
1.306534054	103.9080704
1.306543814	103.9023523
1.306550676	103.9043105
1.306550676	103.9043105
1.306552858	103.9038664
1.306558385	103.8999802
1.30656223	103.899425
1.306564714	103.8982922
1.306567037	103.8994244
1.306567037	103.8994244
1.306567037	103.8994244
1.306569189	103.8959597
1.306569189	103.8959597
1.306569189	103.8959597
1.30657074	103.9003013
1.306576654	103.9023971
1.306577987	103.9049517
1.306585329	103.9042864
1.306586653	103.8995107
1.306586653	103.8995107
1.306586653	103.8995107
1.306589106	103.8995094
1.306589183	103.9033706
1.306593969	103.9029948
1.306595974	103.9047701
1.306595974	103.9047701
1.306595974	103.9047701
1.306595974	103.9047701
1.306595974	103.9047701
1.306598384	103.9038269
1.306608769	103.9049943
1.306611416	103.9084281
1.306612567	103.8959463
1.306612567	103.8959463
1.306612567	103.8959463
1.306615075	103.9088229
1.306617894	103.9079927
1.306629323	103.9063537
1.306630732	103.9042521
1.306630732	103.9042521
1.306630732	103.9042521
1.306631272	103.9033406
1.30663547	103.9005546
1.30663547	103.9005546
1.306638255	103.9025735
1.306641233	103.9076077
1.306642814	103.903805
1.306648186	103.9030296
1.306655093	103.9047579
1.306657607	103.9063947
1.306659272	103.9083975
1.30666853	103.8959226
1.30666853	103.8959226
1.30666853	103.8959226
1.306668536	103.9007971
1.306668897	103.9087958
1.306679187	103.9030876
1.306681019	103.9046943
1.306681065	103.9022232
1.306687723	103.9079687
1.30669611	103.9042474
1.306696111	103.9042474
1.306697091	103.9037842
1.306701585	103.9069274
1.306706702	103.9025734
1.306708277	103.8996017
1.306709456	103.9064147
1.306709869	103.9005199
1.306709869	103.9005199
1.306711075	103.9031312
1.306712068	103.8959086
1.306712068	103.8959086
1.306712069	103.8959086
1.306715484	103.9013636
1.306716591	103.9041742
1.3067186	103.9046649
1.3067186	103.9046649
1.3067186	103.9046649
1.3067186	103.9046649
1.3067186	103.9046649
1.306730649	103.9037596
1.306739031	103.9021815
1.306741466	103.9064609
1.306747371	103.9031829
1.306748264	103.9040581
1.306753268	103.9025401
1.306755587	103.9041501
1.306765293	103.9064959
1.306767083	103.9009515
1.306767593	103.9065595
1.306768284	103.8958873
1.306768284	103.8958873
1.306768284	103.8958873
1.306768401	103.9058738
1.306770012	103.9075301
1.306771736	103.9046305
1.306771736	103.9046305
1.306771736	103.9046305
1.306772826	103.9037384
1.306776217	103.9079066
1.306776609	103.9083283
1.30677714	103.903226
1.306777369	103.9004883
1.306777369	103.9004883
1.306778564	103.9000904
1.306785046	103.9087272
1.306786274	103.8991711
1.306796115	103.9025089
1.306796952	103.9013381
1.306805028	103.9037099
1.306806135	103.9041116
1.306807676	103.9069247
1.306807681	103.9069247
1.306810938	103.8958705
1.306810939	103.8958705
1.306810939	103.8958705
1.306811623	103.9001626
1.306813714	103.9032723
1.306818811	103.9009152
1.306821156	103.906577
1.306824369	103.9075039
1.306827048	103.9082969
1.306827271	103.9024563
1.306830844	103.9078498
1.306838054	103.9086977
1.306841619	103.9036808
1.306842728	103.9040833
1.306842728	103.9040833
1.30684598	103.903312
1.306851139	103.900454
1.306851139	103.900454
1.306852224	103.9066244
1.306866458	103.9024185
1.306866741	103.8958486
1.306866741	103.8958486
1.306866741	103.8958486
1.306868545	103.9056292
1.306875772	103.9036536
1.306876022	103.9066598
1.306887052	103.9040451
1.306898674	103.9075047
1.306899545	103.900868
1.30690598	103.9020767
1.306906337	103.9067068
1.306909964	103.8958338
1.306909964	103.8958338
1.306909964	103.8958338
1.306910566	103.9023871
1.306915684	103.9036137
1.306915869	103.9056009
1.306916747	103.9045531
1.306916949	103.9004223
1.306916949	103.9004223
1.306917685	103.9045546
1.30692198	103.9040211
1.306928682	103.9007915
1.306935068	103.9074744
1.30693538	103.9035475
1.306944498	103.9078031
1.306945532	103.9082266
1.306949879	103.9055749
1.3069505	103.9086363
1.306952238	103.8991032
1.306957131	103.9023513
1.306960511	103.9039916
1.306965605	103.8958107
1.306965605	103.8958107
1.306965605	103.8958107
1.306983486	103.9012313
1.306986857	103.9039537
1.306989487	103.9077741
1.306989823	103.9074384
1.306990027	103.9003883
1.306990027	103.9003883
1.306994767	103.9055435
1.306996937	103.9081944
1.306997837	103.9023222
1.3069991	103.9035417
1.307003311	103.9086078
1.30700671	103.8993284
1.307008592	103.8957947
1.307008592	103.8957947
1.307008592	103.8957947
1.307012261	103.9031073
1.307012367	103.905847
1.307023694	103.9039271
1.307024545	103.901201
1.307025992	103.9074073
1.307029978	103.9061379
1.307029978	103.9061379
1.307037265	103.9055243
1.307039938	103.9038096
1.307042309	103.9077389
1.30704984	103.9035187
1.307054268	103.9023002
1.307058665	103.9058169
1.307060296	103.9061886
1.307060296	103.9061886
1.307060795	103.9039005
1.307064562	103.900745
1.307064679	103.8957722
1.30706468	103.8957722
1.30706468	103.8957722
1.307067038	103.9044701
1.307067038	103.9044701
1.307067113	103.9044702
1.307071167	103.9030701
1.307071927	103.9073659
1.307073508	103.9054854
1.307079144	103.906242
1.307079145	103.906242
1.307087257	103.9077106
1.307088864	103.9022636
1.307092426	103.905792
1.307107684	103.9054594
1.307108201	103.8957577
1.307108201	103.8957577
1.307108201	103.8957577
1.307109135	103.9062868
1.307109135	103.9062868
1.307112085	103.9038862
1.307112085	103.9038862
1.307116231	103.9081222
1.307116887	103.9011412
1.307120459	103.9044308
1.307120459	103.9044308
1.307120537	103.9044309
1.307121243	103.9030243
1.307127384	103.8995088
1.307127612	103.9019216
1.307129673	103.9022391
1.30713213	103.9085351
1.307134963	103.9049577
1.307138174	103.9063324
1.307138174	103.9063324
1.307139703	103.9014301
1.307140328	103.9076746
1.307141111	103.9045741
1.307146599	103.903855
1.307146689	103.9038586
1.307146689	103.9038586
1.30714669	103.9038586
1.307147719	103.9070884
1.307150727	103.8956935
1.307150727	103.8956935
1.307150727	103.8956935
1.307151768	103.9054265
1.307152647	103.9057873
1.307158673	103.8990829
1.307168731	103.9080906
1.307168914	103.9018822
1.307169601	103.9022117
1.307170355	103.9063783
1.307170356	103.9063783
1.30717047	103.9029906
1.307170673	103.9038083
1.307171342	103.9057344
1.307173856	103.9071286
1.307175613	103.9043896
1.307175613	103.9043896
1.307175824	103.9043896
1.307179758	103.9014007
1.307179804	103.9038212
1.307185217	103.907645
1.307185616	103.908507
1.307186302	103.8996659
1.30718658	103.9054013
1.307188047	103.9038291
1.307188158	103.9018299
1.307199105	103.907165
1.307202955	103.9036974
1.307207509	103.902182
1.307214762	103.9064161
1.307214762	103.9064161
1.307218903	103.9071519
1.307221926	103.9033813
1.307225319	103.9029497
1.307225718	103.9013686
1.307228281	103.9072067
1.307231066	103.905729
1.307231101	103.9038123
1.307231101	103.9038123
1.307231101	103.9038123
1.307232393	103.9053709
1.307235466	103.9076104
1.307235589	103.9043505
1.307235589	103.9043505
1.307239064	103.9043543
1.307239131	103.9018105
1.307244673	103.9064615
1.307244674	103.9064615
1.307244799	103.9005659
1.307244944	103.9056624
1.307250109	103.9021589
1.307258885	103.9072517
1.307263799	103.9026893
1.307265953	103.9037848
1.307265953	103.9037848
1.307269249	103.9013255
1.307270591	103.9059866
1.307273613	103.9080283
1.307273749	103.9065768
1.307273749	103.9065768
1.307273749	103.9065768
1.307274505	103.9029162
1.307274556	103.9065073
1.307274556	103.9065073
1.307276978	103.9017811
1.307278551	103.9021157
1.307289405	103.9073063
1.307289406	103.9073063
1.307291703	103.9005324
1.307295158	103.9056421
1.307304947	103.9084311
1.307311002	103.9032925
1.307312461	103.9010062
1.307314041	103.9034321
1.30731664	103.9073465
1.30731664	103.9073465
1.30731963	103.902089
1.307322872	103.9079963
1.307327738	103.9056171
1.307328135	103.9017464
1.307329581	103.9028752
1.307331495	103.9065943
1.307334345	103.9053342
1.307339578	103.9048023
1.307347309	103.9005083
1.307350222	103.9060907
1.307354779	103.9009762
1.307355981	103.9066321
1.307356922	103.9060246
1.307357392	103.9020614
1.307362557	103.9073905
1.307362557	103.9073905
1.307364538	103.9017226
1.307367602	103.9032632
1.307377263	103.8990724
1.307377829	103.9028404
1.307378562	103.8993622
1.307380004	103.9066671
1.307380308	103.9061476
1.307387665	103.9074226
1.307387665	103.9074226
1.307388747	103.9056116
1.307392296	103.9004748
1.307399017	103.9032121
1.307400329	103.9009433
1.307400814	103.9067
1.307401666	103.9052866
1.307404598	103.9074738
1.307404598	103.9074738
1.30740506	103.9020375
1.307406026	103.9016841
1.307416849	103.9084538
1.307419481	103.9062059
1.307420014	103.9042184
1.307427047	103.9067331
1.307427047	103.9067331
1.307433535	103.905488
1.307433968	103.9028005
1.307439315	103.9012125
1.307440818	103.9075055
1.307440818	103.9075055
1.307441601	103.9004421
1.307444447	103.9062636
1.30744516	103.9009136
1.307452339	103.9020134
1.307453333	103.9016602
1.307455449	103.895635
1.307458979	103.9025122
1.307470373	103.9052444
1.307471222	103.907551
1.307471223	103.907551
1.307481987	103.9027656
1.307485735	103.9011794
1.307487861	103.9084119
1.307489813	103.9019761
1.307493597	103.9063147
1.307497725	103.9075884
1.307497726	103.9075884
1.307502088	103.901631
1.307508912	103.9031806
1.307510787	103.9024745
1.307511399	103.8999987
1.307511399	103.8999987
1.307511399	103.8999987
1.307511399	103.8999987
1.307511399	103.8999987
1.307511399	103.8999987
1.307511399	103.8999987
1.307511399	103.8999987
1.307511399	103.8999987
1.307511399	103.8999987
1.307511399	103.8999987
1.307511399	103.8999987
1.307511399	103.8999987
1.307511399	103.8999987
1.307511399	103.8999987
1.307511399	103.8999987
1.307511399	103.8999987
1.307511399	103.8999987
1.307511399	103.8999987
1.307511399	103.8999987
1.307511399	103.8999987
1.307511399	103.8999987
1.307511399	103.8999987
1.307511399	103.8999987
1.307511399	103.8999987
1.307511399	103.8999987
1.307511399	103.8999987
1.307511399	103.8999987
1.307511399	103.8999987
1.307511399	103.8999987
1.307511399	103.8999987
1.307511399	103.8999987
1.307527498	103.9063633
1.307532135	103.9083073
1.30753584	103.9045906
1.307538828	103.9054996
1.307545309	103.9051902
1.307548104	103.9058466
1.307557395	103.9024387
1.307557459	103.9003856
1.307558567	103.9011318
1.307560405	103.9057514
1.307560674	103.9031434
1.307561081	103.9034796
1.307562618	103.8961072
1.30756719	103.9027232
1.307567202	103.9078521
1.307567759	103.9019944
1.307568435	103.9009015
1.307575593	103.9065279
1.30757571	103.9008119
1.307581071	103.8993709
1.307581409	103.9054387
1.30758561	103.9059031
1.307596481	103.9069337
1.307596485	103.9069337
1.307600838	103.9011002
1.307601277	103.9019522
1.30760168	103.902388
1.307602176	103.9070787
1.307602176	103.9070787
1.307602176	103.9070787
1.307607452	103.9026931
1.307615952	103.9003498
1.307619269	103.8997154
1.307622944	103.9059548
1.307623686	103.8990303
1.307623881	103.9030854
1.307624955	103.9064963
1.307633361	103.9051077
1.307636318	103.9071335
1.307636318	103.9071335
1.307636318	103.9071335
1.307642592	103.9010703
1.307648082	103.9023524
1.307650308	103.9063766
1.307650361	103.9053349
1.307652456	103.9019338
1.307653071	103.89949
1.307658491	103.9060149
1.307659505	103.9026587
1.307664943	103.9071775
1.307664944	103.9071775
1.307664944	103.9071775
1.307667259	103.9030543
1.307670334	103.9007464
1.30767807	103.9003119
1.307680027	103.9015191
1.307680212	103.9056789
1.307683712	103.9050749
1.307686802	103.9018919
1.307689004	103.9010375
1.30769212	103.9026184
1.307697444	103.9060633
1.307697558	103.9023056
1.307701427	103.9072305
1.307701427	103.9072305
1.307701427	103.9072305
1.307709541	103.9081886
1.30771225	103.9030205
1.307726551	103.9064287
1.307726647	103.9014841
1.307730149	103.9010089
1.307735409	103.9057235
1.307737096	103.9061205
1.307742428	103.9022657
1.307744625	103.9068338
1.307748054	103.9039556
1.307748054	103.9039556
1.307748054	103.9039556
1.307749476	103.9072628
1.307749477	103.9072628
1.307749477	103.9072628
1.307755316	103.90299
1.307756784	103.9025946
1.30775717	103.9052321
1.307758505	103.9000095
1.30775851	103.9026085
1.307758743	103.9000065
1.307758743	103.9000065
1.307764529	103.9038669
1.30776453	103.9038669
1.30776453	103.9038669
1.307765956	103.9057826
1.30776732	103.8998807
1.307768582	103.9073263
1.307768582	103.9073263
1.307768582	103.9073263
1.307771586	103.9014384
1.307777102	103.9043806
1.307781555	103.9061856
1.30779061	103.9025727
1.30779181	103.9073722
1.30779181	103.9073722
1.30779181	103.9073722
1.307792183	103.9068025
1.307792945	103.9025829
1.307793362	103.9022282
1.307797882	103.9002295
1.307799913	103.9058362
1.307802767	103.8955513
1.307808874	103.9007856
1.307808878	103.9007856
1.307814672	103.9009457
1.307815403	103.9038312
1.307815403	103.9038312
1.307815403	103.9038312
1.307824106	103.9017263
1.307825183	103.8995417
1.3078253	103.9029436
1.307825542	103.9052339
1.307826887	103.903237
1.307826887	103.903237
1.307826887	103.903237
1.30782764	103.9074258
1.30782764	103.9074258
1.30782764	103.9074258
1.307831453	103.9014156
1.307837741	103.9021881
1.30783926	103.8986206
1.307841748	103.902548
1.307841748	103.902548
1.307843693	103.904955
1.30784559	103.9074901
1.30784559	103.9074901
1.30784559	103.9074901
1.307846362	103.905887
1.307850741	103.899631
1.307852432	103.8986808
1.307862739	103.9063878
1.30786546	103.9063816
1.307867726	103.9013585
1.307868516	103.9069121
1.307868516	103.9069121
1.307872618	103.9069091
1.307876366	103.9025217
1.307876366	103.9025217
1.307878529	103.9029064
1.307878822	103.9067451
1.307881211	103.9016956
1.307883354	103.902153
1.307883451	103.9059415
1.307890311	103.8987329
1.307894822	103.9049198
1.307897975	103.9013184
1.307902483	103.9069533
1.307903136	103.9005699
1.307903136	103.9005699
1.307903136	103.9005699
1.307903136	103.9005699
1.307903136	103.9005699
1.307903136	103.9005699
1.307909063	103.9063586
1.307910509	103.9024689
1.307911297	103.90695
1.307911297	103.90695
1.307913527	103.906357
1.307918789	103.9059963
1.307919052	103.9016368
1.307926059	103.906714
1.307927229	103.9070087
1.307927229	103.9070087
1.307930264	103.9070076
1.307941615	103.8988421
1.307950968	103.906071
1.307953208	103.9024384
1.307953748	103.905148
1.307955839	103.9012999
1.30796009	103.9038299
1.307970533	103.9063191
1.307970708	103.9050817
1.307973184	103.8989506
1.307973569	103.9063133
1.307975076	103.903211
1.307979064	103.9070442
1.307979064	103.9070442
1.307979064	103.9070442
1.307983092	103.8954191
1.307983092	103.8954191
1.307983092	103.8954191
1.307985074	103.9028756
1.307985201	103.9016233
1.30798582	103.90427
1.307989079	103.8991572
1.307992656	103.8989955
1.307999971	103.902405
1.308001817	103.9001085
1.308003581	103.9071026
1.308003724	103.9012684
1.308005395	103.9031867
1.308005395	103.9031867
1.308008613	103.9066097
1.308013183	103.9066114
1.308013403	103.9071058
1.308013403	103.9071058
1.30801682	103.9062887
1.308021064	103.9062884
1.308023636	103.9015756
1.308025464	103.905424
1.308026433	103.9005039
1.308029658	103.9028441
1.308033926	103.8953874
1.308033926	103.8953874
1.308033926	103.8953874
1.308035147	103.8991373
1.308036473	103.9007757
1.308037474	103.903162
1.308037474	103.903162
1.308040585	103.9036891
1.308041974	103.9071414
1.308041974	103.9071414
1.308041974	103.9071414
1.30804218	103.9023749
1.308049737	103.9012346
1.308053361	103.9072027
1.308053361	103.9072027
1.30805714	103.9072014
1.308064176	103.9027995
1.308065285	103.906579
1.30807063	103.9065832
1.308071432	103.9004719
1.308074559	103.9015526
1.308075022	103.9062488
1.308075335	103.9062435
1.308077997	103.8953617
1.308077997	103.8953617
1.308077998	103.8953617
1.308078206	103.9035564
1.308078206	103.9035564
1.308078714	103.903143
1.308083393	103.9000546
1.308086207	103.8991137
1.30809244	103.9012037
1.30810425	103.8987554
1.308105455	103.9072382
1.308105455	103.9072382
1.308105455	103.9072382
1.308109062	103.9020214
1.308110344	103.9027654
1.308115751	103.9035278
1.308115751	103.9035278
1.308115796	103.9004398
1.308117539	103.9015163
1.308118093	103.9068009
1.308118093	103.9068009
1.308118665	103.9065359
1.308121678	103.9031011
1.308122624	103.9062187
1.308122875	103.9065381
1.308125054	103.9068047
1.308127218	103.9062181
1.308128113	103.8953306
1.308128113	103.8953306
1.308128113	103.8953306
1.308130126	103.907302
1.308132011	103.9077723
1.308132012	103.9077723
1.308136025	103.8990952
1.30813701	103.8994764
1.308139183	103.9011716
1.308146687	103.9073031
1.308146687	103.9073031
1.308159654	103.9006849
1.308161047	103.9004078
1.308161303	103.9034929
1.308161303	103.9034929
1.308161313	103.9049835
1.308163865	103.906853
1.308163865	103.906853
1.308163984	103.9027475
1.308167012	103.9068517
1.308167481	103.9014898
1.308171199	103.9030655
1.3081718	103.8953049
1.3081718	103.8953049
1.3081718	103.8953049
1.30817339	103.9065049
1.308179226	103.9065101
1.308182165	103.9011411
1.308184416	103.906179
1.308185541	103.9061728
1.308186158	103.9047857
1.308197684	103.9068992
1.308198462	103.9034668
1.308198462	103.9034668
1.308200687	103.9068977
1.308200687	103.9068977
1.308201589	103.9006539
1.308204209	103.9014465
1.308205746	103.9003763
1.308209706	103.8986729
1.308210084	103.9030365
1.308212746	103.8958201
1.308213768	103.9022455
1.308214116	103.9069585
1.308214116	103.9069585
1.308214116	103.9069585
1.308216691	103.9042381
1.308220511	103.9019265
1.308222838	103.8952744
1.308222838	103.8952744
1.308222838	103.8952744
1.308227461	103.9064665
1.308231286	103.9064683
1.308231978	103.9011146
1.308234416	103.9061485
1.308239522	103.9061479
1.308243735	103.9069944
1.308243735	103.9069944
1.308247414	103.9006218
1.308247573	103.9040353
1.308249272	103.9014159
1.308250084	103.9003435
1.308250247	103.9069987
1.30825042	103.902703
1.308250421	103.902703
1.308250421	103.902703
1.308251527	103.9046535
1.308253158	103.9036648
1.308260848	103.8994162
1.308266329	103.8952478
1.308266329	103.8952478
1.308266329	103.8952478
1.308273431	103.9022207
1.308273771	103.9030362
1.308275327	103.9018767
1.308278608	103.9064354
1.308284624	103.9064408
1.308284729	103.9074441
1.308284902	103.8996397
1.308286988	103.9049336
1.308289833	103.9029777
1.308289834	103.9029777
1.308292051	103.9003078
1.30829248	103.9070445
1.30829248	103.9070445
1.308292703	103.9005896
1.308294222	103.9070438
1.30829566	103.9046214
1.308304738	103.9013982
1.30830717	103.8996914
1.308310172	103.9037185
1.308317464	103.9074932
1.308317515	103.8952184
1.308317515	103.8952184
1.308317515	103.8952184
1.308318354	103.903758
1.308320392	103.9036264
1.308321017	103.9021863
1.308324324	103.9070917
1.308325956	103.9070907
1.308325956	103.9070907
1.308326496	103.9066053
1.308329416	103.9029481
1.308329416	103.9029481
1.308335112	103.9063976
1.308336833	103.9005578
1.308337137	103.9010651
1.308337137	103.9010651
1.308338426	103.8999094
1.308339453	103.9063989
1.308339817	103.9002797
1.308340595	103.9059514
1.308347338	103.9010748
1.308347744	103.9013672
1.30835432	103.9075413
1.308354518	103.9036774
1.308356787	103.9033577
1.308356788	103.9033577
1.308356957	103.8986296
1.308356957	103.8986296
1.308356957	103.8986296
1.308357872	103.9066588
1.308359789	103.9018411
1.308360415	103.8951912
1.308360415	103.8951912
1.308360415	103.8951912
1.308361647	103.9079888
1.308362063	103.9071414
1.308367441	103.9038266
1.308368398	103.9021529
1.308369957	103.9071373
1.308369957	103.9071373
1.30837007	103.8990121
1.308370143	103.9029191
1.308370143	103.9029191
1.308370161	103.9048366
1.308374725	103.9045854
1.308375073	103.9067122
1.308377307	103.9080092
1.30838217	103.9005256
1.308383607	103.9002493
1.308384526	103.9075936
1.308388355	103.9037206
1.308395285	103.9063724
1.308400861	103.9033228
1.308402434	103.9013397
1.308405036	103.9038742
1.308407727	103.9017685
1.30841552	103.9010426
1.308416071	103.9021193
1.308416088	103.9048029
1.308416151	103.901043
1.308416151	103.901043
1.308416604	103.8951479
1.308416604	103.8951479
1.308416604	103.8951479
1.308417424	103.9028827
1.308418068	103.907644
1.308419698	103.9067565
1.308426167	103.9004936
1.308427893	103.9025736
1.308434094	103.9064148
1.308435856	103.901296
1.308436482	103.9039172
1.3084396	103.9032972
1.308441473	103.9034012
1.30844818	103.902067
1.30844868	103.9068009
1.308449661	103.9025113
1.30845597	103.9044996
1.308458115	103.9047717
1.308467574	103.9017245
1.308470149	103.8995241
1.308470347	103.9039635
1.308471532	103.9004616
1.308472616	103.9001399
1.308473406	103.9068563
1.308473868	103.8992979
1.308475693	103.8951216
1.308476741	103.9076879
1.308477218	103.9073111
1.308478612	103.901266
1.308484245	103.898495
1.308487172	103.9032592
1.308487172	103.9032592
1.308487172	103.9032592
1.308487172	103.9032592
1.308487172	103.9032592
1.308489295	103.9024733
1.308492593	103.9020351
1.308501779	103.9040065
1.308506051	103.9044707
1.308507977	103.9033636
1.30850817	103.907369
1.308510748	103.9068981
1.308517216	103.9008755
1.30852556	103.9016973
1.308526266	103.8951002
1.308526433	103.9032346
1.308526433	103.9032346
1.308534274	103.9011999
1.308534324	103.9004407
1.308535641	103.9040529
1.308536361	103.9069529
1.308537694	103.9020033
1.308545131	103.90246
1.308546703	103.9001707
1.308554738	103.9074105
1.308561993	103.8983562
1.308568256	103.9040995
1.308569732	103.8995545
1.308570632	103.906993
1.30857558	103.9064459
1.30857568	103.8991547
1.308577185	103.9044903
1.308577576	103.9019616
1.308578196	103.8950849
1.308580947	103.9035013
1.308583656	103.9024169
1.308583816	103.9002975
1.308584874	103.8997761
1.308586499	103.9016601
1.308586763	103.9027949
1.308586763	103.9027949
1.308586763	103.9027949
1.308588115	103.9046766
1.30858865	103.9074604
1.308598628	103.9044024
1.308602243	103.8988928
1.308605032	103.9064948
1.308611931	103.9035528
1.308614637	103.899827
1.308615594	103.9023671
1.308618872	103.8983322
1.308620168	103.901931
1.308622466	103.9075102
1.308627311	103.9065499
1.30863321	103.9046442
1.308640226	103.9027577
1.308640226	103.9027577
1.308640226	103.9027577
1.308644681	103.9008219
1.308645326	103.8952715
1.308646058	103.9043667
1.308651887	103.9003891
1.308655794	103.9075592
1.308656323	103.9065953
1.308657982	103.8953241
1.308658458	103.9036049
1.308659854	103.9011166
1.308665004	103.9018989
1.308671168	103.902351
1.30867432	103.8953749
1.308678217	103.9027187
1.308678217	103.9027187
1.308678218	103.9027187
1.30867874	103.8983068
1.308680548	103.8950385
1.308680679	103.9046092
1.308682796	103.8984924
1.308683571	103.9016785
1.308685395	103.9071663
1.30868705	103.8999337
1.30868884	103.8954277
1.308690363	103.9066476
1.308691204	103.9043331
1.308700178	103.9036485
1.308702228	103.895541
1.308706936	103.900783
1.308710471	103.9061045
1.308710471	103.9061045
1.308710471	103.9061045
1.308710471	103.9061045
1.308710471	103.9061045
1.308710471	103.9061045
1.308710471	103.9061045
1.308710471	103.9061045
1.308710471	103.9061045
1.308710471	103.9061045
1.308710471	103.9061045
1.308710471	103.9061045
1.308710471	103.9061045
1.308710471	103.9061045
1.308710471	103.9061045
1.308710471	103.9061045
1.308717374	103.9018744
1.308720184	103.9066925
1.308721277	103.8956024
1.308721373	103.9015298
1.308725327	103.9045754
1.308729431	103.8999928
1.308734616	103.9036972
1.308735158	103.8972252
1.308737578	103.8986218
1.308737664	103.9026857
1.308737664	103.9026857
1.308737664	103.9026857
1.308738409	103.9042975
1.308754827	103.9067425
1.308755058	103.905637
1.308757037	103.9037524
1.308764792	103.9063225
1.308764872	103.9014995
1.308765682	103.9018467
1.308766186	103.9071831
1.308771265	103.9006211
1.308774346	103.9045416
1.308774836	103.9000559
1.308776043	103.8957336
1.308782366	103.9067895
1.30878237	103.9042645
1.308782527	103.9026542
1.308782527	103.9026542
1.308782527	103.9026542
1.308785071	103.9010225
1.308796721	103.9037993
1.308805571	103.9063609
1.308807291	103.9018099
1.308809655	103.9072244
1.308811536	103.9068356
1.308813502	103.9014613
1.308815081	103.9031029
1.308816926	103.9001142
1.308818773	103.9048949
1.308819276	103.9045082
1.30882849	103.9076937
1.308831403	103.8992978
1.3088356	103.9026148
1.3088356	103.9026148
1.3088356	103.9026148
1.308836943	103.9072741
1.308839707	103.9038412
1.308839917	103.906412
1.30884734	103.9009816
1.30884931	103.8990431
1.30884987	103.9014262
1.308852097	103.9017736
1.308860732	103.9038996
1.308861569	103.9001785
1.308866408	103.9073228
1.308867733	103.9044726
1.308869139	103.9064569
1.308870166	103.8982369
1.308871624	103.8999102
1.308872153	103.8999073
1.308872153	103.8999073
1.308872153	103.8999073
1.308872153	103.8999073
1.308872153	103.8999073
1.308872153	103.8999073
1.308872153	103.8999073
1.308872153	103.8999073
1.308872153	103.8999073
1.308881344	103.8991157
1.308881654	103.9025838
1.308881654	103.9025838
1.308881654	103.9025838
1.308885791	103.9006631
1.308887346	103.901739
1.308887346	103.901739
1.308891916	103.9073752
1.30890341	103.9065081
1.308903967	103.9002351
1.308907158	103.902326
1.308907158	103.902326
1.308907158	103.902326
1.308908398	103.9014084
1.308912206	103.9044394
1.30892141	103.8982188
1.308925622	103.9016934
1.308925819	103.8993787
1.30893009	103.9074216
1.308932636	103.906553
1.3089373	103.9017034
1.308938275	103.907003
1.308941984	103.9013674
1.308945446	103.9051177
1.308966826	103.8950417
1.308967127	103.9066041
1.308967159	103.9030934
1.308967177	103.9070483
1.308972373	103.8981941
1.308974261	103.9066658
1.308976575	103.9016748
1.308982512	103.9016773
1.308993737	103.9013225
1.308994072	103.9009004
1.308996191	103.904172
1.308997291	103.899835
1.308999545	103.9070975
1.309003267	103.8983401
1.309003422	103.9047098
1.309007547	103.9067162
1.309008711	103.8952438
1.309020055	103.8953042
1.30902172	103.8981727
1.309023555	103.9016401
1.309023943	103.8948714
1.309024044	103.9021116
1.309024553	103.8983882
1.309028131	103.907142
1.309035046	103.9047716
1.309041757	103.9012884
1.309042268	103.9041378
1.30904698	103.8984387
1.309049985	103.9030089
1.309049985	103.9030089
1.309049985	103.9030089
1.309049985	103.9030089
1.309049985	103.9030089
1.309049985	103.9030089
1.309049985	103.9030089
1.309052073	103.8954009
1.309054069	103.9061307
1.309058373	103.9053313
1.309058373	103.9053313
1.309058373	103.9053313
1.309058373	103.9053313
1.309058373	103.9053313
1.309058373	103.9053313
1.309058373	103.9053313
1.309058373	103.9053313
1.309058373	103.9053313
1.309058373	103.9053313
1.309058373	103.9053313
1.309058373	103.9053313
1.309058373	103.9053313
1.309058373	103.9053313
1.309058373	103.9053313
1.309058373	103.9053313
1.309058373	103.9053313
1.309058373	103.9053313
1.309058373	103.9053313
1.309058373	103.9053313
1.309058373	103.9053313
1.309058373	103.9053313
1.309058373	103.9053313
1.309060812	103.9071911
1.309062872	103.9028195
1.309063001	103.900442
1.309068508	103.8984878
1.309069501	103.8954988
1.309070544	103.9058646
1.309070544	103.9058646
1.309070544	103.9058646
1.309070544	103.9058646
1.309070544	103.9058646
1.309070544	103.9058646
1.309070544	103.9058646
1.309070544	103.9058646
1.309070544	103.9058646
1.309070544	103.9058646
1.309070544	103.9058646
1.309070544	103.9058646
1.309070544	103.9058646
1.309070544	103.9058646
1.309070544	103.9058646
1.309070544	103.9058646
1.309070544	103.9058646
1.309072859	103.9016102
1.309073149	103.8981496
1.309082201	103.9061756
1.309088726	103.9072357
1.309089946	103.8955552
1.309092214	103.9029746
1.309092214	103.9029746
1.309092214	103.9029746
1.309092214	103.9029746
1.309092214	103.9029746
1.309092214	103.9029746
1.309093386	103.9029756
1.309093401	103.904101
1.309096548	103.8956151
1.309098847	103.9028017
1.309104427	103.9020327
1.309106674	103.9015699
1.309111042	103.9062264
1.309112821	103.9054366
1.309116722	103.9004929
1.309121159	103.8981255
1.309121259	103.9072849
1.309126343	103.8957694
1.309134022	103.9049778
1.309134773	103.9027755
1.309138385	103.9040686
1.309141825	103.8949738
1.309142126	103.9062677
1.30914342	103.9011325
1.309147452	103.9020003
1.309149971	103.907329
1.3091513	103.9015355
1.309160282	103.9005498
1.309161587	103.8958589
1.309162311	103.9027472
1.309162311	103.9027472
1.309163654	103.8948155
1.309165067	103.8995665
1.309166293	103.8985929
1.309173796	103.8959701
1.309173797	103.8959701
1.309173797	103.8959701
1.309174411	103.9063175
1.309180321	103.8986588
1.309182125	103.9073786
1.309182758	103.9011786
1.30918346	103.8987876
1.309185941	103.902336
1.309185941	103.902336
1.309185941	103.902336
1.309186322	103.9023362
1.309187104	103.9033911
1.309187105	103.9033911
1.309187105	103.9033911
1.309187105	103.9033911
1.309189425	103.9040318
1.309193047	103.9019685
1.30919451	103.9063773
1.309194858	103.8983314
1.309195265	103.902723
1.309195697	103.8980158
1.309199002	103.9015163
1.309210829	103.9074227
1.309214206	103.8988558
1.309214965	103.8951154
1.309220715	103.9012257
1.309227152	103.9064266
1.309228423	103.9026982
1.309228423	103.9026982
1.309235038	103.9006476
1.309236352	103.9039989
1.309237267	103.8990353
1.309237269	103.8990353
1.309237658	103.9019365
1.309238832	103.9068222
1.309239509	103.9007374
1.309240127	103.8951931
1.309243075	103.9074723
1.309248844	103.907816
1.309250993	103.9012796
1.309256417	103.8954328
1.309257107	103.9014521
1.309264231	103.9064827
1.309264438	103.9022645
1.309272241	103.9068753
1.309273387	103.904264
1.309279915	103.8953155
1.309279915	103.8953155
1.309279915	103.8953155
1.309279915	103.8953155
1.309282453	103.9003626
1.309282453	103.9003626
1.30928339	103.9019056
1.309284536	103.8955304
1.309285743	103.9045789
1.309290017	103.9056798
1.309290018	103.9056798
1.309290018	103.9056798
1.309290018	103.9056798
1.309290018	103.9056798
1.309290018	103.9056798
1.309290018	103.9056798
1.309290018	103.9056798
1.309290018	103.9056798
1.309290018	103.9056798
1.309290018	103.9056798
1.309290018	103.9056798
1.309292684	103.9044818
1.30929366	103.9061159
1.309294898	103.9075006
1.309295099	103.9065307
1.309301057	103.9022385
1.309301926	103.9069305
1.309302483	103.9026357
1.309302483	103.9026357
1.309302483	103.9026357
1.309302483	103.9026357
1.309302483	103.9026357
1.309302483	103.9026357
1.309303254	103.9026343
1.309303795	103.9075658
1.309319041	103.9021137
1.309319041	103.9021137
1.309319041	103.9021137
1.309319207	103.9021138
1.309330487	103.9032991
1.309332435	103.9076089
1.309333818	103.9032973
1.309333818	103.9032973
1.309333818	103.9032973
1.309333818	103.9032973
1.309333818	103.9032973
1.309333818	103.9032973
1.309333818	103.9032973
1.309333818	103.9032973
1.309333818	103.9032973
1.309333818	103.9032973
1.309333818	103.9032973
1.309333818	103.9032973
1.309333818	103.9032973
1.309333818	103.9032973
1.309334124	103.9026107
1.309336613	103.9022129
1.309337377	103.9038742
1.309342817	103.9069777
1.309356163	103.9046036
1.309366855	103.9046893
1.309370292	103.9025855
1.309372224	103.9077055
1.309381449	103.9038436
1.309390374	103.9059592
1.309394033	103.9025513
1.309402881	103.9077533
1.309408737	103.9021621
1.309414583	103.9066217
1.309417828	103.9018254
1.309417828	103.9018254
1.30942352	103.9038129
1.309434028	103.9078014
1.309436182	103.9025366
1.309444401	103.9021359
1.309447506	103.9059171
1.309451967	103.9028838
1.309454364	103.9046953
1.309460532	103.9025018
1.309463672	103.9066634
1.309471413	103.9078441
1.30947166	103.9037833
1.309479119	103.9039962
1.309484772	103.9067205
1.30948495	103.9047406
1.309488974	103.9070593
1.309500595	103.9058891
1.309504669	103.902483
1.309504669	103.902483
1.309518181	103.9037566
1.309518987	103.9021377
1.309518987	103.9021377
1.309518987	103.9021377
1.309522224	103.9047887
1.309522754	103.9067705
1.309542541	103.9024554
1.309542541	103.9024554
1.309543111	103.9072054
1.309545071	103.9061928
1.309546858	103.9040126
1.309547447	103.9040816
1.309550022	103.9058443
1.309552984	103.9048343
1.309554935	103.9031681
1.309559857	103.906815
1.309562496	103.9054276
1.309563456	103.9021055
1.309563456	103.9021055
1.309563456	103.9021055
1.309569873	103.905488
1.309579013	103.9024289
1.309579013	103.9024289
1.309580288	103.9041255
1.309581059	103.9043993
1.309581059	103.9043993
1.309581059	103.9043993
1.309581059	103.9043993
1.309587136	103.9072682
1.309597282	103.9058071
1.309601149	103.9036632
1.309615784	103.9024017
1.309615784	103.9024017
1.309616964	103.902081
1.309616964	103.902081
1.309616964	103.902081
1.309626532	103.906186
1.309626567	103.9055171
1.309630443	103.9073791
1.309631531	103.9030563
1.30963659	103.9041545
1.309640773	103.9055694
1.309648441	103.9036261
1.309652595	103.9023751
1.309652595	103.9023751
1.309653179	103.9020414
1.309653179	103.9020414
1.30965318	103.9020414
1.309657566	103.9061152
1.309659436	103.9074249
1.309659525	103.9029562
1.309662054	103.9050239
1.309662117	103.9025033
1.309662597	103.9069
1.309677342	103.9069541
1.309683287	103.9056124
1.309688867	103.9023488
1.309691565	103.9074724
1.309692296	103.9019929
1.309692296	103.9019929
1.309692296	103.9019929
1.309697906	103.9050601
1.309703274	103.9046199
1.309710087	103.9069995
1.309717025	103.9035655
1.309717025	103.9035655
1.309717025	103.9035655
1.309717025	103.9035655
1.309725149	103.905098
1.309726808	103.9056494
1.309728627	103.9075128
1.30973115	103.9038624
1.30973277	103.9061043
1.309733443	103.9025921
1.309750225	103.9075628
1.309750609	103.9070349
1.30975077	103.9051467
1.309751903	103.9045911
1.309752201	103.9057111
1.309755028	103.9063018
1.309760861	103.9026266
1.309763402	103.9060368
1.30977355	103.9063583
1.309778431	103.9051851
1.309780813	103.9076112
1.30978164	103.9057545
1.309783775	103.9070813
1.30978439	103.9041849
1.309784848	103.9038286
1.309786425	103.9026611
1.30979096	103.9041909
1.309799228	103.9045634
1.309803568	103.9035361
1.309805701	103.9071424
1.309812343	103.9076579
1.309812896	103.9026946
1.309813392	103.9052364
1.309814035	103.9042244
1.309820034	103.904226
1.309820337	103.9063902
1.309839475	103.9072447
1.309840793	103.9037875
1.309842497	103.9027259
1.309847162	103.907761
1.309849404	103.9049756
1.309851187	103.9077753
1.309853787	103.906438
1.309854196	103.9034988
1.309854682	103.9052788
1.309855036	103.9042802
1.309855928	103.9067017
1.309861709	103.9042865
1.309869144	103.907289
1.309869505	103.9027608
1.309870971	103.902355
1.309871818	103.9031239
1.309873671	103.9043346
1.309873735	103.9043346
1.3098793	103.9037349
1.309886353	103.9053386
1.30988977	103.9049394
1.309894037	103.9059219
1.309895232	103.9027953
1.309901089	103.9073354
1.3099103	103.906668
1.309910356	103.9034588
1.30991405	103.9030892
1.309920852	103.9028295
1.3099252	103.9043765
1.309926078	103.9059679
1.309928206	103.9053804
1.309931171	103.9073813
1.309931783	103.9043827
1.30994331	103.904903
1.309946431	103.9066232
1.309946782	103.9030618
1.309947158	103.9028652
1.309947607	103.9037069
1.309955425	103.9044163
1.309960288	103.9034213
1.309961715	103.9044179
1.309968195	103.9074215
1.309968736	103.9024282
1.30996898	103.9060089
1.309971083	103.906419
1.309981888	103.9030362
1.309983032	103.9048717
1.309986241	103.9061377
1.309986787	103.9036557
1.30998997	103.9065915
1.309994111	103.9024617
1.30999622	103.9044728
1.309998745	103.9074696
1.310000097	103.9060556
1.31000291	103.904479
1.310005295	103.9077242
1.310016806	103.903382
1.310017532	103.9030095
1.310018871	103.902503
1.310028365	103.9061752
1.310028963	103.907518
1.31003308	103.9052308
1.310034504	103.9045145
1.310034504	103.9045145
1.310035529	103.9065588
1.310043396	103.9025359
1.310049974	103.9039624
1.310053061	103.9029833
1.310054026	103.9036268
1.310058299	103.9062212
1.310058902	103.9051739
1.310067999	103.9048117
1.310069645	103.9033482
1.310071447	103.907024
1.31007392	103.9025737
1.310078844	103.906527
1.310080188	103.9062731
1.310082228	103.9076743
1.310089588	103.9029569
1.310092866	103.9040088
1.31009396	103.9069292
1.310094397	103.9035773
1.310094956	103.9026096
1.310100931	103.9051366
1.31011563	103.9063152
1.310118834	103.9032734
1.310123026	103.9040639
1.310124777	103.9064955
1.310126016	103.9026465
1.31012871	103.904804
1.31013638	103.9056186
1.310149646	103.9076198
1.310150289	103.9026813
1.310152396	103.9068921
1.310157216	103.9029
1.310158916	103.9041047
1.310163402	103.905129
1.310163673	103.9035502
1.310169918	103.9056645
1.310172602	103.9072281
1.310193563	103.9068609
1.310193974	103.9028725
1.310194605	103.9032216
1.310199926	103.9043092
1.31020044	103.9050535
1.310204801	103.9054386
1.310204801	103.9054386
1.310205794	103.9063198
1.310206892	103.9035015
1.310213366	103.9071923
1.310216153	103.9046245
1.310224302	103.9033223
1.310229483	103.902847
1.310240084	103.9032087
1.310241247	103.9042793
1.310243824	103.9063647
1.310249241	103.9068195
1.310256123	103.9050133
1.310258998	103.904655
1.310263073	103.9071587
1.310266011	103.9028201
1.310268664	103.9057626
1.310269054	103.9039013
1.310277017	103.9064126
1.310277874	103.9031819
1.310277874	103.9031819
1.310281731	103.90758
1.310284249	103.9046937
1.310285181	103.9042461
1.310300865	103.9027938
1.310307152	103.9071302
1.310309316	103.9047356
1.310309775	103.9064612
1.310314895	103.9038684
1.310327912	103.9042152
1.31032836	103.9055843
1.310334032	103.9047691
1.310339557	103.9027529
1.310339735	103.906824
1.310346571	103.903508
1.310351603	103.9070978
1.310355683	103.9074495
1.310363199	103.9048108
1.310370045	103.9041813
1.310371058	103.903838
1.310385345	103.9055666
1.310388276	103.9048435
1.310397629	103.9070654
1.310402864	103.9041202
1.310404234	103.9066324
1.310410642	103.9030282
1.310412295	103.9059645
1.310417454	103.9048852
1.310419266	103.9038032
1.310423361	103.9055166
1.310437062	103.9052586
1.310438569	103.9066898
1.310441944	103.9049182
1.310443124	103.9030769
1.310444568	103.9074006
1.310453529	103.906018
1.310456888	103.9040814
1.310462544	103.9070318
1.310462698	103.9070319
1.310468987	103.9075867
1.310470169	103.9054823
1.310472099	103.9067352
1.310475311	103.9049759
1.310491817	103.9030942
1.310499026	103.9052374
1.310500837	103.9067811
1.310506625	103.9031661
1.310514336	103.907373
1.310521283	103.9075702
1.310524241	103.9068329
1.310527855	103.9040621
1.310539368	103.9033526
1.31054718	103.9032006
1.310551962	103.9050467
1.310556509	103.9068772
1.310557928	103.9043731
1.310563155	103.9059038
1.310568786	103.9054789
1.31057066	103.9032557
1.31057249	103.9073359
1.310573216	103.9044221
1.310575137	103.9075489
1.310581928	103.9050877
1.310582961	103.9040219
1.310597336	103.9069166
1.310603354	103.9044585
1.310608251	103.9058665
1.310610166	103.9054433
1.31061648	103.9051347
1.310624533	103.9075294
1.310630914	103.9045283
1.31063704	103.9039791
1.310637266	103.9060337
1.310637266	103.9060337
1.310637266	103.9060337
1.310637266	103.9060337
1.310637266	103.9060337
1.31063785	103.9069601
1.310645728	103.9060291
1.310646612	103.9051755
1.310654169	103.9054105
1.310659023	103.9058298
1.310673471	103.9045831
1.310678261	103.9075077
1.310681703	103.9039472
1.310697844	103.9046165
1.310698731	103.9053655
1.310705476	103.906124
1.310708505	103.9057985
1.310723966	103.9074949
1.31073164	103.9046568
1.310735878	103.9072469
1.310736214	103.9039101
1.310754379	103.9046913
1.310773658	103.9036025
1.310776849	103.9053548
1.310780576	103.9038761
1.310787175	103.9047322
1.310800806	103.9048429
1.310834064	103.9053019
1.310838684	103.9048953
1.310840356	103.906653
1.310842837	103.9067145
1.310845375	103.9075112
1.310845441	103.9074153
1.310849046	103.9042926
1.310852576	103.9044403
1.310852576	103.9044403
1.310852576	103.9044403
1.310863482	103.9071775
1.310869538	103.9036758
1.31088594	103.9049474
1.310887609	103.9042701
1.310888892	103.9058693
1.310888914	103.9058693
1.310888914	103.9058693
1.310889841	103.9073916
1.31090202	103.9067346
1.310902331	103.9037204
1.31091265	103.9050038
1.310914721	103.9042255
1.310915279	103.9071357
1.31094167	103.9037727
1.310944557	103.9041982
1.310949911	103.9067684
1.310967647	103.9062667
1.310972149	103.9038169
1.310988226	103.9057648
1.31098891	103.9051728
1.310997675	103.9073612
1.310999826	103.9041909
1.31101299	103.9070623
1.311031982	103.9041674
1.311032747	103.9066005
1.311050576	103.9073227
1.311056055	103.9041176
1.311060251	103.9051571
1.311067066	103.9070239
1.311072631	103.9065537
1.311079165	103.9044036
1.311086302	103.9048666
1.311093792	103.9050955
1.311100043	103.9072058
1.311127374	103.9065136
1.311133686	103.9039698
1.311133686	103.9039698
1.311138038	103.9044837
1.311165732	103.9069599
1.311171273	103.9057557
1.311180391	103.9071551
1.311184086	103.9057612
1.311185828	103.9040096
1.311187486	103.90647
1.311210487	103.9040438
1.311213999	103.9069264
1.311222749	103.9050292
1.311228358	103.9055089
1.31123966	103.9040816
1.311246574	103.9060156
1.311249018	103.9045354
1.311259685	103.9050791
1.311264484	103.9041124
1.311274121	103.9041603
1.311284722	103.9045846
1.311308485	103.9071588
1.311310785	103.9068944
1.311318135	103.9046312
1.311321999	103.9043484
1.311353914	103.9046802
1.31135711	103.906863
1.311358906	103.9071232
1.3113774	103.9057005
1.311378639	103.9056998
1.311378639	103.9056998
1.311378639	103.9056998
1.311378639	103.9056998
1.311378639	103.9056998
1.311378639	103.9056998
1.311378639	103.9056998
1.311378639	103.9056998
1.311378639	103.9056998
1.311378639	103.9056998
1.31140831	103.9062334
1.311416311	103.905338
1.311431491	103.9047824
1.311450581	103.9068536
1.311453988	103.9043866
1.311473369	103.9071257
1.311489045	103.9044341
1.311495259	103.9048703
1.311505234	103.9060357
1.311515602	103.9070971
1.311523036	103.9044817
1.311534513	103.906599
1.31156212	103.9045278
1.311569348	103.904685
1.311579914	103.9055537
1.311581999	103.9052634
1.311586628	103.9066342
1.311593157	103.9070598
1.311604876	103.9066982
1.311630047	103.9052136
1.311637984	103.9067426
1.31164342	103.90703
1.311652476	103.9047904
1.311674602	103.906797
1.311681721	103.9051656
1.311705444	103.9068401
1.311738349	103.9051294
1.311755396	103.9070422
1.311784986	103.9060349
1.311790249	103.9057462
1.311804733	103.907013
1.311834185	103.9064966
1.311836355	103.9048835
1.311836355	103.9048835
1.311836826	103.9069581
1.31183851	103.9054032
1.311877525	103.9064648
1.31188016	103.9049347
1.311880161	103.9049347
1.311893625	103.9069495
1.311906466	103.9049723
1.311906467	103.9049723
1.31192406	103.9064309
1.31193786	103.9055507
1.311940218	103.905017
1.311940218	103.905017
1.311963271	103.9064004
1.311967109	103.9050545
1.311988703	103.906242
1.311998376	103.9051002
1.311998376	103.9051002
1.311998376	103.9051002
1.312001265	103.906577
1.312028007	103.9051374
1.312028007	103.9051374
1.312035269	103.9066233
1.312046571	103.9056144
1.312051369	103.9058709
1.312067959	103.9066688
1.31209932	103.9067123
1.312111875	103.9057805
1.312134558	103.9067593
1.312161828	103.9068928
1.312163586	103.9057438
1.312175337	103.9053705
1.312230392	103.9063769
1.312230392	103.9063769
1.312230392	103.9063769
1.312230392	103.9063769
1.312230392	103.9063769
1.312230392	103.9063769
1.312230392	103.9063769
1.312230392	103.9063769
1.312230392	103.9063769
1.312230392	103.9063769
1.312230392	103.9063769
1.312230392	103.9063769
1.312230392	103.9063769
1.312230392	103.9063769
1.312230392	103.9063769
1.312230392	103.9063769
1.312230392	103.9063769
1.312230392	103.9063769
1.312230392	103.9063769
1.312230392	103.9063769
1.312230392	103.9063769
1.312294746	103.9068399
1.312311868	103.9056704
1.312342622	103.9068141
1.312397321	103.9056069
1.312428258	103.9067615
1.312429602	103.9060887
1.312466131	103.9067142
1.312510571	103.9066751
1.312639234	103.906563
1.312652227	103.9061895