1.317981852	103.9058533
1.317981852	103.9058533
1.317981852	103.9058533
1.317981852	103.9058533
1.317981852	103.9058533
1.317991523	103.9059592
1.318002558	103.9060271
1.318002558	103.9060271
1.318002558	103.9060271
1.318015272	103.9060979
1.318015272	103.9060979
1.318024717	103.9056383
1.318024717	103.9056383
1.318024717	103.9056383
1.318024717	103.9056383
1.318025176	103.906152
1.318025176	103.906152
1.318035511	103.9062147
1.318035511	103.9062147
1.318044604	103.9062684
1.318044604	103.9062684
1.318062391	103.9063279
1.318062391	103.9063279
1.318068794	103.9064313
1.318085854	103.9065424
1.318121845	103.9053753
1.318121845	103.9053753
1.318121845	103.9053753
1.318121845	103.9053753
1.318121845	103.9053753
1.318121845	103.9053753
1.318137633	103.9068213
1.318137633	103.9068213
1.318140545	103.90674
1.318140545	103.90674
1.318151585	103.9069018
1.318151586	103.9069018
1.31816743	103.90704
1.31816743	103.90704
1.318168299	103.9069731
1.318168299	103.9069731
1.318198859	103.9071172
1.31819886	103.9071172
1.318209835	103.9071822
1.318209836	103.9071822
1.318225223	103.9072586
1.318239267	103.9073281
1.318239267	103.9073281
1.318239267	103.9073281
1.318255252	103.9074745
1.318255253	103.9074745
1.318257168	103.9074084
1.318257168	103.9074084
1.318288957	103.9075524
1.318288957	103.9075524
1.318288957	103.9075524
1.318301752	103.9076184
1.318319909	103.9076829
1.31831991	103.9076829
1.318330336	103.9077388
1.318330336	103.9077388
1.318342887	103.9077931
1.318342888	103.9077931
1.31838571	103.9080391
1.318385711	103.9080391
1.318389106	103.9081136
1.318391095	103.9081719
1.318391095	103.9081719
1.318411532	103.9082322
1.318412589	103.9082904
1.318412589	103.9082904
1.318445861	103.9084158
1.318463907	103.9060768
1.318514437	103.9072899
1.318515235	103.9073505
1.318527299	103.9074091
1.318539014	103.9074703
1.318542738	103.9075296
1.318545835	103.9076507
1.318555979	103.9075894
1.318569877	103.9087636
1.318570403	103.9077094
1.318585686	103.9077636
1.318598533	103.9091813
1.318598533	103.9091813
1.318603882	103.9089744
1.318605699	103.9092344
1.3186057	103.9092344
1.318615926	103.9080026
1.318617231	103.9092923
1.318617231	103.9092923
1.318625528	103.9093396
1.318625528	103.9093396
1.318627077	103.908062
1.318635294	103.907033
1.318636825	103.9094035
1.318636826	103.9094035
1.318638303	103.9081217
1.318646497	103.9094527
1.318646498	103.9094527
1.318649553	103.9081815
1.318649807	103.9070263
1.318660807	103.9082414
1.318660916	103.9095191
1.318660916	103.9095191
1.318666773	103.9059845
1.318672039	103.9083011
1.318674695	103.9060436
1.318682415	103.9061017
1.318683274	103.9083608
1.318690302	103.9061597
1.318692888	103.9057495
1.318694313	103.9084194
1.31869837	103.9062178
1.318706351	103.9062755
1.318714138	103.9063331
1.318721982	103.9063912
1.318757645	103.909743
1.318757645	103.909743
1.318766106	103.9097864
1.318766106	103.9097864
1.318786251	103.908623
1.318792697	103.9092056
1.318793117	103.9098531
1.318793117	103.9098531
1.318793117	103.9098531
1.318793117	103.9098531
1.318793117	103.9098531
1.318807008	103.9088148
1.318841236	103.9094502
1.318844596	103.9072442
1.318849278	103.907305
1.318855504	103.9091932
1.318861497	103.9073633
1.318879327	103.9074835
1.31888605	103.9074204
1.318886542	103.907544
1.31889029	103.9088097
1.318894336	103.9076016
1.318895242	103.9094005
1.318898007	103.9100327
1.318898007	103.9100327
1.318898007	103.9100327
1.318898007	103.9100327
1.318898007	103.9100327
1.318898007	103.9100327
1.318898007	103.9100327
1.318898007	103.9100327
1.318898007	103.9100327
1.318898007	103.9100327
1.318898007	103.9100327
1.318898007	103.9100327
1.318898007	103.9100327
1.318898007	103.9100327
1.318898007	103.9100327
1.318898007	103.9100327
1.318898007	103.9100327
1.318898007	103.9100327
1.318898007	103.9100327
1.318898007	103.9100327
1.318904102	103.9076619
1.318916896	103.9103738
1.318916896	103.9103738
1.318918239	103.9091808
1.318930529	103.9077198
1.31893681	103.9062789
1.318939057	103.9104923
1.318939057	103.9104923
1.318947879	103.9103133
1.318947879	103.9103133
1.31895101	103.9105526
1.318951011	103.9105526
1.318965238	103.9094261
1.318971251	103.9104351
1.318971251	103.9104351
1.318973995	103.9079527
1.318974643	103.9086196
1.318985006	103.9080114
1.318989255	103.9091668
1.31898948	103.9055388
1.318996123	103.9080704
1.319007234	103.9081294
1.319007723	103.9106143
1.319007723	103.9106143
1.319011902	103.9110662
1.319011902	103.9110662
1.31901567	103.9114958
1.319018325	103.9081886
1.319019234	103.9111144
1.319019235	103.9111144
1.319024588	103.9114482
1.319026223	103.9094097
1.319029465	103.9082476
1.319029485	103.9086118
1.3190301	103.9111757
1.3190301	103.9111757
1.319034433	103.9108415
1.319034434	103.9108415
1.319034434	103.9108415
1.319034434	103.9108415
1.319035195	103.9097337
1.319036759	103.9088192
1.319036826	103.9116031
1.31903999	103.9112242
1.31903999	103.9112242
1.319040651	103.9083068
1.319047567	103.9115561
1.319050968	103.9112851
1.319050968	103.9112851
1.319051666	103.9083657
1.319060296	103.9113338
1.319060296	103.9113338
1.319070624	103.9091512
1.31907103	103.9067277
1.319088832	103.9094019
1.31909169	103.9086028
1.319116945	103.9097194
1.319128351	103.9072028
1.319131757	103.9072658
1.319132104	103.9088082
1.319144014	103.9073251
1.319146545	103.9120608
1.319146545	103.9120608
1.319146584	103.9085948
1.319149852	103.9093856
1.319150887	103.9075675
1.319151324	103.9073852
1.319151489	103.9121179
1.319152515	103.9074458
1.31916688	103.9075046
1.319172126	103.9122513
1.319172126	103.9122513
1.319177073	103.9121905
1.319177073	103.9121905
1.319180538	103.9076841
1.319187902	103.908056
1.319187909	103.908056
1.319190252	103.9087971
1.319203569	103.9123247
1.319203569	103.9123247
1.319204414	103.9076248
1.319209217	103.9093508
1.319214384	103.9123773
1.319214384	103.9123773
1.319217864	103.9091182
1.319220084	103.9105158
1.319223305	103.9107984
1.319225824	103.9114952
1.31922647	103.9124369
1.31922647	103.9124369
1.319240775	103.9111764
1.31924828	103.9096992
1.319274072	103.9093106
1.319288399	103.9086884
1.319298761	103.911492
1.319306478	103.9111961
1.319312048	103.9096877
1.319312533	103.9126549
1.319312533	103.9126549
1.319323511	103.9107802
1.319324115	103.9105107
1.319329363	103.9126091
1.319329363	103.9126091
1.319332836	103.9127621
1.319332836	103.9127621
1.319333721	103.9118724
1.319350635	103.9127166
1.319350635	103.9127166
1.319353235	103.9128699
1.319355991	103.9114835
1.319356328	103.9111568
1.319371877	103.9128241
1.319371877	103.9128241
1.319375752	103.910424
1.319384001	103.9118625
1.319388654	103.9080107
1.319389355	103.909098
1.319391126	103.9129319
1.319391126	103.9129319
1.319398666	103.9085655
1.319405154	103.9130767
1.319405154	103.9130767
1.319405154	103.9130767
1.319405154	103.9130767
1.319405154	103.9130767
1.319405154	103.9130767
1.319405154	103.9130767
1.319405154	103.9130767
1.319405154	103.9130767
1.319405154	103.9130767
1.319405456	103.9107644
1.319410601	103.9111524
1.319437788	103.9087629
1.31943817	103.9093034
1.31943883	103.9128734
1.319441924	103.9118524
1.319457197	103.9090862
1.319467257	103.9111564
1.319475978	103.9114327
1.319480348	103.9104781
1.319492696	103.9118421
1.319496204	103.9092889
1.319505015	103.9107464
1.319519041	103.9090766
1.319523788	103.9111472
1.319524436	103.911421
1.319553272	103.9099376
1.319558929	103.9092841
1.319574244	103.9111372
1.319579795	103.9125415
1.319579795	103.9125415
1.319580707	103.9114096
1.319598926	103.9126098
1.319598926	103.9126098
1.319604061	103.9118304
1.31960723	103.9126572
1.31960723	103.9126572
1.319617922	103.912711
1.319617922	103.912711
1.319622125	103.9122887
1.319629417	103.9096309
1.319630603	103.9113984
1.31963983	103.9129127
1.319639835	103.9129127
1.319640727	103.909115
1.319669402	103.910257
1.319669693	103.9102612
1.319681268	103.9107538
1.319684495	103.9096209
1.319692824	103.911802
1.319715053	103.9054385
1.319726713	103.9097844
1.319736703	103.909836
1.3197401	103.9107423
1.319744513	103.909609
1.319745286	103.9117912
1.319747397	103.9098921
1.319757279	103.911145
1.319758776	103.9099453
1.31976918	103.9090377
1.319780826	103.9092365
1.31979206	103.9107338
1.319800496	103.9095977
1.319802455	103.9113585
1.319813387	103.911135
1.319819398	103.9142157
1.319823377	103.9124931
1.319823377	103.9124931
1.319832155	103.9125637
1.319832155	103.9125637
1.319842236	103.9126107
1.319850788	103.9107228
1.319855203	103.9113532
1.319862078	103.9126661
1.319862078	103.9126661
1.319862078	103.9126661
1.319865296	103.9111264
1.319870725	103.9104867
1.319883836	103.9128625
1.319887177	103.9142065
1.319901295	103.9101776
1.319901977	103.9107138
1.319909797	103.9113473
1.319919711	103.9143362
1.319921192	103.914424
1.319924543	103.9111158
1.31993075	103.914481
1.31995517	103.9141988
1.31995634	103.911743
1.319959965	103.9145569
1.319961174	103.9107028
1.319963651	103.9113411
1.319967579	103.9146131
1.319975639	103.9111062
1.319998646	103.9121363
1.320018466	103.910704
1.320026103	103.9134873
1.320048091	103.9111039
1.320050057	103.9117799
1.320068724	103.9113142
1.320078023	103.9148324
1.320088339	103.9148827
1.32012366	103.9149949
1.320124482	103.9144954
1.320128799	103.9121277
1.320142455	103.9150529
1.320142543	103.9117169
1.320152571	103.9127271
1.320168446	103.9151935
1.32018366	103.9144877
1.320189672	103.9068659
1.320210907	103.9152387
1.320229664	103.9121085
1.320231279	103.9152916
1.32025164	103.9153445
1.32027144	103.9154695
1.320271583	103.9054827
1.320271999	103.9153974
1.32027487	103.905452
1.32027487	103.905452
1.320275353	103.9054483
1.32029581	103.9120958
1.32029601	103.9149207
1.320325148	103.907749
1.32032563	103.9089339
1.320337101	103.914462
1.320339792	103.9078174
1.320343032	103.9079525
1.320354815	103.9149148
1.320356178	103.9078873
1.320361028	103.9091242
1.320363976	103.905434
1.320368359	103.9080819
1.320370165	103.9080164
1.320372556	103.9126428
1.320373686	103.9081476
1.320381465	103.9155423
1.320385158	103.9084872
1.320388853	103.9089202
1.320395578	103.9082006
1.320402241	103.9060423
1.320417776	103.9054314
1.320424887	103.9091136
1.32044457	103.9089094
1.320448593	103.9155792
1.320455496	103.9060346
1.320463656	103.9148495
1.32047555	103.9054291
1.320477722	103.9080666
1.320480721	103.9091031
1.32048471	103.9144444
1.320489083	103.9077401
1.320497522	103.9156082
1.320502553	103.9160734
1.320504338	103.9088979
1.320505328	103.9078676
1.320513097	103.916088
1.320513399	103.9096415
1.320513399	103.9096415
1.320513399	103.9096415
1.320513952	103.9077952
1.320516135	103.908443
1.320519428	103.9148458
1.320528896	103.9079256
1.320533404	103.9057724
1.320534326	103.9079938
1.320538833	103.909448
1.320539187	103.9094448
1.320539187	103.9094448
1.320539187	103.9094448
1.320539825	103.9080571
1.320540683	103.9090916
1.320542169	103.9081252
1.320543036	103.9151083
1.320549134	103.9156388
1.320562851	103.9151638
1.320563108	103.9081796
1.320564249	103.9088877
1.320568119	103.9150399
1.32056913	103.9095453
1.320569131	103.9095453
1.320569131	103.9095453
1.320569131	103.9095453
1.320569131	103.9095453
1.320571688	103.9144327
1.320572416	103.9148391
1.320573489	103.906159
1.320577683	103.9096398
1.320577826	103.9084361
1.32058177	103.9162988
1.320582057	103.9152185
1.320589441	103.9097441
1.320589441	103.9097441
1.320589441	103.9097441
1.320597392	103.9141823
1.320597671	103.9152777
1.320598572	103.9097429
1.320600455	103.909079
1.320607488	103.9163613
1.32061534	103.9054578
1.32061535	103.9054578
1.320637598	103.9144245
1.320638294	103.9067021
1.320639579	103.90615
1.320648732	103.910032
1.320648736	103.910032
1.32065711	103.9164565
1.320658331	103.908871
1.320659345	103.905919
1.32066876	103.9059887
1.320670745	103.9153326
1.32068157	103.9083506
1.320682072	103.9064402
1.320683177	103.9165205
1.320684507	103.9068165
1.320690456	103.9065062
1.320693036	103.9147975
1.320697344	103.9085193
1.320697994	103.9102439
1.320703083	103.9160808
1.320706673	103.9090675
1.320707839	103.9166204
1.320714693	103.9066286
1.320716262	103.9141593
1.320718065	103.908858
1.3207282	103.9143993
1.320728561	103.9153462
1.320729717	103.9166818
1.320729838	103.9150043
1.320732737	103.9061418
1.320732789	103.9066891
1.320737269	103.9068636
1.320741995	103.9093735
1.320750218	103.9083415
1.320752383	103.9105968
1.320755364	103.9157315
1.320755872	103.9151698
1.320757769	103.9094374
1.320769924	103.9088479
1.320770428	103.9085105
1.320771601	103.9095109
1.320772178	103.9076821
1.320777246	103.9161856
1.320777544	103.914989
1.320778654	103.9167925
1.320780487	103.9147991
1.320781971	103.9143914
1.320784931	103.9095814
1.320791792	103.9103239
1.320793279	103.9141399
1.320796885	103.9061302
1.320796946	103.9151482
1.32079798	103.9168473
1.320798778	103.909655
1.320801671	103.9097298
1.320802039	103.915761
1.320820058	103.9105912
1.320822067	103.9072614
1.320827284	103.908837
1.32083254	103.9162589
1.320835704	103.9143865
1.320836744	103.9151233
1.320840756	103.9076903
1.320840845	103.909037
1.320843919	103.9169656
1.320847289	103.9149717
1.32084767	103.9077476
1.320850078	103.9157907
1.320850427	103.9170327
1.320853097	103.9155786
1.320860111	103.9083677
1.320862483	103.9078149
1.320869504	103.9079442
1.320875562	103.9078782
1.320876873	103.9150975
1.320878853	103.908827
1.320882021	103.910092
1.320886292	103.9080099
1.320892056	103.9081433
1.320896063	103.9080772
1.32089639	103.9156055
1.320898072	103.9158204
1.320898744	103.916358
1.320908742	103.9143912
1.320918219	103.9111385
1.320927902	103.9164156
1.320929911	103.9083589
1.320935654	103.9088156
1.320946063	103.91585
1.320950643	103.9150107
1.320953137	103.9156733
1.320953656	103.9165187
1.32096293	103.9090237
1.320963044	103.9107888
1.320967993	103.9167795
1.320973818	103.9165936
1.320979412	103.9055126
1.320980095	103.9055109
1.320980591	103.9098918
1.320981486	103.9111214
1.32099307	103.9088063
1.320993081	103.9174752
1.320993554	103.91589
1.321009717	103.9058395
1.321011539	103.9101413
1.321013335	103.9076542
1.321015042	103.9077957
1.321019579	103.9107833
1.321030519	103.9077256
1.321033398	103.9098818
1.3210341	103.9090106
1.321035541	103.9129522
1.321035541	103.9129522
1.321035541	103.9129522
1.321035541	103.9129522
1.321038249	103.9129494
1.32103941	103.9083502
1.321044364	103.9167588
1.321044532	103.9078558
1.321050417	103.9055133
1.321051205	103.9055123
1.32105755	103.907924
1.321064074	103.9092711
1.321065161	103.9079865
1.321068157	103.9080539
1.321069083	103.9101307
1.321072135	103.905834
1.321073716	103.9093222
1.32108094	103.9081107
1.321083474	103.9093756
1.321087504	103.9087895
1.32109039	103.9106124
1.321093364	103.909429
1.32110158	103.9110779
1.321103198	103.9094825
1.321111338	103.9083709
1.321116292	103.9098687
1.321119951	103.9101212
1.321123	103.9095894
1.321123696	103.910769
1.321124062	103.9095328
1.32112698	103.9055152
1.321127967	103.905514
1.321132836	103.9096427
1.321133872	103.9089924
1.321135371	103.9058306
1.321143279	103.9118083
1.321143481	103.9096998
1.321158873	103.9106017
1.321159729	103.9087758
1.321172986	103.9120521
1.321176819	103.9101903
1.32117761	103.9101107
1.321182201	103.9107581
1.321182272	103.9110536
1.321189129	103.9089821
1.321198151	103.9058253
1.321211596	103.908438
1.321219049	103.9061498
1.321219509	103.9062037
1.32122817	103.908233
1.321230327	103.910101
1.321239428	103.9083042
1.321253039	103.9063085
1.321255223	103.9123482
1.321257423	103.9066715
1.321261058	103.9063696
1.321261351	103.9058213
1.321261693	103.9087301
1.321263695	103.9106588
1.321268929	103.9059737
1.321273675	103.9060429
1.321273762	103.9064691
1.321278726	103.906538
1.321283573	103.9089258
1.321284824	103.9073006
1.321300287	103.9071569
1.321304246	103.9115446
1.321314592	103.9092518
1.321319307	103.9110216
1.321324614	103.905816
1.321325789	103.9093061
1.321327494	103.9076623
1.321332998	103.9100528
1.321337579	103.9093638
1.321342974	103.9077436
1.321348286	103.9094173
1.32135062	103.9107393
1.321353428	103.9087125
1.321357969	103.9078189
1.321360098	103.9094751
1.321370828	103.9095286
1.321373694	103.9069872
1.321379842	103.9110041
1.321382544	103.9095862
1.321384506	103.9140565
1.32138819	103.9100423
1.321393344	103.9096405
1.321397466	103.9058309
1.321406461	103.9073461
1.321411891	103.907291
1.321418026	103.9089284
1.321424897	103.9074554
1.32142811	103.911512
1.321429045	103.9075082
1.321432593	103.9106524
1.321432737	103.9109889
1.321437379	103.906815
1.321437379	103.906815
1.321444728	103.9068176
1.3214619	103.9178008
1.321464661	103.9076952
1.321469072	103.9086995
1.321472222	103.9140337
1.321473764	103.9188957
1.321477575	103.9098639
1.321477583	103.9098639
1.321477713	103.9081113
1.321490372	103.9089142
1.321491529	103.9184277
1.321493155	103.9143067
1.321497599	103.91097
1.321498146	103.9186114
1.321499591	103.9114885
1.321504106	103.910639
1.321509716	103.9181493
1.321510332	103.9059323
1.321514481	103.918684
1.321519715	103.9057901
1.321519726	103.9178491
1.321528593	103.9086884
1.321528779	103.9188039
1.321530237	103.9083228
1.32155519	103.9089019
1.321557976	103.9188703
1.321560005	103.9178972
1.321562454	103.9168955
1.321567597	103.9140379
1.32156797	103.9076856
1.321582959	103.9054963
1.321586441	103.9055079
1.321586441	103.9055079
1.321586441	103.9055079
1.321589361	103.9080701
1.321595814	103.9189845
1.321597184	103.9112893
1.321599917	103.905994
1.32160271	103.9179376
1.321609291	103.9062765
1.321611377	103.9074722
1.321611555	103.9061602
1.321615803	103.9063984
1.321617999	103.9061064
1.321619387	103.916888
1.32161963	103.9113418
1.321619725	103.9063367
1.321619941	103.9098369
1.321620998	103.9140266
1.321623041	103.9142954
1.321626219	103.9190493
1.32162872	103.9109463
1.321635042	103.9092787
1.321639095	103.9113941
1.321642896	103.917984
1.321643058	103.9055025
1.32164795	103.9083013
1.321654648	103.9080577
1.321655023	103.9068583
1.321658522	103.9114462
1.321664123	103.9065192
1.321666973	103.90889
1.321668604	103.9172572
1.321668798	103.9086729
1.321669017	103.9191707
1.321669043	103.906577
1.321669121	103.9070212
1.321672827	103.9094823
1.321673658	103.9066318
1.321675203	103.9105928
1.321676045	103.9071304
1.321677995	103.9114985
1.321678191	103.9066867
1.321680142	103.9071849
1.321680733	103.9070765
1.321682314	103.9076675
1.321682676	103.9192446
1.32168395	103.9058115
1.321684504	103.9072396
1.321686014	103.9180267
1.321686764	103.906741
1.321687277	103.9067968
1.321689023	103.9161447
1.321689512	103.9109329
1.321690793	103.9170093
1.32169554	103.9055712
1.321697484	103.9115508
1.321700308	103.907347
1.321703106	103.905756
1.32170327	103.9074575
1.321704091	103.9057072
1.321709711	103.9140117
1.321714124	103.9082869
1.321717412	103.9116067
1.321717753	103.9149168
1.321718025	103.9055099
1.321718266	103.9057577
1.321718266	103.9057577
1.321718266	103.9057577
1.321719964	103.9172362
1.321721033	103.9069544
1.321722988	103.9183515
1.321730657	103.9168878
1.321733441	103.9164853
1.321736869	103.9098076
1.321738716	103.9088768
1.321741677	103.9109179
1.321747053	103.9161335
1.321750307	103.9073996
1.321750799	103.9140052
1.321752598	103.9177
1.321752598	103.9177001
1.321754744	103.9072892
1.321756599	103.9146921
1.321762673	103.9193177
1.321772019	103.9181137
1.321775793	103.9172367
1.321776054	103.9082724
1.321777705	103.9122522
1.321778432	103.9142777
1.321784297	103.9080399
1.321791556	103.9169293
1.321791716	103.9118315
1.321792445	103.9164817
1.321796576	103.9086425
1.321800721	103.9177578
1.321806086	103.9161298
1.321807452	103.9193504
1.321809878	103.9077465
1.321813472	103.918155
1.32181518	103.9108874
1.321817579	103.9177468
1.321817579	103.9177468
1.321817697	103.9187697
1.321827039	103.9082541
1.321827344	103.9172075
1.321833435	103.9088527
1.321833565	103.9157203
1.321840115	103.9149064
1.321840143	103.9168746
1.321843269	103.9075468
1.321851756	103.9164773
1.321853909	103.9076014
1.321854167	103.9086314
1.321856929	103.9182003
1.321861995	103.9098794
1.321865886	103.9076617
1.321868707	103.9105369
1.321869739	103.9187321
1.321871372	103.9193606
1.321876403	103.9077155
1.321876968	103.917809
1.321876969	103.917809
1.321883989	103.9082553
1.321891883	103.9153232
1.32189398	103.9088443
1.321894069	103.9139949
1.321896029	103.9093527
1.321897493	103.9168888
1.321897704	103.9182417
1.321900291	103.9156493
1.321906904	103.9112709
1.32191221	103.916139
1.321914906	103.9080062
1.321915062	103.9098677
1.321923742	103.9178546
1.321923742	103.9178546
1.321934665	103.9108649
1.321934689	103.9182914
1.321935655	103.9189227
1.321936451	103.9105546
1.32193818	103.9172377
1.321938243	103.9082508
1.321951063	103.9113898
1.321952984	103.9164309
1.321954583	103.9142544
1.321955591	103.9169074
1.321965397	103.9079963
1.321969357	103.9098596
1.321975647	103.9139851
1.321977471	103.914899
1.321980143	103.9179133
1.321980143	103.9179133
1.321983024	103.9157011
1.321985533	103.9183264
1.321987117	103.9086064
1.321991231	103.9082178
1.32199191	103.9186757
1.321996576	103.9172222
1.322002067	103.9108428
1.322004376	103.9168539
1.322008642	103.9146658
1.322014392	103.9088205
1.322015658	103.9176223
1.322017992	103.91398
1.322018768	103.9193128
1.322019617	103.906217
1.322022428	103.910366
1.322023392	103.9062753
1.322024671	103.9161283
1.322026004	103.9179612
1.322026005	103.9179612
1.322036596	103.9154004
1.322038704	103.9085977
1.322042836	103.914243
1.322049518	103.9056086
1.322051241	103.9172048
1.32205593	103.918637
1.322056714	103.9059893
1.322067936	103.9113875
1.322068064	103.9192548
1.322068465	103.9139527
1.32206891	103.9058302
1.322071648	103.9168825
1.322074588	103.9060461
1.32207509	103.9088085
1.322076483	103.9059401
1.322077194	103.9180264
1.322077194	103.9180264
1.322078834	103.9148852
1.32208239	103.9176356
1.322082673	103.9061012
1.322082824	103.9156461
1.322083204	103.9063254
1.322085619	103.909855
1.32208812	103.9092039
1.322088609	103.9063765
1.322091728	103.9146296
1.322094612	103.9064326
1.322097671	103.9103533
1.322100207	103.9191012
1.322100213	103.9064836
1.322101281	103.9108196
1.322102611	103.9105924
1.322105165	103.9085875
1.322106228	103.9065397
1.322111633	103.9065908
1.322116522	103.9172186
1.322117126	103.9093815
1.322117824	103.906647
1.322118974	103.9139504
1.322125852	103.9067032
1.322130016	103.9161192
1.322134019	103.918072
1.322134019	103.918072
1.322134951	103.9068037
1.322143076	103.9068713
1.322143318	103.9153284
1.322145863	103.9164217
1.322156995	103.9087447
1.322158467	103.9069853
1.322161392	103.918852
1.322161715	103.9156364
1.322167199	103.9168427
1.322167284	103.9085765
1.322167347	103.9070751
1.322168873	103.9093726
1.322170207	103.9139451
1.32217339	103.9185717
1.322175241	103.9096803
1.322176299	103.9072008
1.322181135	103.9072568
1.322184764	103.9181347
1.322184764	103.9181347
1.322184764	103.9181347
1.322185092	103.9073117
1.322188378	103.9112367
1.322188623	103.9176274
1.32218906	103.9148595
1.322189853	103.9142299
1.322192001	103.9146306
1.322194671	103.910801
1.322209117	103.9075252
1.322210657	103.9172041
1.322219622	103.9139315
1.322222884	103.9074384
1.322225314	103.918196
1.322227533	103.9076493
1.322228169	103.9168532
1.32223304	103.9185405
1.322234852	103.9175301
1.322234994	103.9077066
1.322239303	103.9146104
1.322242478	103.9077638
1.322244023	103.9099373
1.322244654	103.9107866
1.322245324	103.9142231
1.322245829	103.9087879
1.322246875	103.9153196
1.322249148	103.9181929
1.322249148	103.9181929
1.32225721	103.9079799
1.322257611	103.9078954
1.322263986	103.909079
1.322265742	103.9080969
1.322266338	103.905706
1.322269557	103.9171758
1.322272802	103.9065414
1.32227393	103.9091334
1.322274703	103.9060147
1.322275996	103.9096618
1.322276874	103.9085262
1.322277193	103.9139501
1.322282648	103.9082003
1.322285367	103.9091943
1.322287478	103.9155967
1.322290207	103.9169117
1.322293177	103.9146013
1.322294002	103.9082546
1.322295859	103.9092499
1.322296711	103.9107716
1.32229807	103.9160787
1.322298114	103.914844
1.322304029	103.9099258
1.322304863	103.9176044
1.322307393	103.9093109
1.322313002	103.9087791
1.322314211	103.9170896
1.322316788	103.9068287
1.322317977	103.9057132
1.32231799	103.9093651
1.322322298	103.9186998
1.322323166	103.919182
1.32232411	103.9103766
1.322324603	103.9065332
1.322324725	103.9143049
1.322329016	103.9191111
1.322330074	103.9140099
1.322332266	103.9168121
1.322336984	103.9155909
1.322337424	103.9085151
1.322338236	103.9111948
1.322348552	103.9145912
1.322352989	103.9080828
1.322353157	103.9142092
1.322353628	103.906019
1.322360326	103.9189887
1.322361456	103.9138804
1.322362098	103.9152867
1.322362294	103.9176135
1.322372214	103.9057186
1.32237393	103.9187528
1.322378721	103.9189115
1.322380131	103.9087642
1.322382433	103.917172
1.322382604	103.9178084
1.322384737	103.9111793
1.322385854	103.9096893
1.322386013	103.9103502
1.322389885	103.9077058
1.322393583	103.9168541
1.322394047	103.9155816
1.322401425	103.9073582
1.322403883	103.9138785
1.322407467	103.9142017
1.322407961	103.9145834
1.322408835	103.9106551
1.322412261	103.9164126
1.32241783	103.9175878
1.322422096	103.9057243
1.322426321	103.9099058
1.322430722	103.9171654
1.322433418	103.9111609
1.322438807	103.9096795
1.322441575	103.9167982
1.322442492	103.9064917
1.322443367	103.9147601
1.322443491	103.9103264
1.322445226	103.9087422
1.322448267	103.9076978
1.322451032	103.9148195
1.322451497	103.9081264
1.322455737	103.9160715
1.322456949	103.9068173
1.322458634	103.9148773
1.32246544	103.9106343
1.322465937	103.9085038
1.32246621	103.9149364
1.322470338	103.9073482
1.322473135	103.9163896
1.322475745	103.9183536
1.32247592	103.9175883
1.322479319	103.9098956
1.322481134	103.9144816
1.322489977	103.9060065
1.322491744	103.9171567
1.322496044	103.9167909
1.322496724	103.9096687
1.322513121	103.9155837
1.322513582	103.9081145
1.322514422	103.9087226
1.322515272	103.9106152
1.322518078	103.9183965
1.322518378	103.9152714
1.322526528	103.9163834
1.322530955	103.9057139
1.322531966	103.9175821
1.322533595	103.9178726
1.32253549	103.9171498
1.322537248	103.909885
1.322544981	103.9059911
1.322547567	103.9184519
1.322549711	103.9096588
1.322552162	103.9167841
1.322552483	103.9063503
1.32255348	103.9102866
1.322559365	103.9076714
1.322563484	103.9110849
1.322572816	103.9160634
1.322573877	103.9090006
1.322582506	103.9163776
1.32258877	103.9057124
1.322589866	103.906797
1.322590112	103.909875
1.322599359	103.9090833
1.322600227	103.9175718
1.322603195	103.9184822
1.322603628	103.9080972
1.322609212	103.9084623
1.322610652	103.9139117
1.322611981	103.9208764
1.322612042	103.9110682
1.322614767	103.9091663
1.322616029	103.9209659
1.32261808	103.9155278
1.322619368	103.9105733
1.322625926	103.9063368
1.322627634	103.9073057
1.322628923	103.9092425
1.322629653	103.9178428
1.322636638	103.9163771
1.322644302	103.9093253
1.322646172	103.9185248
1.322651972	103.9141651
1.322652178	103.9059257
1.322653692	103.9086965
1.322658408	103.9094015
1.322660117	103.9159494
1.322663578	103.9110462
1.322663768	103.9057231
1.322665224	103.9183114
1.322665347	103.9080853
1.322665354	103.9105546
1.322665508	103.9139044
1.322671504	103.9084548
1.32267267	103.9102344
1.322673376	103.9199956
1.322675356	103.916083
1.322678657	103.9064874
1.322680486	103.9168331
1.322684576	103.9185708
1.32269427	103.9076425
1.322697728	103.9162791
1.322704987	103.9063207
1.322710506	103.9059149
1.322711589	103.9086853
1.322718794	103.9138973
1.322723922	103.9170843
1.322727554	103.9102247
1.322727733	103.9065889
1.322731616	103.9186111
1.322732206	103.9084406
1.322734431	103.9170382
1.322738867	103.9183383
1.322739675	103.9171388
1.322745355	103.9172445
1.322745885	103.9071951
1.322749677	103.9171897
1.322752444	103.9091174
1.322757982	103.9067048
1.322762091	103.910149
1.322764961	103.9146006
1.32276564	103.9141768
1.322766241	103.9174643
1.322766617	103.9110165
1.322767163	103.918778
1.322767837	103.9080638
1.322771152	103.9144976
1.322773849	103.9093602
1.322775147	103.9098116
1.322775239	103.9138898
1.322775809	103.9063061
1.322776053	103.9105282
1.32277767	103.9086741
1.322785331	103.911863
1.322785339	103.911863
1.322788577	103.9084309
1.322791791	103.9102091
1.322792473	103.91683
1.322792805	103.9175952
1.322794208	103.9068894
1.322796588	103.9068246
1.322797129	103.9175284
1.322799131	103.9176589
1.32280858	103.907184
1.322809005	103.9187098
1.322811145	103.9147992
1.322812081	103.9109725
1.322824022	103.917913
1.322827066	103.9105092
1.322828365	103.9138827
1.322831758	103.9086633
1.322833748	103.9150947
1.322835914	103.9177832
1.32284427	103.9178465
1.322848384	103.9152079
1.322855246	103.9152603
1.322858069	103.9141002
1.322859876	103.9187495
1.322861195	103.9102011
1.322862749	103.9153175
1.322869911	103.9179746
1.322870999	103.9074822
1.322871652	103.9109524
1.322877778	103.9180371
1.322881459	103.9071697
1.322885794	103.9091791
1.322887644	103.9182368
1.322891255	103.9084013
1.322891722	103.9177116
1.32289993	103.9183019
1.322900456	103.9080249
1.322901844	103.9187924
1.322905752	103.9183659
1.322908687	103.9077496
1.322912668	103.9145234
1.322914145	103.9151408
1.322914808	103.9076113
1.322915463	103.9184268
1.322924688	103.9184903
1.322928452	103.9096139
1.322929635	103.9104653
1.322931568	103.907303
1.32293947	103.9083923
1.322940814	103.9091681
1.322941245	103.9073598
1.322943925	103.9188359
1.32294415	103.9071569
1.322948496	103.9085983
1.322950012	103.9185466
1.322951034	103.9158845
1.322956869	103.9159338
1.322957011	103.9163153
1.322959798	103.9079434
1.322960827	103.9080152
1.322963414	103.9159914
1.322966278	103.9058369
1.322969855	103.9141148
1.322971325	103.9160423
1.322972324	103.916104
1.322973099	103.9112281
1.322978202	103.9221246
1.322978433	103.9109111
1.322982606	103.9145203
1.322982635	103.9095258
1.322983576	103.9188823
1.322984051	103.9104465
1.322984109	103.9148291
1.322985386	103.9101574
1.322991656	103.918638
1.322992439	103.9151998
1.322998882	103.9091383
1.323018976	103.9163081
1.323022671	103.9190215
1.323025221	103.9189262
1.323027232	103.9108915
1.323031933	103.9080019
1.323034297	103.9154424
1.323034298	103.9154424
1.323038007	103.9083705
1.323040205	103.9101411
1.323040233	103.9145124
1.323042447	103.9166708
1.323050336	103.9167354
1.323055567	103.9152018
1.323057422	103.9091449
1.323058807	103.9210085
1.323059563	103.9168049
1.323069082	103.9168783
1.32307946	103.9140908
1.323080158	103.9108661
1.323080625	103.9086165
1.323082397	103.916996
1.323090537	103.9083599
1.323091608	103.9170608
1.323095016	103.9079883
1.323098562	103.9096039
1.323099845	103.9171353
1.323104092	103.9101236
1.323106915	103.9147466
1.323107689	103.9066329
1.323108217	103.9171985
1.323110505	103.917581
1.323111514	103.9152105
1.323113858	103.9102953
1.323116929	103.9145046
1.323125787	103.9179279
1.323128285	103.9060661
1.323134861	103.9120457
1.323136661	103.906232
1.323138203	103.9159826
1.323138633	103.9061757
1.32313907	103.916257
1.32313931	103.9086055
1.323141864	103.9103424
1.323143618	103.9065443
1.323147446	103.9062873
1.323150359	103.9064082
1.323150876	103.9089384
1.323153257	103.9095936
1.323154021	103.906484
1.323155201	103.9126986
1.323159298	103.92098
1.323159298	103.92098
1.323162556	103.9175742
1.323162983	103.9103968
1.323165025	103.906782
1.323169039	103.9066736
1.323169121	103.9090474
1.323180354	103.9104474
1.323181919	103.9179153
1.32318575	103.9091316
1.323194088	103.9108157
1.32319684	103.9134364
1.323197407	103.9159554
1.323201125	103.910504
1.323201184	103.9092158
1.323204036	103.9167751
1.323206842	103.9071051
1.323210615	103.908337
1.32321711	103.9092991
1.323218061	103.9147397
1.323221051	103.9151757
1.323236461	103.9144738
1.323242509	103.9084804
1.32324317	103.9179264
1.32324348	103.9085737
1.323253462	103.9162711
1.323253591	103.918257
1.323254539	103.9181899
1.323256842	103.9154699
1.323257282	103.9159657
1.323258045	103.9170534
1.323259878	103.9107848
1.323265119	103.9084763
1.323266925	103.9095866
1.323284262	103.9071021
1.323285348	103.91832
1.323286671	103.9183847
1.323286797	103.9184513
1.323288592	103.9175541
1.323289599	103.9241496
1.323289831	103.9093021
1.323289834	103.9178607
1.323290228	103.9241518
1.323290228	103.9241518
1.323290228	103.9241518
1.323290617	103.9134246
1.323293074	103.9083307
1.323295321	103.9185822
1.323297596	103.9089102
1.32329778	103.9085642
1.323303246	103.9186432
1.323306741	103.9185141
1.323308895	103.906699
1.323311612	103.9236205
1.323311826	103.9167392
1.323312425	103.9159404
1.32331761	103.9146596
1.323320131	103.9090183
1.323320356	103.9084661
1.32332776	103.9187058
1.32333007	103.9095748
1.323331172	103.9151912
1.323334568	103.9107483
1.323334795	103.9187688
1.323335173	103.9091028
1.323335637	103.9170435
1.323344856	103.9132693
1.323351302	103.9091869
1.323351682	103.9144667
1.323353035	103.9085537
1.323353878	103.9178931
1.323359277	103.9162642
1.323364241	103.9071016
1.32336642	103.9154563
1.323366689	103.9092703
1.323368161	103.9167325
1.32337443	103.9159686
1.323374947	103.906699
1.323388186	103.9246665
1.323398952	103.9073028
1.323399146	103.9057779
1.323400769	103.9178834
1.32340235	103.914459
1.32340585	103.9100234
1.323414965	103.916257
1.323421	103.9167256
1.323423059	103.915926
1.323425093	103.9175052
1.323426976	103.9064952
1.323428313	103.9082957
1.323428436	103.9074311
1.323430358	103.9132481
1.323431178	103.9065521
1.323433798	103.914703
1.323434084	103.9139107
1.323441127	103.9151602
1.323441439	103.9074804
1.323442024	103.9100799
1.323443359	103.9063903
1.323444665	103.9060638
1.323447171	103.907534
1.323448176	103.9067064
1.323450787	103.9063315
1.323451266	103.9190355
1.323451311	103.9134314
1.323451841	103.9119049
1.323456621	103.9093804
1.323456641	103.9182645
1.323456653	103.9170086
1.323456658	103.9091089
1.323457642	103.9075868
1.323458195	103.9144516
1.323459637	103.9178638
1.323464636	103.9076405
1.323465006	103.9101315
1.323465186	103.9062308
1.323465657	103.9076886
1.323465744	103.9057837
1.323467486	103.9094422
1.323468363	103.9059994
1.323469231	103.9162504
1.323472777	103.9061662
1.32347497	103.915428
1.323476912	103.9167184
1.32347722	103.908529
1.323481688	103.9070765
1.323483348	103.9139075
1.323488642	103.90792
1.323489065	103.9114078
1.323489273	103.9147025
1.323489409	103.9132427
1.32349609	103.9102373
1.323497784	103.910177
1.323502621	103.9094995
1.323503455	103.9079792
1.323503552	103.9174996
1.323510584	103.9134252
1.323511146	103.9095505
1.323512283	103.9170022
1.323512932	103.9082771
1.32351369	103.9090916
1.323514118	103.9102851
1.32351655	103.9178377
1.323520877	103.9067035
1.323521958	103.9096055
1.323523682	103.9162434
1.323524104	103.9182555
1.323526599	103.9154203
1.323529841	103.9139014
1.323530828	103.9078015
1.323531951	103.9167111
1.323534295	103.9103381
1.323537708	103.9070724
1.323541826	103.9097115
1.32354578	103.9103899
1.323549707	103.9151506
1.323550114	103.9085155
1.323551458	103.9097627
1.323551482	103.9159317
1.323553028	103.9096521
1.323556412	103.914778
1.323560603	103.9140433
1.323565028	103.9058521
1.3235686	103.9178305
1.32356867	103.9169949
1.323574876	103.91847
1.323576981	103.9138948
1.323577283	103.910439
1.323577575	103.9162365
1.323584805	103.9189817
1.323586068	103.9182399
1.323594593	103.9132299
1.323605908	103.9104831
1.323618077	103.9134129
1.323621798	103.916988
1.323632147	103.9138706
1.32363445	103.908906
1.323635368	103.9105849
1.323637683	103.9159211
1.32364053	103.9167035
1.323641338	103.9058595
1.323643066	103.9154476
1.323644828	103.9186841
1.323647351	103.9189968
1.323648294	103.9070776
1.323649263	103.9182337
1.323651725	103.922103
1.32365245	103.9140411
1.323653452	103.9108536
1.323653516	103.9127955
1.323653687	103.9139364
1.323655545	103.9132229
1.323656933	103.9146678
1.323660322	103.9082612
1.323660589	103.9151234
1.323663956	103.9174285
1.323664834	103.9116192
1.323675695	103.9237009
1.32367649	103.9085055
1.323677169	103.9178182
1.323677629	103.9099817
1.323678284	103.9169815
1.323678347	103.9134049
1.323687279	103.9162174
1.323696987	103.9175793
1.323698333	103.908904
1.323700479	103.9234972
1.323701951	103.9198174
1.323702495	103.9154242
1.323704078	103.9128298
1.323704792	103.9070676
1.323711726	103.9100417
1.323713312	103.9151192
1.323714589	103.9182315
1.323717284	103.9250011
1.323717291	103.9250011
1.323730305	103.913268
1.323731059	103.9077774
1.323731141	103.9169737
1.323731557	103.9174223
1.323735852	103.9100912
1.323736396	103.913896
1.323737279	103.9084948
1.323744088	103.9189488
1.323747156	103.9091351
1.323751172	103.910144
1.323751595	103.9166852
1.323752403	103.908894
1.323755557	103.9159078
1.323762901	103.9241556
1.323763704	103.9151139
1.323773737	103.9066946
1.323776556	103.9177927
1.323779334	103.9101928
1.323783477	103.9128779
1.323787072	103.9169642
1.32378876	103.9079035
1.323790621	103.9102461
1.323792539	103.9077738
1.323793338	103.9072922
1.323793461	103.9232668
1.32379807	103.907405
1.323798348	103.916203
1.323801082	103.9073476
1.32380138	103.9075068
1.323804365	103.9154186
1.323806003	103.9166825
1.323809503	103.9065971
1.323810298	103.910297
1.323812778	103.9070706
1.323812846	103.9159011
1.32381302	103.9088933
1.323816598	103.9182139
1.323818045	103.9138202
1.323818552	103.9075715
1.323828694	103.9129099
1.323830223	103.9103483
1.323830929	103.9132822
1.323835583	103.9189292
1.32383751	103.9186163
1.32383943	103.9094374
1.323841926	103.9093098
1.323843035	103.9140155
1.323845614	103.9174503
1.32384846	103.9094881
1.32384995	103.9103997
1.323853373	103.9140842
1.323853876	103.9093708
1.32385734	103.9166716
1.323860042	103.9095433
1.323864861	103.9143249
1.323865716	103.9185673
1.323868257	103.9082079
1.323870024	103.9158946
1.323872061	103.9095934
1.323872645	103.9070759
1.323876864	103.9129406
1.323878365	103.910715
1.3238787	103.9104642
1.323880774	103.9096491
1.323884822	103.9097058
1.323885009	103.915002
1.323885531	103.9181704
1.323888771	103.9073352
1.323889357	103.9127576
1.323890575	103.9177782
1.32389423	103.9169524
1.323894406	103.9185169
1.323902781	103.9161736
1.323908832	103.9150694
1.323909888	103.9153949
1.32391066	103.9084391
1.32391084	103.9077376
1.323911776	103.9209154
1.323916319	103.9151273
1.323917684	103.9127161
1.323920375	103.9129686
1.323921037	103.9184713
1.323921469	103.9062223
1.323923765	103.9151849
1.323926817	103.9064472
1.323927098	103.9081978
1.323927748	103.9061115
1.323931012	103.9133213
1.323932871	103.9060576
1.323938038	103.9063891
1.323941575	103.9144806
1.323948429	103.9126679
1.32394975	103.9184208
1.323964569	103.9084376
1.323966527	103.906286
1.323972795	103.9166726
1.32397401	103.9174527
1.323975961	103.9183747
1.323976876	103.9106896
1.323977026	103.9126258
1.32397919	103.9070518
1.323985818	103.9065986
1.323990566	103.9081875
1.323992758	103.9158674
1.323993004	103.9177816
1.323994303	103.9087537
1.323994965	103.9065251
1.324000623	103.9133576
1.324002913	103.9169903
1.32400486	103.9183248
1.324005417	103.9059002
1.32400767	103.9189315
1.324007954	103.9125778
1.324009118	103.9258481
1.324018007	103.9153753
1.324019667	103.9161959
1.324021325	103.9084287
1.324022934	103.9174483
1.324030656	103.9182785
1.324032904	103.9061222
1.324041294	103.9070528
1.324046294	103.9081772
1.32405228	103.9125454
1.324053766	103.9177753
1.324058778	103.9113038
1.324058933	103.9087404
1.324059466	103.9182283
1.32406382	103.9239529
1.324067398	103.9124875
1.324069735	103.905908
1.324072669	103.9084236
1.324073715	103.9166398
1.324074767	103.9130795
1.324076763	103.9098994
1.324077059	103.9099774
1.32407797	103.9159859
1.32407996	103.908789
1.324082283	103.9081684
1.324085787	103.9181824
1.324094351	103.9124444
1.324097028	103.9189304
1.324097206	103.9132242
1.324098533	103.9133026
1.32409866	103.9089624
1.324099187	103.9100365
1.32410422	103.9130364
1.324109573	103.9225791
1.324111934	103.9177893
1.324114521	103.9181322
1.324115457	103.9100979
1.324122486	103.9161366
1.32413189	103.9084041
1.324133639	103.9234998
1.324139916	103.9239697
1.324140171	103.9059169
1.324142053	103.9101552
1.324145595	103.9088922
1.324146196	103.9069949
1.324158196	103.9180894
1.324160197	103.9081604
1.324162235	103.9239893
1.324163101	103.9168442
1.324164871	103.9177925
1.324166638	103.9073344
1.32416822	103.9102123
1.32416997	103.9264052
1.324171105	103.9169006
1.324174536	103.9173654
1.32417531	103.9165422
1.324178113	103.9169561
1.324183201	103.9095902
1.324186374	103.917014
1.324188574	103.9083991
1.324190416	103.9102916
1.324191326	103.9090647
1.324192178	103.9170676
1.324195066	103.9166889
1.324196713	103.909126
1.324199754	103.9137913
1.324201403	103.9248789
1.324202674	103.9075184
1.324208218	103.906992
1.324212869	103.9129732
1.324215081	103.91386
1.324216361	103.9081509
1.324218237	103.9076946
1.324221605	103.9187641
1.324222579	103.9178002
1.324223036	103.9059435
1.324225073	103.9220219
1.324227721	103.909236
1.324231778	103.9140034
1.324231806	103.9062345
1.32423551	103.9152466
1.324236092	103.9173876
1.324236781	103.9124061
1.324237364	103.9140834
1.324239946	103.9092926
1.324243108	103.912928
1.324244464	103.9083904
1.324248753	103.9095796
1.324251185	103.909357
1.3242525	103.9065475
1.324258866	103.9094144
1.324262168	103.9187217
1.324263093	103.9143015
1.324265736	103.9153338
1.324268449	103.9142256
1.324268457	103.9128117
1.324268947	103.9186601
1.324275091	103.9154061
1.324279671	103.9081399
1.324281881	103.912359
1.324281946	103.9076686
1.324284084	103.9144391
1.324288905	103.9174177
1.324290383	103.9154794
1.324291518	103.9242865
1.324298267	103.9178154
1.324301086	103.9176798
1.32430365	103.9145264
1.324305205	103.9072676
1.324306049	103.9216254
1.324306982	103.9186214
1.32430868	103.9127703
1.324312581	103.9083771
1.324315068	103.9073211
1.324318553	103.9146651
1.324319089	103.9150276
1.324320519	103.9065317
1.324323396	103.9095617
1.324326561	103.9147325
1.324334589	103.9176256
1.324337819	103.9074304
1.324337865	103.9081297
1.324343304	103.9122792
1.324343457	103.9120757
1.324344485	103.9185678
1.324345056	103.9156846
1.324348388	103.9074833
1.32435117	103.9157409
1.324359456	103.915803
1.324360415	103.9126817
1.324366217	103.9158569
1.324369438	103.9161395
1.324370786	103.9122209
1.3243723	103.91203
1.324375108	103.9159207
1.324381608	103.9083665
1.32438243	103.9069666
1.324384651	103.9150361
1.324388283	103.9184811
1.324395961	103.9126258
1.32440051	103.9154063
1.324400935	103.9119852
1.324404361	103.9095487
1.324408661	103.9076473
1.324420057	103.9137554
1.324420429	103.9184234
1.324426585	103.9175446
1.324428082	103.9065152
1.324430247	103.9138453
1.324431999	103.9119388
1.324434686	103.9160182
1.324434918	103.9125318
1.324444743	103.9139792
1.324446433	103.9150756
1.324448174	103.9133659
1.324450281	103.9166461
1.324459004	103.9174929
1.32445903	103.9160676
1.324461074	103.9118949
1.324462261	103.9140512
1.324467497	103.9183307
1.324469295	103.9061287
1.32446946	103.9141868
1.324476863	103.9081153
1.324480642	103.9076567
1.324482663	103.9065075
1.324483	103.9063211
1.324488747	103.9062655
1.324489938	103.9154402
1.324490368	103.9142774
1.324491142	103.9174299
1.324494712	103.9069463
1.324496601	103.9182823
1.324502219	103.9083501
1.324503104	103.9161722
1.324504993	103.9086647
1.324509903	103.9157969
1.3245118	103.9144143
1.324514537	103.914484
1.3245164	103.9087316
1.324519354	103.9169943
1.324520051	103.9162237
1.324521136	103.9074572
1.324522472	103.9118002
1.324528436	103.9173681
1.324529217	103.9169164
1.324534958	103.914634
1.324539821	103.9267117
1.324541085	103.9212383
1.324541085	103.9147159
1.324547414	103.9124042
1.324547857	103.9059652
1.324548785	103.9069508
1.324553086	103.9168588
1.324556135	103.9165416
1.324556307	103.9117548
1.324557681	103.9125355
1.324558738	103.9181604
1.32456371	103.910131
1.324563792	103.9132152
1.324563897	103.9083424
1.324576746	103.9123587
1.324580762	103.9106975
1.324587911	103.9149676
1.324588733	103.9150394
1.324597045	103.9072303
1.32459718	103.9167892
1.324601312	103.9249602
1.324604393	103.9114301
1.324606523	103.9116596
1.32460725	103.9072795
1.324617092	103.9157761
1.324617753	103.9151973
1.324618947	103.9165241
1.324622658	103.9077294
1.324623837	103.9065065
1.324624314	103.9083327
1.324627078	103.9180512
1.324630264	103.9171749
1.324637782	103.9073801
1.32463949	103.9116142
1.324647761	103.9074292
1.324651371	103.9086769
1.324651622	103.9075358
1.324653472	103.908822
1.324655932	103.9122799
1.324656173	103.9171253
1.324657898	103.9080869
1.324663223	103.9179897
1.324664108	103.9088804
1.324664909	103.9076027
1.324671359	103.9068124
1.324671391	103.9160734
1.324678869	103.9114311
1.324679677	103.9083179
1.324683293	103.9170774
1.324685724	103.9068839
1.324686707	103.9122328
1.324687901	103.9093924
1.324690662	103.9089936
1.324693038	103.9191071
1.324696413	103.9069584
1.324700955	103.9090524
1.324701017	103.9077166
1.324701114	103.923852
1.324701114	103.923852
1.324701114	103.923852
1.324705494	103.9070302
1.324706411	103.9131413
1.324709383	103.9170317
1.324723503	103.9095376
1.324724131	103.9086664
1.324731717	103.915772
1.324732149	103.9091623
1.324733546	103.9114487
1.324734621	103.916474
1.324736821	103.9129181
1.324739517	103.9083154
1.324740137	103.9169863
1.324749345	103.9092254
1.324750282	103.9178925
1.324755752	103.9160676
1.324760336	103.9131351
1.324760401	103.9243702
1.324782398	103.909334
1.324784162	103.9176887
1.324784858	103.9121012
1.324789169	103.9169022
1.324789668	103.9114537
1.324790365	103.9077009
1.324790456	103.9093885
1.324791189	103.9137196
1.324799195	103.9164514
1.324800686	103.9128873
1.324803702	103.9137897
1.324811635	103.9119487
1.32481189	103.9225337
1.32481521	103.9121862
1.324815811	103.9140129
1.32481986	103.9262581
1.324821941	103.9139328
1.324830633	103.9168563
1.324842075	103.9086489
1.324847406	103.9079394
1.324849288	103.9114431
1.324850547	103.9061248
1.324853349	103.9128619
1.324854096	103.926038
1.324868851	103.9076862
1.324869797	103.9118922
1.32487078	103.9167274
1.324871223	103.9131495
1.324875243	103.9160554
1.324880774	103.9176223
1.324883703	103.9095112
1.324886322	103.9241321
1.324886744	103.9079871
1.324889163	103.9202467
1.324889166	103.9202467
1.324893799	103.9080372
1.324894281	103.9128191
1.324898597	103.916422
1.324913523	103.9175706
1.324916824	103.9080847
1.324923062	103.9086369
1.324925519	103.91659
1.324928006	103.9081341
1.324930291	103.9131494
1.324930641	103.9127832
1.324932034	103.9160598
1.324938559	103.908235
1.324939394	103.9081835
1.324943265	103.9148306
1.324949515	103.9082848
1.324954425	103.91148
1.324954599	103.9101751
1.324961041	103.9083345
1.324965818	103.9148972
1.324967157	103.9174472
1.324967905	103.9083933
1.324968899	103.9127399
1.324970386	103.9087691
1.324972728	103.9150484
1.3249793	103.9126208
1.324980249	103.9062129
1.324981609	103.9061613
1.324982009	103.9160535
1.324985992	103.9088344
1.324986163	103.9165494
1.324986428	103.9151205
1.324995372	103.9086265
1.32499586	103.9118029
1.325001212	103.9126954
1.325002335	103.9152655
1.325006325	103.9063764
1.32501179	103.9063131
1.325017185	103.9114351
1.325018893	103.9136745
1.325020425	103.9153332
1.325021378	103.9091193
1.32502335	103.9138018
1.325024966	103.9137417
1.325028011	103.9089296
1.325030228	103.9091707
1.325030805	103.9089997
1.325031915	103.9065342
1.325040334	103.9139904
1.325044732	103.9132191
1.325044732	103.9132191
1.325045744	103.9125918
1.325047704	103.9138611
1.32504924	103.9064853
1.325053269	103.9139211
1.32505747	103.9173398
1.325057624	103.9117984
1.325058521	103.9066462
1.325059862	103.9067213
1.325071514	103.9092795
1.325071726	103.9086165
1.325072172	103.9068441
1.325072366	103.912476
1.325074584	103.9125488
1.32507696	103.916513
1.325080338	103.9067844
1.325084439	103.917292
1.325088459	103.9100088
1.325088608	103.9071707
1.325090297	103.9093396
1.325094661	103.9132141
1.325094662	103.9132141
1.325094956	103.9148528
1.325097727	103.907223
1.325103681	103.9248743
1.325107063	103.9076506
1.325108719	103.9207382
1.325109706	103.9124421
1.325110681	103.9172465
1.325111837	103.9094408
1.325116547	103.9069767
1.325117135	103.9114774
1.325120344	103.912376
1.32512123	103.909493
1.32512626	103.906902
1.325126956	103.9117957
1.325131129	103.9131645
1.32513325	103.9073363
1.325135275	103.9063879
1.325135566	103.9164865
1.325139528	103.9171965
1.325142056	103.9072719
1.325157256	103.9132071
1.325157807	103.9171379
1.325158818	103.9074333
1.325159834	103.9108888
1.325163861	103.9123356
1.325170337	103.9147814
1.325173025	103.9074999
1.325178343	103.9148412
1.325185309	103.9153493
1.325186008	103.9149012
1.32518736	103.9114757
1.325188471	103.9076363
1.325189089	103.911792
1.325193698	103.914961
1.325203792	103.9160092
1.325208044	103.91502
1.325210881	103.9131946
1.325212842	103.9132243
1.325212842	103.9132243
1.325214365	103.9170217
1.325215858	103.9150796
1.325221725	103.9061056
1.325223676	103.9151393
1.325231687	103.9151991
1.32523579	103.9061665
1.325238208	103.9062221
1.325240721	103.9152585
1.325242142	103.9218114
1.325242776	103.9155805
1.325256439	103.906371
1.325257075	103.9131154
1.325261779	103.9226281
1.325263842	103.9078813
1.32526773	103.9076231
1.325268899	103.9132161
1.325271934	103.9082796
1.325272444	103.9129122
1.325273294	103.9156408
1.32527365	103.9071459
1.3252783	103.9079526
1.32528778	103.9114855
1.325292788	103.9065241
1.325297983	103.9221084
1.325304896	103.9157257
1.325306791	103.9118484
1.325306997	103.9080717
1.325316949	103.908127
1.325319736	103.9164287
1.325319785	103.9085898
1.325319989	103.9160181
1.325327506	103.9066637
1.32532792	103.913161
1.325327921	103.913161
1.325341025	103.9254354
1.325344823	103.9067507
1.325345187	103.9082635
1.325346097	103.9114825
1.32536007	103.911826
1.325361473	103.9126107
1.325365261	103.9126518
1.325366897	103.9068687
1.325367863	103.9126895
1.32537042	103.9127275
1.325373107	103.912765
1.32537493	103.9128069
1.325378611	103.9119324
1.325380274	103.9071501
1.32538517	103.9164176
1.325385433	103.9138308
1.325385573	103.9069612
1.325390573	103.9072009
1.325391957	103.9085791
1.325399239	103.9138986
1.325403559	103.9072599
1.325407354	103.9139567
1.325409193	103.9075745
1.325414142	103.9073087
1.325415877	103.9212513
1.325416354	103.9082497
1.325416924	103.9140178
1.325423273	103.9140764
1.325423971	103.9141385
1.325425646	103.9073682
1.325429547	103.9160558
1.3254364	103.9074186
1.325442004	103.9262076
1.325442403	103.9146767
1.325442634	103.9124116
1.325443538	103.9164117
1.325449332	103.9142578
1.325449733	103.9141957
1.32545037	103.9166193
1.325455083	103.9090168
1.325461875	103.914373
1.325462844	103.9143162
1.325464922	103.9117953
1.325481018	103.9113815
1.32548423	103.908694
1.325493496	103.9087539
1.325496564	103.9088635
1.325501497	103.9163787
1.325504147	103.9089188
1.325506939	103.9146787
1.325511627	103.9160748
1.32552239	103.9085593
1.325525919	103.9094013
1.325526068	103.9117938
1.325526548	103.9078482
1.325526986	103.9148426
1.325531345	103.9113787
1.325534493	103.9075537
1.325536043	103.9149129
1.325539937	103.9127395
1.325548377	103.9079113
1.325548817	103.914972
1.325551247	103.9090236
1.32555273	103.9150323
1.325557369	103.90802
1.32556101	103.9090814
1.325561073	103.915092
1.325563899	103.9163928
1.325567071	103.9146708
1.325569335	103.9080861
1.32557407	103.9151511
1.325574927	103.9115674
1.325577763	103.9152114
1.325579307	103.9106575
1.325594147	103.9082158
1.325594298	103.9085479
1.325599895	103.9152662
1.32560256	103.9091906
1.325604438	103.9092612
1.325609341	103.9093896
1.325621529	103.9139274
1.325622405	103.9138485
1.325624456	103.9146415
1.325624591	103.9155267
1.325627377	103.9113733
1.325632353	103.9139867
1.325633314	103.9155912
1.32563484	103.9169867
1.325634967	103.9098152
1.325637652	103.91182
1.325640705	103.9140464
1.325644681	103.9156537
1.325648315	103.9101122
1.325651139	103.9157215
1.325656311	103.9141052
1.325656311	103.9123557
1.325660244	103.9157868
1.32566302	103.9166793
1.325669085	103.9158519
1.325669333	103.912736
1.325672117	103.914164
1.325672705	103.9170951
1.325677165	103.906771
1.325677757	103.911371
1.32567816	103.9142241
1.325680058	103.9171536
1.325686378	103.9142838
1.325686701	103.9146511
1.325687891	103.9093736
1.325690452	103.9159295
1.325690496	103.9118167
1.325692573	103.9143476
1.325698501	103.9082128
1.325706314	103.9068745
1.325712214	103.9160778
1.32571809	103.9172384
1.325724338	103.9085282
1.325724652	103.9123741
1.325727926	103.9164108
1.325727926	103.9164108
1.325731551	103.9127182
1.325740465	103.908655
1.325745509	103.9166955
1.325746954	103.9146432
1.325749455	103.908708
1.325766404	103.9088172
1.325774448	103.9148802
1.325776741	103.9088698
1.325778506	103.9224247
1.325778606	103.9148099
1.325781198	103.9114613
1.325782734	103.9149399
1.325785276	103.9150599
1.325790992	103.9149996
1.325792696	103.9164156
1.325792696	103.9164156
1.325796164	103.9085169
1.325799062	103.9117892
1.325804417	103.9072545
1.325806022	103.9151193
1.325806395	103.9146293
1.325806533	103.9167177
1.325808199	103.9160843
1.325809103	103.9151798
1.325811298	103.9089831
1.325815189	103.9073105
1.325820538	103.9090345
1.325822455	103.9123453
1.325823901	103.915237
1.325837796	103.9074048
1.325842891	103.9127497
1.325844446	103.9114583
1.325847851	103.9074559
1.325849068	103.9091846
1.325853068	103.9085313
1.325854158	103.9154947
1.325855463	103.9105989
1.325856079	103.9117864
1.325861491	103.9163608
1.32586159	103.9164151
1.32586159	103.9164151
1.32586344	103.9155598
1.325866497	103.9146212
1.325868638	103.9075088
1.325869651	103.9167216
1.32587236	103.9156247
1.32587639	103.9078666
1.325877346	103.9075607
1.325880095	103.9093403
1.3258815	103.9156898
1.325882488	103.9123408
1.325890797	103.915755
1.325899464	103.9127248
1.325901067	103.9158201
1.325908902	103.9158858
1.325911711	103.91609
1.32591371	103.9164216
1.32591371	103.9164216
1.325914215	103.9239423
1.325918142	103.9159518
1.325918895	103.9197569
1.325918897	103.9197569
1.325921639	103.9258095
1.325924709	103.9258243
1.325926451	103.9203125
1.325929118	103.9206597
1.325929135	103.9146201
1.325933574	103.9167258
1.325941331	103.9078499
1.325943085	103.9114377
1.325960861	103.9117905
1.325978781	103.9093143
1.325979692	103.908087
1.325982572	103.9173047
1.325982991	103.9164244
1.325982991	103.9164244
1.325989149	103.9139185
1.325990117	103.9146001
1.325992284	103.9123879
1.325996273	103.9173697
1.325997188	103.9167291
1.32599997	103.9139945
1.326000871	103.9171808
1.326003862	103.9141158
1.326004334	103.9171177
1.326008263	103.9140542
1.326009394	103.911446
1.326013198	103.9170554
1.326015627	103.9174892
1.32601848	103.9172449
1.326019694	103.9141737
1.3260253	103.9117876
1.32602641	103.9169879
1.326027665	103.9142331
1.326035046	103.9164297
1.326035046	103.9164297
1.326040157	103.9127552
1.326043353	103.9264885
1.32604366	103.9084375
1.326045115	103.9142987
1.326047506	103.9074189
1.326047889	103.9123853
1.326052733	103.9160643
1.326058483	103.9085011
1.326060389	103.9167288
1.326067964	103.9214499
1.326082594	103.9078511
1.32608484	103.9086183
1.326094738	103.908683
1.32609506	103.9145846
1.326099285	103.9113248
1.326104258	103.9164314
1.326104258	103.9164314
1.326113503	103.9081167
1.326120531	103.9150148
1.326121234	103.9160468
1.326123845	103.9167354
1.326126131	103.9117809
1.326128601	103.9150746
1.326129184	103.9166404
1.326136947	103.9151343
1.326141743	103.9174418
1.326142487	103.9148901
1.326143723	103.9115214
1.326144215	103.9151957
1.326146525	103.914767
1.326153855	103.9123678
1.326154873	103.9148276
1.326156328	103.916438
1.326156328	103.916438
1.326160321	103.9113209
1.326160429	103.9145771
1.326168161	103.9126801
1.326178219	103.9080931
1.326186594	103.9154473
1.32618702	103.916735
1.326187402	103.9117785
1.326198389	103.9176337
1.326199877	103.9084701
1.326201763	103.9133033
1.326201763	103.9133033
1.326201909	103.9175719
1.326201944	103.9155129
1.326202634	103.9173179
1.326206501	103.9149422
1.326209509	103.9139018
1.326213071	103.9175092
1.326213387	103.9173836
1.326213653	103.9123395
1.3262168	103.9174464
1.326219147	103.9139608
1.326220801	103.9145712
1.32622215	103.9155747
1.326224599	103.912703
1.326225034	103.9164398
1.326225034	103.9164398
1.326226732	103.9140204
1.326226912	103.9172578
1.326227641	103.917132
1.326230786	103.9140799
1.326236276	103.917195
1.326238034	103.9170692
1.32623849	103.914142
1.326241374	103.9170096
1.326246056	103.9141996
1.326251662	103.9167352
1.326253796	103.9142673
1.326272712	103.9228853
1.326277137	103.9164475
1.326277138	103.9164475
1.326278746	103.9084524
1.326279735	103.9078115
1.326280223	103.9145586
1.3262853	103.9080636
1.326285421	103.9160072
1.326286652	103.9161206
1.326288381	103.916065
1.326293138	103.915843
1.32629327	103.9118004
1.326293613	103.9159505
1.326312806	103.9150928
1.326313119	103.9157866
1.326314758	103.916744
1.326323967	103.9123623
1.326324376	103.9259096
1.326334889	103.9126305
1.326337084	103.914529
1.326340838	103.9157226
1.326341244	103.9080587
1.326350406	103.9200642
1.326351118	103.9092822
1.326351121	103.91645
1.326351121	103.91645
1.326352946	103.9089002
1.326356714	103.911787
1.326358583	103.9154611
1.326362697	103.9093409
1.326363151	103.9114823
1.32637168	103.9150634
1.326379083	103.9123596
1.326390822	103.9127394
1.326397858	103.9145256
1.326400864	103.9080635
1.326424773	103.9084769
1.326434417	103.9150617
1.326452608	103.9117623
1.326456997	103.9080539
1.326460987	103.9145364
1.326473555	103.9222838
1.32648618	103.9123397
1.326494074	103.9150502
1.326497105	103.9127062
1.326497483	103.9085019
1.326516463	103.911322
1.326518135	103.9145205
1.326524257	103.9117601
1.326526197	103.9142106
1.326542472	103.9123551
1.326550997	103.9115161
1.326552327	103.9150423
1.326559074	103.9139684
1.326560742	103.9126712
1.32656543	103.9097656
1.326569452	103.9176428
1.326570085	103.9145106
1.326570911	103.9113197
1.326571956	103.9140261
1.326577856	103.9140876
1.32658007	103.9086247
1.326585512	103.9141442
1.326596372	103.9175026
1.326602152	103.917395
1.326613587	103.9150378
1.326615173	103.9171197
1.326621416	103.911746
1.326622317	103.9170105
1.326625652	103.9138903
1.326629545	103.9169013
1.326630987	103.9160976
1.326636653	103.9167919
1.326637949	103.9159714
1.326639392	103.9161581
1.326640186	103.9159083
1.326642043	103.9106174
1.326643556	103.9158452
1.326643943	103.9166825
1.326647353	103.9157822
1.326649742	103.9123369
1.326650636	103.9160355
1.32665105	103.9165738
1.326651546	103.9157221
1.32665827	103.9164645
1.326660415	103.9156127
1.326665354	103.9155484
1.326665886	103.9126476
1.326680312	103.9117477
1.326683901	103.9172314
1.326685548	103.9154497
1.32671097	103.912335
1.326711925	103.9112524
1.326722926	103.9126512
1.326729291	103.9113138
1.326750746	103.9113694
1.326756187	103.9161811
1.326757234	103.9198077
1.32675997	103.9114203
1.326763096	103.9232945
1.326778325	103.9114763
1.326789744	103.9115326
1.326791583	103.9117421
1.326810056	103.9227755
1.326814653	103.9123366
1.326834245	103.9127229
1.326835279	103.9141124
1.326846477	103.9117389
1.326847293	103.9161111
1.326848393	103.9190156
1.326851072	103.916048
1.326854856	103.915985
1.326862419	103.915859
1.326862727	103.9159223
1.326865051	103.9131789
1.326866203	103.9157959
1.326869829	103.9157364
1.326870446	103.9238482
1.326874551	103.9156211
1.326878321	103.9155666
1.326880037	103.9134363
1.326880047	103.9123245
1.326886479	103.9141087
1.326886567	103.9153886
1.326892358	103.9127209
1.326904698	103.9155119
1.326908371	103.915445
1.326911375	103.9248839
1.326935627	103.9138426
1.326936402	103.9131758
1.32694659	103.9134145
1.326946836	103.9141127
1.326962129	103.9117932
1.326973218	103.9263856
1.326977367	103.917854
1.326978617	103.9123377
1.32698071	103.9179435
1.326983389	103.9177456
1.326985004	103.9138405
1.326989593	103.9176361
1.326989628	103.9263539
1.326997146	103.9141105
1.327001466	103.9126963
1.327001824	103.9174207
1.327007802	103.9175275
1.327013686	103.9172512
1.327016727	103.9207007
1.327021038	103.9171436
1.327023323	103.9117848
1.327027905	103.9170339
1.327035308	103.9169245
1.327040004	103.9168153
1.327042286	103.9167062
1.32704544	103.9138379
1.32704679	103.912314
1.327051172	103.916598
1.327053391	103.9126946
1.327056455	103.9140803
1.327063641	103.9164901
1.327064008	103.9131462
1.327073879	103.9231882
1.327087868	103.9118265
1.327089568	103.9133989
1.327103643	103.9249213
1.327107594	103.9140769
1.327110431	103.9137241
1.327113287	103.910032
1.327125775	103.9131431
1.32714605	103.9123068
1.32714716	103.911854
1.327154251	103.913412
1.327154836	103.9174917
1.327164801	103.9126932
1.327178094	103.916197
1.327184238	103.9160688
1.327184249	103.9161328
1.327187996	103.9160059
1.32718826	103.9159427
1.327191847	103.9158795
1.32719564	103.9158165
1.32720114	103.9118514
1.327205643	103.9123039
1.327205903	103.9178284
1.327209575	103.9157433
1.327212761	103.9138301
1.327212884	103.9177293
1.32721416	103.9156139
1.327217814	103.9155537
1.327220505	103.9126907
1.327221682	103.9154937
1.327222409	103.9154333
1.327223901	103.9176172
1.327225191	103.9140797
1.32723389	103.9222175
1.327234381	103.9173956
1.327237736	103.9153638
1.327237774	103.9171205
1.327240234	103.9172954
1.327252425	103.917015
1.327254496	103.911868
1.327256652	103.9131643
1.327258628	103.9169056
1.327266952	103.9134005
1.327270762	103.9167992
1.327275724	103.9248036
1.327277151	103.9165796
1.32727735	103.9166842
1.327281169	103.9138272
1.327290179	103.9140765
1.327302817	103.9113593
1.327320683	103.9131556
1.327326417	103.9126855
1.327331429	103.9133924
1.327361556	103.9261194
1.327363376	103.9182279
1.327379	103.9262306
1.327387856	103.9126724
1.327390085	103.9161814
1.327397516	103.9160812
1.327399945	103.9138332
1.327401685	103.9121606
1.327407208	103.9160193
1.32741069	103.9159561
1.327414551	103.9140721
1.327419511	103.9158932
1.327419571	103.9158304
1.327419637	103.9157578
1.327425336	103.9156568
1.327429037	103.9156036
1.327429784	103.9122178
1.327434195	103.9122752
1.327437082	103.9227725
1.327437876	103.915544
1.327439452	103.9131484
1.327441711	103.915484
1.327442049	103.9154237
1.327449287	103.9153586
1.327458716	103.9105765
1.32745914	103.9123363
1.327463052	103.9123925
1.327468153	103.91383
1.327472422	103.9238683
1.327475429	103.9140685
1.32747624	103.9134101
1.327494999	103.9127962
1.327505852	103.923264
1.327511524	103.9131458
1.327548922	103.9138271
1.327557032	103.9127931
1.327583834	103.9177516
1.327587882	103.9179031
1.327591879	103.9176371
1.327598095	103.9175328
1.32759865	103.914064
1.32760562	103.9171443
1.327610454	103.9174212
1.327611271	103.9173151
1.32762648	103.9131445
1.327631335	103.9133953
1.327633513	103.917035
1.327640513	103.9169312
1.327648028	103.9168168
1.327653225	103.9138018
1.327660179	103.91671
1.327662219	103.9165982
1.327662333	103.9140622
1.327675114	103.9127302
1.327677267	103.9164854
1.327684439	103.9215188
1.327687952	103.9118448
1.327698541	103.915662
1.32769869	103.9131329
1.327711014	103.9133904
1.327711765	103.9125088
1.327714227	103.9125627
1.327726036	103.9213118
1.327727663	103.9127343
1.327729406	103.9162271
1.327732921	103.9161658
1.327736514	103.9160397
1.327736579	103.9161028
1.327739372	103.9112725
1.327742937	103.9213914
1.32774587	103.9159139
1.327749454	103.9158509
1.327753238	103.9157922
1.327756745	103.9184543
1.327759789	103.9159778
1.327771904	103.915591
1.327773805	103.9155246
1.327775043	103.9180852
1.327776364	103.9154735
1.327776976	103.9137921
1.327786964	103.9154069
1.327788771	103.9179834
1.327790056	103.9140591
1.327790819	103.9153415
1.327795145	103.9177622
1.327796079	103.9178688
1.327801671	103.9176526
1.327804556	103.9175431
1.327809314	103.9173192
1.32781753	103.9131296
1.327820519	103.9174316
1.327828202	103.9133835
1.327836912	103.9121252
1.327838537	103.9170523
1.327840629	103.9137895
1.327845713	103.9169418
1.327846188	103.9171748
1.327850154	103.9140574
1.327851999	103.9168318
1.327852782	103.912643
1.327865691	103.912701
1.327869003	103.916726
1.327869641	103.9166137
1.327881186	103.9131266
1.327881234	103.9165078
1.327889259	103.9128049
1.32789303	103.9238749
1.327894021	103.9133395
1.327917824	103.9114935
1.327939662	103.9162487
1.327948707	103.9121666
1.327949963	103.916179
1.327953951	103.9161156
1.327957461	103.9160529
1.32795929	103.9137787
1.327961127	103.9157968
1.327961164	103.9159898
1.327964892	103.9159269
1.327968792	103.922716
1.327968921	103.9140431
1.327977434	103.915866
1.327978774	103.9258048
1.327989158	103.9122167
1.327994585	103.915386
1.327994593	103.9156291
1.327996559	103.9130621
1.327997941	103.9232486
1.327997942	103.9232486
1.327998631	103.9155696
1.328002776	103.9155094
1.328006502	103.9154493
1.328013553	103.9153284
1.328025207	103.9138786
1.328037557	103.914046
1.328042006	103.9123103
1.32805676	103.9216584
1.328067179	103.9131775
1.328070053	103.9123581
1.328080091	103.9133486
1.328095677	103.9124102
1.328098121	103.913084
1.32810363	103.9117752
1.328118443	103.912462
1.328142925	103.918426
1.328148881	103.913785
1.328149134	103.9167653
1.328150182	103.91938
1.328151391	103.9180595
1.328165183	103.9179504
1.328166693	103.9140331
1.328167775	103.9168246
1.328177606	103.9166608
1.328179912	103.9177294
1.328188606	103.9164821
1.328193391	103.9176111
1.328216537	103.9137866
1.32824069	103.9140426
1.328264836	103.9120675
1.328269311	103.9162629
1.32827643	103.9161359
1.328277418	103.9158196
1.328280259	103.9160731
1.328283695	103.9160099
1.328291174	103.9158837
1.328297707	103.9161999
1.32830449	103.9157598
1.32830616	103.915948
1.328311642	103.9156958
1.328311796	103.9126742
1.328319849	103.9156313
1.328346685	103.9256548
1.328349826	103.9151797
1.328350814	103.9152433
1.328352043	103.9151177
1.328355331	103.9153698
1.328360071	103.9153028
1.328370729	103.9154293
1.328397429	103.9156425
1.328421651	103.9165622
1.32844283	103.9131468
1.328452315	103.9132379
1.328462891	103.9199785
1.32847505	103.9124558
1.328477386	103.9165641
1.328490029	103.9191273
1.328490029	103.9191273
1.328490029	103.9191273
1.328490252	103.9191161
1.328505936	103.9162217
1.328517153	103.9161411
1.328522337	103.9129062
1.328533837	103.9160068
1.328540319	103.9151242
1.328541875	103.915596
1.328552005	103.9165858
1.328552704	103.9129909
1.328554221	103.9157603
1.328558479	103.9158424
1.3285634	103.9232225
1.328564971	103.9155034
1.328593904	103.9150937
1.328594501	103.9131689
1.328619576	103.9244971
1.328624783	103.9146633
1.328625582	103.9139321
1.328632166	103.9139989
1.328642698	103.9137441
1.328643441	103.9140983
1.328645076	103.914553
1.328645338	103.915062
1.328646927	103.9145532
1.328647771	103.9144375
1.328647794	103.9244954
1.328649433	103.914158
1.328649713	103.914437
1.328650118	103.9146118
1.328653127	103.9146127
1.328653934	103.9144924
1.328655495	103.9144926
1.328659961	103.9131612
1.328664647	103.9142607
1.328672082	103.9143231
1.328696852	103.92095
1.328697158	103.9150293
1.328706531	103.9164998
1.328748741	103.9149987
1.328756286	103.9153712
1.328766649	103.9177018
1.328795933	103.9129636
1.328800783	103.9149685
1.3288109	103.9221299
1.328816711	103.9165039
1.328852966	103.9149387
1.328855796	103.9132551
1.328895538	103.918524
1.328903695	103.9149016
1.328934372	103.9163995
1.328965221	103.9163252
1.328993447	103.9134773
1.329014301	103.9256678
1.329014461	103.9144008
1.329019845	103.9141962
1.329046831	103.9234688
1.329061986	103.9162146
1.329101365	103.9198874
1.329101368	103.9198874
1.32911983	103.914847
1.329124181	103.916167
1.329197276	103.9160509
1.32923154	103.9151158
1.329247137	103.9159798
1.329304314	103.9224158
1.329340145	103.915888
1.329360397	103.9154177
1.329385147	103.9158092
1.329478409	103.9211051
1.329511912	103.9167231
1.329516894	103.9148654
1.329599741	103.9151255
1.329664295	103.9182817
1.329879968	103.9153091
1.32999403	103.9178922
1.330130909	103.9163177
1.330382363	103.9201438
1.330716562	103.9181939
1.330716562	103.9181939
1.330757852	103.9193669