1.354426975	103.8780381
1.354426981	103.8780381
1.35458139	103.8777887
1.35458139	103.8777887
1.35458139	103.8777887
1.35458139	103.8777887
1.35458139	103.8777887
1.35458139	103.8777887
1.35458139	103.8777887
1.35458139	103.8777887
1.35458139	103.8777887
1.35458139	103.8777887
1.35458139	103.8777887
1.35458139	103.8777887
1.35458139	103.8777887
1.35458139	103.8777887
1.35458139	103.8777887
1.35458139	103.8777887
1.35458139	103.8777887
1.35458139	103.8777887
1.35458139	103.8777887
1.35458139	103.8777887
1.35458139	103.8777887
1.35458139	103.8777887
1.35458139	103.8777887
1.35458139	103.8777887
1.35458139	103.8777887
1.35458139	103.8777887
1.35458139	103.8777887
1.35458139	103.8777887
1.35458139	103.8777887
1.35458139	103.8777887
1.35458424	103.8777898
1.354698954	103.8783298
1.354709559	103.8776707
1.354720808	103.8776916
1.354720808	103.8776916
1.354720808	103.8776916
1.354720808	103.8776916
1.354720808	103.8776916
1.354720808	103.8776916
1.354825115	103.8776032
1.354870368	103.8779549
1.354870372	103.8779549
1.354976852	103.8785479
1.354976862	103.8785479
1.354996097	103.8781121
1.35509893	103.8791258
1.355156915	103.87893
1.355169494	103.8788921
1.355288348	103.8782336
1.355291847	103.8792037
1.355316757	103.8785167
1.355387752	103.8772595
1.355425065	103.8790542
1.3554956	103.8792959
1.3554956	103.8792959
1.3554956	103.8792959
1.3554956	103.8792959
1.35552882	103.8788431
1.355584803	103.8789026
1.355589298	103.8777533
1.355597212	103.8769073
1.355614063	103.8794137
1.355614064	103.8794137
1.355614064	103.8794137
1.355614064	103.8794137
1.355614064	103.8794137
1.355614064	103.8794137
1.355621963	103.8787565
1.355632473	103.8769851
1.355664782	103.8789874
1.355668736	103.8768401
1.355677955	103.8788159
1.355720775	103.8790468
1.355743592	103.8786472
1.355757934	103.8789007
1.355782326	103.8786879
1.355785522	103.8770053
1.355800754	103.8791317
1.355806541	103.8797145
1.355813903	103.8789601
1.355820454	103.8787279
1.355858535	103.878768
1.355859135	103.879194
1.355893906	103.879045
1.355896774	103.8788081
1.355906422	103.8773626
1.355935092	103.8788482
1.355940538	103.876663
1.355948698	103.8798506
1.355952667	103.8791067
1.355976737	103.8766107
1.355986935	103.8788856
1.356016401	103.8765722
1.356019656	103.878111
1.356028912	103.8789321
1.356055404	103.8765336
1.356075706	103.8789797
1.356094819	103.8764952
1.356122067	103.8790295
1.356131991	103.8782542
1.356134046	103.8764563
1.35615915	103.876898
1.356185261	103.8763935
1.356197846	103.876855
1.356223625	103.8794938
1.356238534	103.876816
1.356278737	103.8767768
1.356289582	103.8769998
1.356319329	103.8767377
1.3563231	103.8804023
1.356329948	103.8770411
1.356334672	103.8792079
1.356359942	103.8766987
1.356370664	103.8770827
1.356389156	103.8792533
1.356400649	103.8766594
1.356411162	103.877124
1.35642176	103.8778622
1.356428877	103.8792951
1.356447908	103.8766185
1.356451223	103.8771651
1.356491383	103.8772061
1.356501962	103.8793042
1.356508106	103.8793888
1.35651401	103.8780959
1.356531623	103.8772475
1.356556319	103.8767537
1.356563757	103.8764497
1.356566289	103.8780435
1.356572423	103.8794849
1.356576951	103.877284
1.356597698	103.8767958
1.35659885	103.8789915
1.35660034	103.8804411
1.356617188	103.8795293
1.356640018	103.8768393
1.356661514	103.8795744
1.356682557	103.876883
1.356700629	103.8788951
1.356703883	103.8796181
1.356725764	103.8769264
1.356747156	103.8796639
1.356751308	103.8775646
1.356760561	103.8760016
1.356767826	103.8769702
1.356768004	103.8766896
1.356795855	103.8774954
1.356810234	103.8770132
1.356811787	103.8759487
1.356813867	103.880794
1.356821341	103.8790795
1.356833075	103.8789938
1.356833252	103.877456
1.356837071	103.8797316
1.356841377	103.8807591
1.35685802	103.8759185
1.356880297	103.8774157
1.356890436	103.8797881
1.356897693	103.8786347
1.356909089	103.8758974
1.356912904	103.8776517
1.356926295	103.8777156
1.356930768	103.8773807
1.356932166	103.8786716
1.35693833	103.8765695
1.356947629	103.8794516
1.356949707	103.8791819
1.356953747	103.8773151
1.356954967	103.8758672
1.356966177	103.8794009
1.35696955	103.8787116
1.356978812	103.8777683
1.356990628	103.8772755
1.356995298	103.8798888
1.357001741	103.8793677
1.357006506	103.875846
1.357007073	103.8787515
1.357026677	103.877804
1.357034248	103.8772216
1.357044465	103.8787915
1.357045969	103.8775062
1.357046595	103.8799274
1.357048525	103.8793245
1.357052799	103.8758158
1.357071365	103.877855
1.357072807	103.8810903
1.35708055	103.877169
1.357081959	103.8788314
1.357084078	103.8792912
1.357097807	103.877543
1.357104151	103.8757945
1.357105959	103.8794907
1.357111507	103.8800143
1.357119332	103.877891
1.357119364	103.8788714
1.357124546	103.8771185
1.357131125	103.8792478
1.357139191	103.8770487
1.357141584	103.8775935
1.357147632	103.8803201
1.357149213	103.8783292
1.357150465	103.8757642
1.357152159	103.8786197
1.357156584	103.8794391
1.357156861	103.8789113
1.357166678	103.8792145
1.357171091	103.8789715
1.357173779	103.8779462
1.357182627	103.8760358
1.35718294	103.8769945
1.357189489	103.8783726
1.357192222	103.8794059
1.357198318	103.8785642
1.35719877	103.8776281
1.357201718	103.875743
1.357205876	103.8808997
1.357213701	103.879171
1.35722447	103.8772921
1.357228703	103.8769455
1.357228761	103.8789882
1.357236892	103.8784231
1.357239121	103.8793625
1.357248037	103.8757124
1.357249256	103.8791378
1.357252539	103.8776839
1.357269385	103.8773316
1.357274758	103.8793293
1.357284172	103.8784736
1.357299473	103.8756916
1.357301262	103.8777263
1.357315724	103.8773724
1.357321873	103.8792858
1.357331636	103.8785242
1.357342857	103.8805189
1.357345719	103.8756611
1.357352395	103.8769237
1.357357512	103.8792526
1.357361	103.8774098
1.357362332	103.8790511
1.357365636	103.8799026
1.357372774	103.8785682
1.357373188	103.8762589
1.357373197	103.8780204
1.35738209	103.8795264
1.357396695	103.8798554
1.357397095	103.8756402
1.35740102	103.8780693
1.35740797	103.8774508
1.357420901	103.8787528
1.357420901	103.8787528
1.357420901	103.8787528
1.357420901	103.8787528
1.357420901	103.8787528
1.357424786	103.8787495
1.357438301	103.8781085
1.357443159	103.8756095
1.357449005	103.8798305
1.357452329	103.8805735
1.357456176	103.8774818
1.357472702	103.8789403
1.357475421	103.8781476
1.357478817	103.8767561
1.357489504	103.8806011
1.357493486	103.8768365
1.357494569	103.8755887
1.357494917	103.8797991
1.357505263	103.8769891
1.357512608	103.8781868
1.357516376	103.8761519
1.357519682	103.8778025
1.3575215	103.8788946
1.357527548	103.8797524
1.35754986	103.8782261
1.357555307	103.8807818
1.357555457	103.8761064
1.357556132	103.8778497
1.357559978	103.8772984
1.35756976	103.8797178
1.35758728	103.8782652
1.357593251	103.877889
1.357593468	103.8760595
1.35759932	103.8788233
1.357599782	103.8771017
1.357602985	103.876688
1.35760632	103.8816217
1.35761154	103.8793543
1.357612169	103.8756224
1.357624413	103.8783044
1.357627782	103.8760095
1.357630563	103.877928
1.357634988	103.8801573
1.357637381	103.8766459
1.357640536	103.8796446
1.357648404	103.8787774
1.357654459	103.8793158
1.357657383	103.8770335
1.357661589	103.8783435
1.357666857	103.8759634
1.357667879	103.8779672
1.357673096	103.8766069
1.357698666	103.8792762
1.357699433	103.879623
1.357701348	103.8759137
1.357703963	103.8800895
1.357705078	103.8780064
1.357708734	103.8764766
1.357739418	103.8795853
1.357741104	103.8758682
1.357741741	103.8792385
1.357742141	103.8780455
1.357742883	103.8800498
1.357743603	103.8764386
1.357744632	103.87691
1.357746011	103.8784009
1.357753829	103.8774759
1.357774684	103.8758107
1.357776523	103.8795441
1.357779268	103.8780846
1.357781119	103.8800102
1.357782355	103.8753849
1.357782733	103.8790507
1.357783629	103.8763977
1.357783904	103.8784408
1.357797284	103.8775327
1.357800576	103.8785019
1.357806752	103.8794962
1.357808136	103.8757692
1.357816753	103.8781237
1.357820105	103.8790897
1.357820809	103.8775908
1.35782262	103.8815564
1.35782855	103.8799838
1.357838486	103.8794485
1.357853959	103.8781631
1.357856372	103.8776378
1.357856894	103.8757291
1.35785942	103.8809862
1.357859721	103.8785206
1.357860485	103.8791324
1.357872622	103.8754139
1.357873035	103.8767873
1.357880948	103.8765409
1.357885952	103.879415
1.357890685	103.87614
1.357894026	103.8799137
1.357896588	103.877684
1.357897542	103.8785604
1.357898129	103.8791731
1.357902988	103.8802856
1.357904479	103.8782526
1.357922893	103.87658
1.357925691	103.8786086
1.357928312	103.8798618
1.357933728	103.881932
1.357937848	103.8777261
1.357943286	103.8761669
1.357944861	103.8782901
1.357963726	103.8766113
1.357979529	103.8773126
1.357982739	103.87833
1.35798348	103.879841
1.357985106	103.8777652
1.357988517	103.8792493
1.357993508	103.8761903
1.357998614	103.8779191
1.358023932	103.8798035
1.358037251	103.8792979
1.358041398	103.8762167
1.358047423	103.8777956
1.358049425	103.8754047
1.358051319	103.8754832
1.358058599	103.8784097
1.358060263	103.8751162
1.358060268	103.8751162
1.358062087	103.8760237
1.358063772	103.8787621
1.35806469	103.876766
1.35806642	103.8797683
1.358082892	103.8793324
1.358090521	103.8783012
1.358091653	103.8762452
1.358094598	103.8801249
1.358095842	103.8806306
1.358096389	103.8784496
1.358097112	103.8767269
1.358097242	103.8755236
1.358100111	103.8797208
1.358103119	103.877901
1.358105541	103.8788119
1.358121574	103.8793761
1.358130632	103.880573
1.358131779	103.8760139
1.35813247	103.8788744
1.358140497	103.8755651
1.3581517	103.8796847
1.35816015	103.8779258
1.358161044	103.8794181
1.358166243	103.8811825
1.358166538	103.8766434
1.358175492	103.880531
1.358184816	103.874961
1.358184904	103.8756149
1.358188447	103.8767481
1.358196636	103.8760005
1.358197289	103.877536
1.358197737	103.879943
1.358200483	103.8794597
1.358201089	103.8779732
1.358203749	103.8788954
1.358206525	103.8804756
1.358217976	103.8780311
1.358218	103.8749289
1.358219292	103.8789684
1.358223979	103.8756649
1.358234074	103.8752068
1.358236297	103.8814786
1.358238533	103.8799063
1.35823871	103.8819601
1.358242443	103.8794971
1.358244119	103.876634
1.358248435	103.8748956
1.358258714	103.8804389
1.3582606	103.8780697
1.358263625	103.8759881
1.358274242	103.8752468
1.358275405	103.8771195
1.35827557	103.8823918
1.358277351	103.8790016
1.358280018	103.8762366
1.35828169	103.8748636
1.358282855	103.8798653
1.358286139	103.8762985
1.358288265	103.8795343
1.358294164	103.8785482
1.358294548	103.8781153
1.358298454	103.8786227
1.358299735	103.8803928
1.358305126	103.8776632
1.358307487	103.8790612
1.358312751	103.8752882
1.358322062	103.8798292
1.358323942	103.8795933
1.358339893	103.8759271
1.358340613	103.8803484
1.358342646	103.8781501
1.358350363	103.8753234
1.358351203	103.874824
1.358351204	103.874824
1.358351204	103.874824
1.358352475	103.8763197
1.358364657	103.8790857
1.358366399	103.8797882
1.35837014	103.8777722
1.358372045	103.8786322
1.358380475	103.8763587
1.358381035	103.8808751
1.358382841	103.8758862
1.358386038	103.8786966
1.358386798	103.8781951
1.358389934	103.8753639
1.358405575	103.8797521
1.3584174	103.8787449
1.358417663	103.8750381
1.358419892	103.8808395
1.358426233	103.8758504
1.358426502	103.8754001
1.358429635	103.876392
1.358437766	103.8792785
1.35844989	103.8797112
1.358453032	103.8768832
1.35846059	103.8816062
1.3584612	103.8750724
1.358461223	103.8807993
1.358461921	103.8773227
1.358463003	103.8787801
1.358463889	103.8758142
1.358464099	103.8760628
1.358464221	103.8764329
1.358465507	103.8754466
1.358468788	103.8779475
1.358476642	103.8775417
1.358487823	103.8792486
1.358488168	103.880253
1.358489224	103.880751
1.358489751	103.8796735
1.358495584	103.8788285
1.358497937	103.8746964
1.358499517	103.8751181
1.358505048	103.8757763
1.358505941	103.8769367
1.358508018	103.8827632
1.358509285	103.8761014
1.358513676	103.8764623
1.358518504	103.8775778
1.358526842	103.8802133
1.358527393	103.8778406
1.358531532	103.8791926
1.358535134	103.8825583
1.358535992	103.875158
1.3585394	103.8828061
1.358540043	103.8746519
1.358540618	103.8789103
1.358541799	103.8807245
1.358541906	103.8757398
1.358548964	103.8769885
1.358553399	103.876146
1.358555053	103.8791301
1.358555735	103.8801565
1.358557162	103.878338
1.358560079	103.8828479
1.358561001	103.8765028
1.358571418	103.8811231
1.35857808	103.8818543
1.358578081	103.8818543
1.358580214	103.880689
1.358582258	103.8757009
1.358584484	103.8751937
1.358587227	103.8770402
1.358587979	103.8761895
1.358589524	103.8746171
1.358598978	103.8790818
1.358604166	103.8783738
1.358605867	103.8801308
1.358607755	103.8806365
1.358608426	103.877928
1.358615909	103.8810679
1.358618515	103.8752385
1.358620616	103.875665
1.358627988	103.8762338
1.358629247	103.8826279
1.358633226	103.8745837
1.358634384	103.8784188
1.358637526	103.8800777
1.358637755	103.8771092
1.358643313	103.8810148
1.358644154	103.8790377
1.358647049	103.8794952
1.358662827	103.8752807
1.358663786	103.875629
1.358669892	103.8762693
1.35867227	103.8778175
1.358675419	103.8800396
1.358676509	103.8745462
1.358677017	103.878464
1.35868158	103.8758564
1.358691835	103.8789962
1.358698637	103.8809734
1.358699649	103.8753204
1.358700551	103.8794706
1.358701351	103.8755905
1.358709188	103.8784971
1.358709835	103.8763287
1.358712674	103.8773091
1.358717916	103.8799972
1.358718544	103.8806454
1.358720622	103.8827145
1.358728033	103.875898
1.358729312	103.8777646
1.35874385	103.8794244
1.358744202	103.8753631
1.358745915	103.8826146
1.358757307	103.8799585
1.358758961	103.8773422
1.358765977	103.8827559
1.358768512	103.8759404
1.358768608	103.8783107
1.358769958	103.8789846
1.358770618	103.8802399
1.358773419	103.8817675
1.358775932	103.87477
1.358776047	103.8793735
1.358776144	103.8822463
1.358780265	103.8753998
1.358791283	103.8767353
1.358792336	103.8808635
1.358795167	103.8789134
1.358795344	103.8814173
1.35879959	103.874468
1.35880645	103.8759903
1.358807585	103.8782745
1.358814145	103.8748127
1.358817604	103.8818158
1.358818852	103.8796473
1.358819225	103.8793197
1.358820846	103.8776742
1.35883036	103.8822735
1.358839225	103.8766774
1.358840831	103.8745066
1.358845896	103.8781403
1.358847901	103.8760278
1.35885804	103.8776109
1.358861717	103.8796087
1.358863895	103.8818653
1.358864412	103.8766155
1.358864596	103.8788965
1.35886902	103.8806681
1.358869869	103.8814127
1.358873121	103.874553
1.358877458	103.8785032
1.358884046	103.8792965
1.358884527	103.8781812
1.358886397	103.8760771
1.35888844	103.8804073
1.358897777	103.8748996
1.358899356	103.8813623
1.358901793	103.8765793
1.358902617	103.8756314
1.3589078	103.8819119
1.358908344	103.8823497
1.358910625	103.8788409
1.358912352	103.8785409
1.358913114	103.8745968
1.358916248	103.8806173
1.358921688	103.8782205
1.358921963	103.8822519
1.358926504	103.8787681
1.358928475	103.8813114
1.358929606	103.8792462
1.358930708	103.8761161
1.358935802	103.8749382
1.35893963	103.8756712
1.358949993	103.8746366
1.35895189	103.8823822
1.358953905	103.8830531
1.358954439	103.8795245
1.358956	103.8805726
1.358956925	103.8768277
1.358958848	103.8782598
1.358960678	103.8764697
1.358961139	103.8792011
1.35896285	103.8812651
1.358974549	103.8780337
1.358976212	103.874983
1.35897782	103.8787311
1.358987303	103.882426
1.358987581	103.8821037
1.358992512	103.8746777
1.35899501	103.8816265
1.358995273	103.8794872
1.358996011	103.8782991
1.358996154	103.8771293
1.359003695	103.8791467
1.359003777	103.8812271
1.359005302	103.8805195
1.359010649	103.8757477
1.359011359	103.8764491
1.359012219	103.878
1.359014435	103.8750201
1.359025838	103.8786879
1.359025868	103.8769043
1.359027214	103.8819485
1.359028663	103.8770966
1.359029827	103.8747174
1.359037562	103.8824522
1.359039984	103.8811826
1.359040175	103.88159
1.35904068	103.8821259
1.359045941	103.8764036
1.359046737	103.8779484
1.359047662	103.8757876
1.359048153	103.8804765
1.359053738	103.8791152
1.35905582	103.8750641
1.359058265	103.8772526
1.359061296	103.8807839
1.359061928	103.8770654
1.359069581	103.8783915
1.35907163	103.8747596
1.359080641	103.8811442
1.3590818	103.882163
1.359084213	103.8763688
1.359085782	103.8794034
1.359091747	103.8751033
1.35909461	103.8770348
1.359095553	103.8815538
1.35909638	103.8804263
1.359097181	103.8781481
1.359097819	103.8799741
1.359097853	103.8774932
1.359102289	103.8773011
1.359102503	103.878668
1.359106023	103.8756101
1.35910672	103.8790716
1.359107184	103.8822144
1.359109089	103.8783546
1.359109273	103.874799
1.359118223	103.8811012
1.359118452	103.8758638
1.359118981	103.8763212
1.359119178	103.8785973
1.359124461	103.8782085
1.359127131	103.8766628
1.35912714	103.8793639
1.359128035	103.8770033
1.359139759	103.8815178
1.359142486	103.875136
1.359143107	103.8774507
1.359145472	103.879029
1.359146919	103.8783193
1.359149188	103.8822521
1.359155465	103.8759037
1.359156473	103.8762857
1.359164789	103.8814569
1.359165087	103.876627
1.35917207	103.8808842
1.359172389	103.8742526
1.359172389	103.8742526
1.359183578	103.8751932
1.35918733	103.8771305
1.35918861	103.8785298
1.359188979	103.8789752
1.359189254	103.8805994
1.359196175	103.877401
1.359202423	103.8822738
1.359204087	103.8799795
1.359205883	103.8814118
1.359206053	103.8765377
1.359208114	103.8762537
1.359215407	103.879282
1.359215813	103.8818538
1.359235004	103.8755558
1.359237981	103.8789428
1.359240651	103.8771849
1.359240673	103.8829322
1.359242715	103.8818032
1.359244299	103.8773559
1.359244938	103.8832779
1.359247037	103.8799385
1.359250662	103.8764942
1.359259135	103.8792442
1.359262864	103.8813768
1.359264138	103.8768089
1.359272536	103.8810709
1.359273382	103.875043
1.359273522	103.8778157
1.359280415	103.8745616
1.359289323	103.8799018
1.359290502	103.881754
1.359295764	103.877243
1.359299944	103.8813129
1.359303153	103.8768496
1.359305823	103.8788987
1.359307974	103.8754388
1.359307994	103.8764403
1.359309499	103.8750085
1.359313516	103.8745264
1.359326669	103.881716
1.359332447	103.8798579
1.359338193	103.8788482
1.35934312	103.8768915
1.359348329	103.8773007
1.359351032	103.87497
1.359352392	103.8791517
1.359354698	103.8763981
1.359354858	103.874488
1.359355516	103.8780602
1.359356149	103.8808117
1.359365499	103.8810306
1.359371036	103.8820248
1.359374934	103.8816671
1.359375536	103.8798215
1.359385149	103.8769355
1.359389046	103.8749353
1.359391665	103.8753583
1.359393137	103.8760853
1.35939394	103.8744539
1.359395528	103.8791121
1.359397113	103.8827434
1.359399803	103.8809976
1.35939987	103.883446
1.359406871	103.8776962
1.359408226	103.8819765
1.35941134	103.8816291
1.359425381	103.8799864
1.359425381	103.8799864
1.359425381	103.8799864
1.359425381	103.8799864
1.359425381	103.8799864
1.359425381	103.8799864
1.359425381	103.8799864
1.359425381	103.8799864
1.359425381	103.8799864
1.359425381	103.8799864
1.359425381	103.8799864
1.359425381	103.8799864
1.359425381	103.8799864
1.359425381	103.8799864
1.359425381	103.8799864
1.359425381	103.8799864
1.359425381	103.8799864
1.359425381	103.8799864
1.359425381	103.8799864
1.359425381	103.8799864
1.359425381	103.8799864
1.359425381	103.8799864
1.359425381	103.8799864
1.359425381	103.8799864
1.359427287	103.8769796
1.359430628	103.8748966
1.359435503	103.8744157
1.359438268	103.8797083
1.359441875	103.8819361
1.359444935	103.8767637
1.359449715	103.8752421
1.359450136	103.8741819
1.359450136	103.8741819
1.359465918	103.8815924
1.359468409	103.8748621
1.359468704	103.8760067
1.359469298	103.8770238
1.359474375	103.8743814
1.359476408	103.8796755
1.35948419	103.880774
1.359490586	103.8818946
1.359503441	103.8767086
1.359508885	103.8778098
1.35950983	103.874823
1.359511553	103.8770679
1.359515474	103.8743428
1.359515517	103.8815395
1.359517372	103.875241
1.359529836	103.8796285
1.359531899	103.8808836
1.359534287	103.8818634
1.359539405	103.8761665
1.359542671	103.8782622
1.359546376	103.8747867
1.359553607	103.8771121
1.359554836	103.8743096
1.359555637	103.8807843
1.359556729	103.883027
1.359557237	103.8778611
1.359559682	103.8836165
1.359564791	103.8795883
1.359565419	103.8786162
1.359567886	103.8818149
1.359575966	103.8795192
1.359578352	103.8766411
1.359578802	103.8809168
1.359580435	103.8762062
1.359580913	103.8774211
1.359580926	103.8804871
1.359587582	103.8747477
1.359600529	103.877905
1.359601372	103.8809696
1.359605041	103.8769462
1.359612113	103.8803572
1.359616642	103.8814428
1.359617703	103.8766019
1.359617887	103.8817828
1.359619371	103.8804507
1.359620482	103.8762478
1.35962273	103.8742648
1.35962534	103.8747116
1.359627855	103.8774705
1.359644358	103.8769082
1.359654138	103.8817286
1.359659587	103.876291
1.359661911	103.8765622
1.359672565	103.8798246
1.359678514	103.8816725
1.359680579	103.8775247
1.359682049	103.8768578
1.359690061	103.8813635
1.359693031	103.8810505
1.359700211	103.8803679
1.359704308	103.8794683
1.359708125	103.8746364
1.359716762	103.883197
1.359721457	103.8768191
1.359726472	103.8775732
1.359730352	103.874931
1.359745723	103.8746015
1.359747447	103.8803299
1.359748515	103.8794259
1.359753772	103.8815879
1.359756127	103.8759671
1.359757574	103.8756133
1.35976188	103.8821798
1.35977512	103.8767853
1.359778873	103.8776276
1.359787027	103.8745627
1.359787783	103.880293
1.359794181	103.8756518
1.359796452	103.8807097
1.359813615	103.8767474
1.359817762	103.8751639
1.359820743	103.8740694
1.359820743	103.8740694
1.359822693	103.8796086
1.359824185	103.8745271
1.35982451	103.8776762
1.359830937	103.8815067
1.359831661	103.880251
1.359833053	103.8764938
1.359836833	103.8806724
1.359845078	103.8812647
1.359856666	103.8757177
1.359860781	103.8771014
1.359864126	103.8744872
1.359867357	103.8774231
1.359872147	103.8802143
1.359879596	103.8806312
1.359893277	103.8757562
1.359894434	103.8751003
1.35990192	103.8844947
1.359901983	103.8744519
1.359906688	103.8823727
1.359914591	103.8801755
1.35991637	103.8748638
1.359916575	103.8824873
1.359918268	103.8773223
1.35991863	103.8805948
1.359921247	103.8740436
1.359921247	103.8740436
1.359939564	103.875059
1.359942814	103.8807834
1.359945363	103.8744145
1.359954138	103.8777558
1.35996295	103.8805551
1.35996632	103.8825404
1.359966828	103.875857
1.359979644	103.8808219
1.359981543	103.8743774
1.359991374	103.8763705
1.359995176	103.8800004
1.360000738	103.8805173
1.360002346	103.8825819
1.360004922	103.8794692
1.360007771	103.8754361
1.360013861	103.8740198
1.360013861	103.8740198
1.360016032	103.8747713
1.360018939	103.8832776
1.360024405	103.8743368
1.360037422	103.8778484
1.36004426	103.8804775
1.360045909	103.8759226
1.360054912	103.8795484
1.360057693	103.8841052
1.360058563	103.880891
1.36007584	103.8754051
1.360076751	103.8785376
1.360078528	103.8773635
1.360083305	103.8804407
1.36009692	103.8809323
1.360098786	103.8836426
1.360107761	103.8797018
1.360110376	103.8739949
1.360110376	103.8739949
1.360112685	103.8807003
1.360115628	103.875333
1.36011573	103.8760381
1.360120283	103.8742164
1.360126573	103.8804003
1.360127874	103.8741358
1.360140463	103.8826989
1.360146378	103.8815823
1.360149265	103.8747133
1.360151541	103.8806597
1.360153108	103.8762585
1.36016341	103.8760758
1.360164267	103.8797979
1.360166568	103.880364
1.360173422	103.8755275
1.36017917	103.8850649
1.360179171	103.8850649
1.360183459	103.8753046
1.360189321	103.8809706
1.360189325	103.8809706
1.360191114	103.8826318
1.360193551	103.881631
1.36019425	103.880623
1.360196442	103.8792908
1.360201352	103.8745743
1.360201432	103.8761267
1.360216774	103.8755807
1.360219699	103.8803261
1.360230111	103.8799538
1.360230354	103.8805742
1.360236	103.8816758
1.360240201	103.8756365
1.360240414	103.8825842
1.360240418	103.8792509
1.360241805	103.8752534
1.360248336	103.8790156
1.360248779	103.8802707
1.360273385	103.8762313
1.360283598	103.8792105
1.360284295	103.8817266
1.360284418	103.8820601
1.360285881	103.882883
1.360289229	103.8825185
1.360303206	103.8756652
1.360304822	103.875195
1.360310381	103.8769067
1.360312538	103.8739581
1.36031608	103.8744779
1.360316816	103.8781566
1.360319657	103.8801006
1.360323852	103.8791726
1.36032716	103.881771
1.360328966	103.8762672
1.360330863	103.882832
1.360333126	103.8821134
1.360333592	103.8757181
1.360337944	103.8824719
1.360344012	103.8801514
1.360350263	103.8741607
1.360351128	103.8753637
1.36035628	103.8741064
1.360356665	103.883637
1.360364115	103.8739483
1.360366974	103.8791321
1.360371684	103.8763186
1.360375459	103.8818216
1.360377086	103.8827795
1.360381935	103.8821668
1.360383349	103.8780942
1.360385089	103.8757572
1.360387363	103.8824061
1.360389378	103.8795508
1.360392384	103.8813224
1.360407274	103.8790942
1.36041076	103.8802758
1.360411977	103.8839103
1.360414083	103.8804255
1.360415136	103.8782693
1.360418462	103.8818659
1.360418728	103.8830868
1.360422418	103.8827281
1.360428279	103.8743379
1.360430065	103.8753967
1.360433542	103.8758045
1.360435438	103.8742894
1.360435886	103.8823581
1.360439724	103.8805521
1.360440063	103.8807527
1.360444466	103.8795022
1.360448062	103.8782383
1.360448918	103.8808971
1.360452649	103.8790502
1.360457384	103.8754334
1.360458906	103.8802555
1.360464285	103.883026
1.360465852	103.8745323
1.360466316	103.881917
1.360470143	103.8826739
1.360476388	103.8813409
1.360481047	103.8782073
1.360482156	103.8796741
1.360483332	103.8758527
1.360486775	103.8822925
1.360489493	103.8750251
1.360490539	103.8794591
1.360490978	103.8754886
1.360492514	103.8779912
1.360505802	103.8828755
1.360506022	103.8813984
1.36050729	103.8797346
1.360511056	103.8819636
1.36051397	103.8781764
1.360518409	103.8829645
1.36051858	103.882619
1.360530932	103.8755339
1.360533378	103.8815354
1.360533805	103.8759755
1.360534672	103.8797929
1.360535135	103.8769176
1.360535742	103.8750752
1.360536055	103.8788998
1.360536733	103.879416
1.360546947	103.8822544
1.360546956	103.8781453
1.360550608	103.8773048
1.360558445	103.8779293
1.360560314	103.879849
1.360563297	103.8777119
1.360564746	103.8825666
1.360574513	103.8755795
1.360575417	103.8789392
1.360579794	103.8846954
1.36057988	103.8781144
1.360580165	103.8760251
1.360582871	103.8793728
1.360588061	103.879907
1.360591173	103.8751341
1.360602929	103.8772558
1.360611268	103.8825138
1.360612863	103.8780834
1.360613253	103.8756352
1.360614628	103.8789801
1.360614888	103.8799835
1.360617605	103.8812582
1.360629107	103.8793298
1.360631379	103.883229
1.360633775	103.8824605
1.360644757	103.8760748
1.360645787	103.8780524
1.360646951	103.8751773
1.360650618	103.8790183
1.360651528	103.8828305
1.360657669	103.8756787
1.360660164	103.8812068
1.360668215	103.8778256
1.360669134	103.876898
1.360674884	103.8759282
1.360675907	103.8792809
1.360676969	103.8827781
1.360677842	103.883272
1.36067877	103.8780214
1.360683462	103.8764941
1.36068421	103.8766949
1.360689566	103.8771733
1.360689965	103.8790592
1.360695004	103.8752357
1.360709393	103.8806002
1.360711693	103.8779904
1.360716403	103.8833115
1.360716933	103.8807044
1.360718837	103.8827497
1.360725957	103.8790972
1.36072753	103.8758778
1.360734063	103.8777635
1.360735033	103.8797437
1.360735033	103.8797437
1.360735033	103.8797437
1.360736405	103.880453
1.360740096	103.875291
1.360743145	103.8771235
1.360744675	103.8779594
1.360754967	103.8833509
1.360755841	103.8813953
1.360757723	103.8784971
1.360765074	103.8791382
1.360777598	103.8779285
1.360782035	103.8757382
1.360786781	103.8739902
1.360792966	103.8804364
1.360793528	103.8833904
1.36079438	103.8814351
1.360795036	103.8753494
1.360795739	103.8785341
1.360798612	103.8741663
1.360801208	103.8791762
1.360802668	103.875019
1.360804665	103.8782167
1.360808271	103.8809234
1.360810457	103.8831657
1.36081058	103.8778974
1.360811245	103.8742771
1.360812817	103.8742171
1.360814084	103.8777644
1.360814509	103.8766318
1.360816479	103.8762604
1.36081885	103.8809231
1.360818862	103.8795573
1.360821535	103.8817571
1.360822525	103.8747477
1.360824773	103.8803878
1.360826529	103.8834369
1.36083463	103.8785796
1.36083554	103.8757944
1.360838315	103.8774815
1.360840078	103.8792191
1.360840115	103.8814819
1.360841832	103.8753992
1.360842449	103.8743228
1.360843385	103.8778662
1.360849547	103.8849951
1.36085614	103.8795082
1.360858127	103.8743779
1.360863523	103.880354
1.360866085	103.8780459
1.360866255	103.8826447
1.360871282	103.8786149
1.36087139	103.8744282
1.360873416	103.8801832
1.360877569	103.8809992
1.360880678	103.8809973
1.360882192	103.8815218
1.360888062	103.8763356
1.360888821	103.8794134
1.360889044	103.8758505
1.360891146	103.8827165
1.360891393	103.8775591
1.360902067	103.8832597
1.360904947	103.8806239
1.360907131	103.8754466
1.360915305	103.8748213
1.360917889	103.8827724
1.360925675	103.8768619
1.360931152	103.8792996
1.360938158	103.8781228
1.360939058	103.8843743
1.360940342	103.8806761
1.360942298	103.8755078
1.360948666	103.8828069
1.36094888	103.8811004
1.360952958	103.8761953
1.360955148	103.881633
1.360962831	103.8811
1.360963094	103.8769018
1.360963682	103.8807309
1.360976172	103.8761106
1.360982214	103.8782864
1.360982604	103.882869
1.360988956	103.8803228
1.36099366	103.8764466
1.36099616	103.8807764
1.360998117	103.8753421
1.36099847	103.8755655
1.360999085	103.8787655
1.361000276	103.8769473
1.361002364	103.8748656
1.361008454	103.8739199
1.361009444	103.8829221
1.36101098	103.8801537
1.361017806	103.8835777
1.361017806	103.8835777
1.361017946	103.8793695
1.361019413	103.878324
1.361020142	103.873959
1.361020556	103.8811739
1.361021291	103.8742372
1.361026084	103.8811731
1.361032977	103.8808197
1.361034773	103.8817665
1.361036262	103.8753823
1.361039737	103.8769873
1.361043734	103.8794213
1.361049166	103.8756119
1.361055562	103.8835337
1.361055562	103.8835337
1.361055564	103.8763021
1.361059542	103.8829732
1.361059553	103.8783684
1.361065244	103.8765218
1.361067538	103.8748998
1.361071389	103.8754181
1.361071873	103.8808604
1.361078083	103.8852514
1.361080087	103.877031
1.361092115	103.8834992
1.361092115	103.8834992
1.361094793	103.8794522
1.361095458	103.8784045
1.361096405	103.8830094
1.361106755	103.8809046
1.361106824	103.8741955
1.361107939	103.8810279
1.361108478	103.875457
1.361111808	103.875236
1.361116288	103.8819638
1.361117543	103.8800434
1.361119798	103.880966
1.361122434	103.874933
1.361123888	103.8770669
1.361127559	103.8826112
1.361130008	103.8834548
1.361130008	103.8834548
1.36113034	103.8794907
1.36113642	103.8772141
1.361142415	103.8837723
1.361143364	103.8754935
1.361147013	103.8745203
1.36114751	103.8830598
1.361148922	103.8752749
1.361151634	103.8772738
1.3611637	103.8834197
1.361163701	103.8834197
1.361174307	103.8838175
1.361178996	103.8770971
1.361180848	103.8755324
1.361180857	103.8819358
1.36118386	103.8753114
1.361195011	103.8778678
1.36119568	103.8830908
1.361195911	103.8763812
1.361196877	103.8846642
1.361199327	103.8745444
1.361216196	103.8810316
1.361217541	103.8803944
1.361218681	103.8838514
1.361219852	103.8766695
1.361219852	103.8766695
1.36122135	103.8753506
1.361223124	103.8818928
1.361223638	103.881422
1.361223641	103.8785532
1.361234819	103.883833
1.361239531	103.8761832
1.361242633	103.8854841
1.361243635	103.8738767
1.361247058	103.8751906
1.36124992	103.8745605
1.361254645	103.8838892
1.361256189	103.8753871
1.361261905	103.8813741
1.361263367	103.8804605
1.361269578	103.8818488
1.36127128	103.8760271
1.361275305	103.8836335
1.361284209	103.878871
1.361284538	103.8832684
1.361284539	103.8832684
1.361284669	103.8749435
1.361285319	103.8824117
1.361291206	103.8738055
1.361291207	103.8738055
1.361292652	103.8839324
1.361293386	103.8754258
1.361296397	103.8791789
1.361296467	103.8778124
1.361299552	103.8797406
1.361301305	103.8745803
1.361305883	103.8750518
1.361306949	103.8818054
1.361307947	103.8742002
1.361315872	103.8850055
1.361321425	103.8813575
1.361321629	103.8765538
1.361325481	103.88298
1.361325482	103.88298
1.361327278	103.8832456
1.361327279	103.8832456
1.361331815	103.8805711
1.361333661	103.8768513
1.361338761	103.8776435
1.361341302	103.8779329
1.36134323	103.8823516
1.361344287	103.8737916
1.361344288	103.8737916
1.361346891	103.8792545
1.361358322	103.8765203
1.361359114	103.8743954
1.361359493	103.8745867
1.361364821	103.883199
1.361364821	103.883199
1.361366023	103.8806227
1.36136805	103.8742218
1.361369076	103.8840097
1.361372326	103.8779893
1.361381777	103.8813349
1.361383394	103.877491
1.361385758	103.8767724
1.361386699	103.8834972
1.361387172	103.8861075
1.361393906	103.8796901
1.361395611	103.8828689
1.361396507	103.8749863
1.361398077	103.8737782
1.361398077	103.8737782
1.361400251	103.8806674
1.361401651	103.8838866
1.361402643	103.8831637
1.361402643	103.8831637
1.361403885	103.8807445
1.361404584	103.8764859
1.361411952	103.8780729
1.361412883	103.8759766
1.361416228	103.8852238
1.361421545	103.8822627
1.361423488	103.8752658
1.361423906	103.8742352
1.361425749	103.8861454
1.361425839	103.8835441
1.361426391	103.8812931
1.361434899	103.8798314
1.361441341	103.8764503
1.361445063	103.8827189
1.361447554	103.880344
1.361449298	103.875007
1.361451537	103.8737643
1.361451538	103.8737643
1.361457189	103.8861801
1.361458432	103.8822223
1.361466688	103.8807642
1.361473994	103.8742635
1.361474419	103.8752355
1.361479584	103.8764125
1.361479602	103.8811749
1.361482662	103.8835746
1.361485235	103.8745594
1.361485309	103.88212
1.361486178	103.880385
1.361489534	103.8862141
1.361501632	103.8826637
1.361503565	103.8790041
1.361505189	103.8840482
1.361506666	103.8750294
1.361508775	103.8737658
1.361508776	103.8737658
1.361515428	103.8807965
1.361515498	103.8772443
1.361521052	103.8862486
1.361521159	103.880428
1.361529685	103.8742775
1.361532173	103.8811493
1.361532175	103.8800369
1.361533519	103.8771918
1.361534493	103.88209
1.361534893	103.8745791
1.36154675	103.8796024
1.361549037	103.881568
1.361552821	103.8862829
1.361554243	103.8804698
1.361556856	103.8841011
1.361558501	103.8776293
1.361558569	103.8737367
1.36155857	103.8737367
1.361559326	103.8750507
1.361560568	103.8758919
1.361562189	103.8783663
1.361567291	103.8853638
1.361568385	103.8770961
1.361571876	103.8820508
1.361572845	103.8811054
1.361577617	103.8835382
1.361580394	103.8836366
1.36158478	103.886316
1.361588134	103.8742846
1.361598613	103.8763085
1.36159913	103.8779673
1.36160127	103.877013
1.361601601	103.8836934
1.361602976	103.8860732
1.361602976	103.8860732
1.361605663	103.8795506
1.361609201	103.8755575
1.361609295	103.8820118
1.361611625	103.8750832
1.36161771	103.88107
1.361617721	103.8815336
1.361620589	103.8826044
1.361621837	103.8805644
1.361628304	103.8747344
1.361631591	103.8863359
1.361635998	103.8758119
1.361638137	103.8841848
1.361644562	103.8783575
1.361646664	103.8819727
1.361647823	103.8755206
1.361648414	103.8832284
1.361649087	103.8860492
1.361653553	103.8762678
1.361654374	103.8837184
1.361663267	103.8863701
1.361663974	103.8810373
1.361666169	103.8842341
1.361668423	103.8750917
1.361676872	103.8742275
1.361679124	103.8814977
1.361679482	103.8794849
1.361682459	103.8806382
1.361682819	103.8736962
1.361682819	103.8736962
1.361685161	103.8837636
1.361685372	103.8832674
1.361685468	103.8776213
1.361689224	103.8842878
1.361689465	103.8754812
1.36169271	103.8860156
1.36169495	103.8864044
1.361695079	103.8747551
1.361700258	103.8843501
1.361702924	103.8783608
1.361703281	103.8825302
1.361711368	103.8838177
1.361719738	103.8770842
1.361720116	103.8819368
1.361723025	103.8745771
1.361724455	103.8768209
1.361725783	103.8833159
1.361726657	103.8864387
1.361728678	103.8794632
1.36173297	103.882117
1.361735532	103.8859809
1.361740211	103.8754566
1.361743934	103.87368
1.361743934	103.87368
1.361743965	103.8745238
1.3617445	103.8838628
1.361750445	103.8824797
1.361751411	103.8747819
1.361752486	103.8779691
1.361753465	103.8776132
1.361763777	103.87985
1.361764415	103.8744706
1.361764702	103.8833563
1.361765471	103.8783656
1.361767398	103.8864749
1.361768987	103.8794185
1.361772167	103.8801686
1.361772173	103.8754106
1.361772471	103.8821512
1.361773257	103.876111
1.361773774	103.87975
1.361774364	103.8859359
1.36177652	103.8839092
1.361778237	103.8770871
1.361785043	103.8744171
1.361788895	103.8810187
1.361796129	103.8839671
1.361796682	103.8756982
1.361796726	103.8768123
1.361802634	103.8823897
1.36180443	103.8738332
1.361806077	103.8863136
1.361806181	103.8743646
1.361806264	103.8834033
1.361808038	103.8779418
1.36180981	103.8859037
1.361813972	103.874807
1.361817907	103.8753671
1.361818486	103.8830479
1.361819963	103.8845351
1.361821682	103.879391
1.361823922	103.8783688
1.361828958	103.8802397
1.361832379	103.8809862
1.36183877	103.8743142
1.361839339	103.8840025
1.361841087	103.8823483
1.3618421	103.8844758
1.361842177	103.8760483
1.361842716	103.8862599
1.361845374	103.883444
1.361846969	103.877614
1.361847212	103.874258
1.361848229	103.8768181
1.361854758	103.8830946
1.361862079	103.8858694
1.361862079	103.8858694
1.36186208	103.8858694
1.361862976	103.8743885
1.36186299	103.8779751
1.36186488	103.884056
1.361865336	103.8844202
1.361867497	103.8742042
1.361869512	103.8793586
1.361870475	103.8797208
1.361872253	103.8748291
1.361877864	103.8823091
1.361879393	103.8751989
1.361879855	103.8735972
1.361879856	103.8735972
1.361880874	103.8813983
1.361886558	103.8783713
1.361886687	103.8834914
1.361887607	103.8758359
1.361888118	103.8741507
1.361890057	103.8787859
1.361892942	103.8831458
1.361896761	103.8843681
1.361897568	103.8858373
1.361899214	103.8786128
1.361902093	103.877048
1.361903394	103.8862537
1.36190529	103.8768205
1.361905936	103.8866418
1.361905936	103.8866418
1.361905936	103.8866418
1.361905936	103.8866418
1.361910428	103.8776171
1.361913172	103.8821702
1.361915416	103.8752346
1.361917452	103.8796949
1.361922142	103.8803542
1.361923549	103.8793311
1.361923667	103.8809179
1.361924735	103.8831899
1.361925717	103.8835331
1.361926318	103.8738335
1.36193309	103.8843291
1.361941173	103.8735864
1.361941173	103.8735864
1.361941373	103.8748368
1.36194195	103.8783766
1.361946135	103.8811655
1.361949111	103.8858021
1.36194946	103.8862129
1.361951021	103.8788338
1.36195471	103.8796294
1.361955497	103.8768274
1.361955599	103.8801248
1.361959557	103.8867812
1.361963292	103.886147
1.361965558	103.8846425
1.361967116	103.8835833
1.361967211	103.8808854
1.361967827	103.8832384
1.361973361	103.8779695
1.361975705	103.8812074
1.361976029	103.8849928
1.361977831	103.8792922
1.361978392	103.8804257
1.361984618	103.8857702
1.361984618	103.8857702
1.361984802	103.8738357
1.361988876	103.8788777
1.361989797	103.875798
1.361993005	103.8748759
1.361999475	103.8832823
1.362000091	103.8752738
1.362000325	103.8846856
1.362002324	103.8776602
1.362002664	103.8783982
1.362006587	103.8812498
1.362012457	103.8768314
1.362012835	103.8836283
1.362015889	103.8789541
1.362019653	103.8800733
1.362019684	103.8867253
1.362019684	103.8867253
1.362021165	103.8861251
1.362022139	103.8796193
1.362024142	103.8757566
1.362026703	103.877978
1.362035553	103.8756848
1.362036136	103.8818328
1.362037288	103.8812924
1.362038047	103.8857424
1.362038048	103.8857424
1.362041564	103.8753136
1.362042014	103.8833318
1.362046506	103.8847259
1.362052612	103.8795487
1.362053406	103.8771127
1.362057082	103.8784008
1.362057619	103.886095
1.362058321	103.8748933
1.362059902	103.88368
1.362062796	103.8768376
1.362065202	103.8841808
1.362067964	103.8813355
1.362069404	103.8776657
1.362071143	103.8756495
1.362072794	103.885706
1.362072794	103.885706
1.362074523	103.883377
1.362076567	103.8765482
1.3620797	103.876496
1.362081147	103.877975
1.362087346	103.88181
1.362087371	103.8803076
1.362089562	103.8800072
1.362090282	103.8754022
1.362093863	103.8763838
1.362096319	103.8810594
1.362099133	103.8813777
1.362099467	103.8868354
1.362103852	103.8847557
1.362107136	103.8860559
1.362113715	103.8749223
1.362114804	103.883431
1.362119454	103.8848201
1.362119812	103.8768404
1.362124204	103.8866082
1.362126747	103.8811001
1.362127036	103.8799648
1.362128127	103.879547
1.362128173	103.8838406
1.362131199	103.873964
1.362132066	103.8763229
1.362132174	103.8739137
1.362135195	103.8817836
1.362135864	103.8738621
1.36213601	103.8814235
1.362137725	103.8856787
1.36213874	103.8738099
1.362139938	103.8802769
1.362141285	103.873758
1.362143737	103.8737057
1.362144571	103.8860274
1.362146817	103.8839019
1.362147817	103.8834769
1.362149118	103.8736555
1.36215191	103.8839794
1.362152793	103.8786151
1.362153467	103.8755839
1.362154143	103.8848626
1.362158267	103.881142
1.362159693	103.880776
1.362165719	103.8827567
1.362170645	103.8799207
1.362172388	103.8745625
1.362172535	103.8761841
1.362173109	103.8768391
1.362175851	103.8859712
1.36217663	103.8749464
1.362179682	103.8745051
1.362180956	103.8795055
1.362182546	103.8784188
1.362182775	103.8865832
1.362183013	103.8760836
1.362183559	103.875537
1.362188927	103.8802493
1.362189778	103.8811841
1.362191642	103.8747599
1.362192466	103.8790439
1.362194792	103.8869188
1.362194792	103.8869188
1.36219702	103.8746327
1.362199154	103.882814
1.362199491	103.8776638
1.362200323	103.8744517
1.362201048	103.8746947
1.362202503	103.8849017
1.36221195	103.8869293
1.362213402	103.8754892
1.36221659	103.8809843
1.362217469	103.8820199
1.362218109	103.8798936
1.36221864	103.8743384
1.36222058	103.8865486
1.362220963	103.8812264
1.362221293	103.8817468
1.362225609	103.8788563
1.362230024	103.8744037
1.362230709	103.8859587
1.362232641	103.8844364
1.362238214	103.8821498
1.362241503	103.8780147
1.362242016	103.8770739
1.362243776	103.8754422
1.362243875	103.8849422
1.36225109	103.8862891
1.362251775	103.8812688
1.362253411	103.8749713
1.362254256	103.8784231
1.362259161	103.8742917
1.3622603	103.8821992
1.362261345	103.8829146
1.36226587	103.8802138
1.362269307	103.8798529
1.362269545	103.884999
1.362271071	103.8817198
1.362273954	103.8753951
1.362276511	103.8839896
1.362280414	103.8859196
1.362280832	103.8810692
1.362284169	103.8813187
1.362289363	103.8735625
1.362289364	103.8735625
1.362293379	103.8845004
1.362300651	103.8792408
1.362302091	103.8829632
1.362304065	103.875348
1.362304908	103.8862348
1.362305898	103.8850435
1.362306879	103.8801846
1.36230953	103.8738534
1.362316068	103.8798251
1.362318565	103.8858893
1.362321217	103.8863015
1.362322479	103.8816907
1.362322521	103.87842
1.362325151	103.878919
1.36232895	103.8840296
1.362332849	103.8813364
1.362335298	103.8806003
1.362336187	103.8760336
1.362340382	103.8811476
1.362341757	103.8776978
1.362345094	103.8753099
1.362347771	103.8735654
1.362347771	103.8735654
1.362354776	103.884568
1.362357454	103.8792681
1.362360205	103.8801401
1.362361373	103.88097
1.362362105	103.8830629
1.36236361	103.8787524
1.362363804	103.8786444
1.362366224	103.8861913
1.362366258	103.878806
1.362372846	103.8786955
1.362374362	103.8865354
1.36237741	103.8771456
1.362377895	103.879799
1.362380939	103.8805659
1.362382269	103.8851338
1.362384037	103.885051
1.362386812	103.8750345
1.362393114	103.8818994
1.362393114	103.8818994
1.36239682	103.8791336
1.362397024	103.8793105
1.362397205	103.878431
1.362399	103.8790785
1.362399646	103.8831149
1.362401958	103.8740044
1.36240283	103.8800898
1.362404226	103.8790202
1.362405044	103.8767451
1.362406277	103.8812341
1.362408756	103.8766891
1.36241011	103.8735688
1.362410111	103.8735688
1.362414231	103.8815467
1.362419255	103.8846338
1.362421826	103.8861391
1.362422415	103.8765843
1.362423292	103.8864871
1.362425051	103.8765208
1.362425324	103.8793645
1.362426859	103.8809145
1.362431518	103.8805286
1.36243157	103.8764639
1.362432322	103.884314
1.362440124	103.8815926
1.362440313	103.8797771
1.362443232	103.8781508
1.362446123	103.8780932
1.362449002	103.8780279
1.362450475	103.8832199
1.362456182	103.8779035
1.362456681	103.8800573
1.362461385	103.8784496
1.362467523	103.8735725
1.362467523	103.8735725
1.36246899	103.8750679
1.362472345	103.8860844
1.362477368	103.8759042
1.362481955	103.8758342
1.36248316	103.8762982
1.362485036	103.8816722
1.362486968	103.8762418
1.36248802	103.8832719
1.362488598	103.880508
1.362490433	103.8777758
1.36249056	103.8761851
1.362494511	103.8776959
1.362496196	103.8769322
1.362497123	103.8749424
1.362498118	103.8811422
1.362499397	103.8776089
1.362500409	103.8807255
1.362500566	103.8768561
1.362503323	103.8775301
1.362504251	103.8841666
1.362509537	103.8847661
1.362510929	103.8817181
1.362511048	103.8862872
1.362513458	103.8763634
1.362513677	103.8800385
1.362519854	103.8757369
1.362520413	103.8748884
1.362520658	103.877295
1.362521735	103.8740363
1.362525146	103.8772167
1.362527771	103.8736405
1.362527771	103.8736405
1.362528978	103.8779868
1.362530173	103.8867015
1.362530429	103.8771306
1.362534332	103.877051
1.362534706	103.8804582
1.362538514	103.8746144
1.362542764	103.8872334
1.362542765	103.8872334
1.362542765	103.8872334
1.362542765	103.8872334
1.362542765	103.8872334
1.362542765	103.8872334
1.362542765	103.8872334
1.362542765	103.8872334
1.362542765	103.8872334
1.362542765	103.8872334
1.362542765	103.8872334
1.362542765	103.8872334
1.362542765	103.8872334
1.362542765	103.8872334
1.362542765	103.8872334
1.362542765	103.8872334
1.362543898	103.8807667
1.36254624	103.8848114
1.362546785	103.8842005
1.362549215	103.8745675
1.362549567	103.8863318
1.362550233	103.8835518
1.362550747	103.8760849
1.362554894	103.8760326
1.362555925	103.8817978
1.362557592	103.8747629
1.362565531	103.8810867
1.362569547	103.8866629
1.362575322	103.8799955
1.362576776	103.8744352
1.362581817	103.8818437
1.362582024	103.8755138
1.362583582	103.8736432
1.362583582	103.8736432
1.362583616	103.8848587
1.362586589	103.8808166
1.362591856	103.8756802
1.362594402	103.8756242
1.362606469	103.8755707
1.362606813	103.875162
1.362607376	103.8754439
1.362610506	103.8750933
1.362610992	103.886622
1.362617189	103.8808661
1.362619086	103.8865516
1.362621997	103.8803944
1.362622351	103.8799671
1.362629806	103.8849162
1.362645506	103.8864965
1.362646215	103.8736467
1.362646215	103.8736467
1.36266217	103.8809108
1.362665118	103.8803633
1.362667454	103.8820865
1.362673421	103.8802734
1.362675494	103.8742298
1.362676729	103.8854309
1.362677401	103.8741751
1.362680603	103.8741206
1.362682338	103.8864512
1.362683075	103.8740656
1.362685636	103.8740109
1.362688691	103.8739562
1.362691745	103.8739015
1.362692034	103.8842916
1.362694798	103.8738467
1.362694809	103.8874279
1.362700363	103.8845428
1.362700887	103.8809538
1.362701265	103.8870275
1.362703657	103.8845431
1.362704915	103.8825429
1.362713169	103.8797223
1.362721675	103.8736499
1.362737628	103.8810052
1.362743154	103.8869915
1.362752538	103.8820176
1.36275448	103.8847851
1.362760434	103.8802866
1.362761936	103.8814434
1.362762724	103.8810558
1.362764205	103.8875158
1.362767597	103.8833823
1.362769806	103.8875087
1.362772051	103.880503
1.362777969	103.8806009
1.36277822	103.8777577
1.362781887	103.8784357
1.362785028	103.8847258
1.362786966	103.8777363
1.362789742	103.8797443
1.362807589	103.8875487
1.362812099	103.8802521
1.362814133	103.8795819
1.362820408	103.8814193
1.362824813	103.8869912
1.362825601	103.8787016
1.36282884	103.8786308
1.362830118	103.8797726
1.362831044	103.8819509
1.362833402	103.884691
1.36283678	103.8764427
1.36283836	103.8794989
1.362841213	103.8793685
1.36284575	103.8875882
1.362859847	103.8802234
1.362861305	103.8792846
1.362863255	103.8869577
1.362865408	103.8805929
1.362878362	103.8856256
1.362879475	103.8819247
1.362879794	103.8876314
1.362879796	103.884665
1.362886208	103.8838065
1.362889873	103.8806445
1.362890585	103.8866929
1.362893407	103.8873227
1.362893409	103.8873227
1.362895569	103.8768296
1.362898025	103.8791064
1.362898255	103.8767783
1.362900843	103.8742336
1.362901162	103.8767183
1.362903455	103.876667
1.36290402	103.8788864
1.362911505	103.8772435
1.362911968	103.8813436
1.362913442	103.8852417
1.362915452	103.8798395
1.362918532	103.8764005
1.362919482	103.8867561
1.362921439	103.8846248
1.362921599	103.8763404
1.362923772	103.8762892
1.362926935	103.8876857
1.362927523	103.8750922
1.362930583	103.880696
1.362931621	103.8807882
1.36293884	103.8755192
1.362941764	103.8754583
1.362942302	103.8876796
1.362945342	103.8784563
1.362945387	103.8754009
1.362956272	103.8867976
1.362959361	103.8813008
1.362959612	103.8845916
1.362966609	103.8804011
1.362969799	103.8808241
1.36297172	103.8817934
1.362989664	103.8832254
1.362991201	103.8868369
1.362992031	103.8770314
1.362995066	103.8757202
1.362999993	103.8756503
1.363002875	103.8750964
1.363006748	103.8845548
1.363028023	103.8868785
1.363030977	103.8784683
1.363039968	103.8761637
1.363042082	103.8768013
1.363042232	103.8863375
1.363044502	103.8804909
1.363045528	103.876094
1.363048456	103.8857524
1.363055283	103.8812277
1.363055751	103.8845317
1.363059196	103.8759454
1.36306343	103.8869188
1.3630639	103.8758752
1.36306613	103.8763401
1.36306624	103.8799812
1.363069305	103.8739454
1.363072692	103.8863906
1.363089311	103.8768041
1.363091196	103.8836848
1.36309216	103.8754772
1.363102282	103.8845019
1.363105387	103.8811875
1.363111614	103.8841889
1.363115178	103.8864352
1.363115313	103.876343
1.363128001	103.8844555
1.363132011	103.8799856
1.363133785	103.8748731
1.363135717	103.8768067
1.36313985	103.8751032
1.363141644	103.880628
1.363148778	103.8746604
1.36314946	103.8754804
1.363150806	103.8850518
1.363153178	103.8864758
1.363153426	103.8744119
1.363159778	103.8763455
1.36316249	103.8784806
1.363165527	103.8741664
1.363177368	103.8841447
1.363179149	103.8816941
1.363190976	103.8799881
1.363193961	103.8796164
1.363196214	103.8833443
1.363196404	103.8795625
1.363196546	103.8865194
1.36319797	103.8798374
1.363201003	103.8797835
1.363202318	103.8793902
1.363204021	103.8797297
1.363207807	103.8879757
1.363210652	103.8754843
1.363210967	103.8795012
1.36321219	103.879184
1.363215159	103.8791257
1.363217213	103.8790762
1.363221303	103.8793007
1.363222833	103.875118
1.363226269	103.8789459
1.363230313	103.8788677
1.363232825	103.8784823
1.363234699	103.8787404
1.363234967	103.8865618
1.363236594	103.878689
1.36323939	103.8786332
1.36324376	103.8840965
1.363257466	103.8799949
1.363270121	103.8815933
1.363280565	103.8877544
1.363281018	103.883557
1.363286831	103.888034
1.363289651	103.8809834
1.363292674	103.8772329
1.363296062	103.8866651
1.363300511	103.8847652
1.3633176	103.8770161
1.363321942	103.8754962
1.363323512	103.8799951
1.363324521	103.8784893
1.363325591	103.8827995
1.363331251	103.8815524
1.363331363	103.8856241
1.363332233	103.8864142
1.363333092	103.8803097
1.363335662	103.8870136
1.363337329	103.8840267
1.363347848	103.8847975
1.363349017	103.8751566
1.363349809	103.8842233
1.36334981	103.8842233
1.36334981	103.8842233
1.36334981	103.8842233
1.363350073	103.8768446
1.363354565	103.8767621
1.363361013	103.8808701
1.363368659	103.8747143
1.363375393	103.8745311
1.363376626	103.8765704
1.363381082	103.8803597
1.363381411	103.8757376
1.363382029	103.8869703
1.363383201	103.8759654
1.363387034	103.8758878
1.363387496	103.8761845
1.363387593	103.8829232
1.363390711	103.8761095
1.36339138	103.8763213
1.363392583	103.8848324
1.36339432	103.8755016
1.363394719	103.878495
1.363395139	103.8764007
1.363396588	103.8756523
1.363405558	103.8839757
1.363412428	103.8829767
1.363415268	103.8742464
1.363419311	103.8867299
1.363423825	103.8751608
1.363437052	103.8848668
1.363443814	103.8830331
1.363450695	103.886766
1.363451602	103.8863292
1.363465459	103.8750071
1.36347139	103.8743182
1.363476562	103.8875931
1.363480003	103.8849005
1.363480648	103.874907
1.363481846	103.886799
1.363487487	103.8813818
1.363489188	103.884318
1.363489188	103.884318
1.363489188	103.884318
1.363489188	103.884318
1.363489188	103.884318
1.363489188	103.884318
1.363489323	103.8827349
1.363495941	103.8830692
1.363507946	103.8751658
1.363510407	103.8755112
1.363514473	103.8868343
1.363516137	103.8875546
1.36351876	103.8880202
1.363524777	103.8849323
1.363528742	103.8803523
1.363539758	103.8831259
1.36354	103.8845097
1.363555174	103.8839367
1.36355557	103.8805374
1.363556413	103.8747522
1.363559969	103.8868794
1.363560485	103.874687
1.363562761	103.8875246
1.363567818	103.8849665
1.363572561	103.8854368
1.36357286	103.8800108
1.363573217	103.8831693
1.363573803	103.8866274
1.363580031	103.8751702
1.363586386	103.8755143
1.363590862	103.8869154
1.363592557	103.8803551
1.363603666	103.8832316
1.363607699	103.8795405
1.363609211	103.887494
1.363611382	103.8850007
1.363613753	103.8863249
1.36361455	103.8833785
1.363622213	103.8869487
1.363622569	103.8859793
1.363624985	103.8832924
1.363632947	103.8805754
1.36363972	103.8826298
1.363641626	103.8845237
1.363642547	103.8800162
1.36365104	103.8874589
1.363653134	103.8803589
1.363654749	103.8780967
1.363655066	103.8869843
1.363657002	103.8850336
1.363663517	103.8844291
1.363666243	103.8876746
1.363684482	103.8839118
1.363686226	103.879848
1.363687846	103.8874128
1.36368998	103.879774
1.363690213	103.8833294
1.363690596	103.8785378
1.363694155	103.8834658
1.363694846	103.8806027
1.363695017	103.8784547
1.363698309	103.8873409
1.363699128	103.8830485
1.363699782	103.8877147
1.363700323	103.8850685
1.363708602	103.8780987
1.363712955	103.88002
1.363713856	103.8812929
1.363715383	103.8803631
1.363715575	103.8843892
1.363719116	103.8833765
1.363724764	103.8796429
1.363734408	103.8773101
1.363735779	103.8791085
1.363738775	103.8811934
1.363740054	103.8772089
1.363740403	103.8877563
1.363742148	103.87942
1.36374323	103.8789298
1.36374471	103.8851028
1.363745697	103.8793333
1.363748493	103.8830146
1.363751238	103.8825823
1.363751313	103.8791974
1.363753883	103.8787752
1.363756632	103.8787169
1.363757407	103.8806215
1.36376022	103.8786572
1.363760821	103.8842293
1.363766109	103.883814
1.363768861	103.8873435
1.363769293	103.8840655
1.363774181	103.8803674
1.363776403	103.8872554
1.363782824	103.8800223
1.363787637	103.882986
1.363789291	103.8851367
1.363791199	103.882553
1.363796441	103.8847206
1.363800788	103.8846392
1.36380384	103.878105
1.363806879	103.8842104
1.363807177	103.8837896
1.363812885	103.8779664
1.363818281	103.8778788
1.363825829	103.8755579
1.363826514	103.8754632
1.363831016	103.8775307
1.363832765	103.8851709
1.363836057	103.8774393
1.363836067	103.8829508
1.363836452	103.8773174
1.363838523	103.8776664
1.363841387	103.8747789
1.36384212	103.8877543
1.363842164	103.8772128
1.363842561	103.883243
1.363844014	103.8785212
1.363855923	103.8824841
1.363858073	103.878108
1.363860271	103.8749205
1.36386073	103.8856804
1.363867579	103.876782
1.36387054	103.8770806
1.363873646	103.877013
1.36387663	103.8829192
1.363876873	103.8852043
1.363877475	103.8847172
1.363878675	103.8749924
1.363879805	103.8766514
1.363881487	103.8862927
1.363881822	103.8837149
1.363884375	103.8764302
1.363884619	103.8768652
1.363886315	103.8847844
1.363890125	103.8832063
1.363891967	103.876568
1.363892841	103.8750817
1.363893558	103.88038
1.363896248	103.8841434
1.363896605	103.8863777
1.363897022	103.8857189
1.363897535	103.8763521
1.363897609	103.8875312
1.363899889	103.875143
1.363901464	103.8824507
1.363911773	103.8874493
1.363912005	103.8762129
1.363912154	103.8781096
1.363916392	103.8761299
1.363916393	103.8761299
1.363917968	103.875241
1.36392054	103.8759938
1.363921842	103.8852398
1.363924445	103.8848243
1.363924841	103.8756781
1.363925066	103.8836858
1.363926179	103.8759107
1.363929204	103.8831777
1.363930404	103.8757767
1.363935492	103.8875665
1.363935734	103.8753502
1.363935812	103.8857601
1.363940179	103.886422
1.36394032	103.875297
1.363944394	103.8841082
1.363946578	103.8773134
1.363950211	103.8808401
1.36395137	103.8772284
1.363954485	103.8807646
1.363955091	103.8824292
1.36395882	103.8828521
1.363959397	103.8803826
1.363962915	103.8836537
1.36396359	103.8805871
1.363964239	103.8871511
1.363972348	103.885799
1.363973341	103.8875982
1.363974785	103.8848517
1.363977544	103.8831423
1.363978792	103.8755243
1.36398238	103.8743339
1.36398609	103.8864714
1.363992852	103.8809725
1.363996372	103.8800718
1.363997744	103.8823975
1.364000746	103.880005
1.364000949	103.8828224
1.364002641	103.8798656
1.364005968	103.8797917
1.364011139	103.8858402
1.364012581	103.8848898
1.364016154	103.8871048
1.364019904	103.8831132
1.36402522	103.8781543
1.364029667	103.8865163
1.364030636	103.8810575
1.364031266	103.880386
1.364032549	103.8794514
1.364036704	103.8793915
1.364039774	103.8793333
1.364044024	103.8823644
1.364044902	103.8827868
1.36404767	103.8858791
1.364056274	103.8790155
1.364059386	103.8785292
1.364059726	103.8743497
1.364059875	103.8789533
1.364060174	103.8747501
1.36406082	103.8849178
1.364062951	103.8788902
1.364065286	103.8792099
1.364067389	103.8870792
1.364069963	103.8791362
1.364069984	103.8841904
1.364075168	103.8865662
1.364075336	103.878177
1.364076108	103.8770607
1.364076109	103.8796534
1.364076587	103.8840108
1.364078503	103.8795715
1.364080459	103.8786779
1.364084315	103.8823279
1.364086472	103.8859204
1.364087451	103.8787853
1.364089855	103.8787353
1.364090278	103.882758
1.364091558	103.8841419
1.364097053	103.8803893
1.364098896	103.8870258
1.364107075	103.883059
1.364107232	103.8779945
1.364111357	103.8779386
1.36411614	103.8846357
1.364117502	103.8835903
1.364119409	103.886609
1.364122722	103.885959
1.364132626	103.8822992
1.364132682	103.8777743
1.364132706	103.8781402
1.364135327	103.8775533
1.364135352	103.8869942
1.364136052	103.8827238
1.36413661	103.877878
1.364138293	103.8776673
1.36414144	103.8774485
1.364141492	103.8773431
1.364141721	103.8872374
1.364144925	103.8772822
1.364145306	103.8777208
1.364145916	103.8747499
1.364145919	103.878534
1.364148998	103.8849084
1.364149476	103.8849843
1.36415626	103.8772178
1.364159641	103.8830383
1.364159657	103.8749175
1.364162552	103.8846118
1.364163633	103.8757455
1.364165862	103.8839382
1.364167963	103.8768849
1.364168106	103.8768848
1.36417015	103.8759091
1.364174805	103.8872749
1.364176043	103.8822664
1.364176111	103.884069
1.364179342	103.8826936
1.364179842	103.8760303
1.364182151	103.8759768
1.364186262	103.8749758
1.364186904	103.8850235
1.364187656	103.8768065
1.364187684	103.8781433
1.364187731	103.8766666
1.364189365	103.8834292
1.364192551	103.876585
1.364194284	103.8764483
1.364195896	103.8857303
1.364198627	103.8763667
1.364199859	103.8761331
1.364205918	103.8830055
1.364210969	103.8744184
1.364213376	103.8762451
1.364219368	103.8873071
1.364225263	103.8826598
1.364230776	103.8750943
1.364236836	103.8850507
1.364237652	103.8829586
1.364242398	103.8781462
1.364244125	103.8834092
1.364247053	103.8873507
1.364248844	103.8771221
1.364251963	103.8770619
1.364266163	103.8861678
1.364266187	103.8750176
1.364268586	103.8826292
1.364271479	103.8855158
1.364274529	103.8744636
1.364277378	103.8829168
1.364280484	103.8844891
1.364280907	103.8850779
1.364283147	103.8751444
1.364287962	103.8838287
1.364298169	103.8752064
1.364307204	103.8834008
1.364313211	103.8748322
1.364323454	103.8825989
1.364328598	103.8846419
1.364335382	103.8833475
1.364336705	103.8829074
1.364356367	103.8857134
1.364361894	103.8853738
1.364366457	103.8753145
1.364370029	103.8828575
1.364370977	103.8748576
1.364372627	103.884826
1.36437814	103.8753795
1.364380404	103.874533
1.364384471	103.8833212
1.364390625	103.8821881
1.364400185	103.8853423
1.364405892	103.8828079
1.364410181	103.8754368
1.364410701	103.8841696
1.36441586	103.8755016
1.364419722	103.8755674
1.364420509	103.8832791
1.36442414	103.8847785
1.364437225	103.884189
1.364443057	103.8853074
1.364446437	103.8821829
1.364448978	103.8756239
1.364458488	103.8745641
1.364461701	103.8842314
1.364468262	103.8832487
1.36446915	103.883791
1.364470479	103.8756832
1.364471382	103.875746
1.364481499	103.8852746
1.364484446	103.8842855
1.3644969	103.8782027
1.364498343	103.8824171
1.364501315	103.8749595
1.36450217	103.8821856
1.364504399	103.8832059
1.364509312	103.8843288
1.364516616	103.8837677
1.364518251	103.8843887
1.364525696	103.8836887
1.364526119	103.8758498
1.364533695	103.8844444
1.364535475	103.8846333
1.364544416	103.8859434
1.364548414	103.883173
1.364552613	103.8846815
1.364555576	103.8782068
1.364555871	103.884488
1.364556937	103.8821601
1.364557278	103.8824043
1.364569748	103.8758949
1.364575559	103.8812082
1.364576043	103.8847427
1.364581284	103.874959
1.364588346	103.8831375
1.364591322	103.8766963
1.364591965	103.8848081
1.364597412	103.876019
1.364597613	103.8746272
1.364599032	103.8836944
1.364599234	103.8759532
1.364603002	103.8854965
1.364605503	103.8751171
1.36460615	103.878207
1.364609004	103.8821534
1.36460916	103.876791
1.364616308	103.8824165
1.364616472	103.8834402
1.364623019	103.8751672
1.364631956	103.8768788
1.364635922	103.8761348
1.364641244	103.8760692
1.364641259	103.8841893
1.36464196	103.8778044
1.364643941	103.8752323
1.364644673	103.8836633
1.364644691	103.8769379
1.364644989	103.8777488
1.364647987	103.8776938
1.364648634	103.8746526
1.364658089	103.878011
1.364662005	103.8779277
1.364662161	103.8772565
1.36466246	103.8821293
1.36466263	103.8774728
1.364665328	103.8827598
1.364667877	103.8771324
1.364667947	103.8824095
1.364671294	103.8782139
1.364671744	103.8857936
1.364673469	103.8752859
1.364674589	103.8775669
1.364687249	103.8770519
1.364687326	103.8753506
1.364687386	103.8841739
1.364687997	103.8836308
1.364694134	103.877356
1.364700019	103.8754087
1.364718088	103.8821388
1.364719535	103.8782153
1.364720469	103.882746
1.364722318	103.8823895
1.364725675	103.8829377
1.364728984	103.8754701
1.364735047	103.8756526
1.364744645	103.8853225
1.364747618	103.8840147
1.364748446	103.875521
1.364752896	103.8832179
1.364773093	103.8747237
1.364775316	103.8821305
1.364775412	103.882739
1.364776805	103.8823939
1.364781012	103.8756937
1.36480422	103.8832168
1.364810812	103.8757522
1.364820302	103.8844516
1.364820389	103.8758159
1.364826894	103.8856631
1.364829237	103.8821349
1.364829648	103.8827277
1.364832147	103.8823783
1.364850618	103.8758715
1.364850861	103.8832018
1.364854693	103.8747371
1.36485791	103.884511
1.36486053	103.8781958
1.364861747	103.8759273
1.364864349	103.8780198
1.36487103	103.8851959
1.364871348	103.8845657
1.364873778	103.8842401
1.364874379	103.877895
1.36487601	103.8750887
1.36488134	103.8846308
1.364884715	103.8821153
1.364885125	103.8823584
1.364889184	103.8827438
1.364893528	103.8846869
1.364895617	103.878148
1.364899448	103.8832077
1.364908447	103.8785532
1.364911911	103.8847488
1.364912146	103.8772825
1.364918262	103.8848067
1.364923196	103.8893795
1.364931551	103.875264
1.364932392	103.8781148
1.364933678	103.8848659
1.364934068	103.8852684
1.364939381	103.8778983
1.364939852	103.8773434
1.364940486	103.8827352
1.364943893	103.8823707
1.364949677	103.8835913
1.364955974	103.8821248
1.364962295	103.8752642
1.364966691	103.8751545
1.364968599	103.8774562
1.36496917	103.8780816
1.364972113	103.8773894
1.36497895	103.8753821
1.36497895	103.8753821
1.364986745	103.8748084
1.364990404	103.8823639
1.364993805	103.885295
1.364993944	103.877717
1.364993944	103.877717
1.364993944	103.877717
1.364993944	103.877717
1.364994399	103.8785747
1.364996786	103.8856032
1.36499808	103.8827271
1.364999914	103.877717
1.365001558	103.8835983
1.365001879	103.8753229
1.365001977	103.8753229
1.365004386	103.8779015
1.365005945	103.8780483
1.365023233	103.8755002
1.365023234	103.8755002
1.365026078	103.8754561
1.365026078	103.8754561
1.365035044	103.8774774
1.365039277	103.8786099
1.36504342	103.8870388
1.365045721	103.8748454
1.36504802	103.8853108
1.365053335	103.8827228
1.365053341	103.8827228
1.365056435	103.8780146
1.365057785	103.8836636
1.365068002	103.8756184
1.365068003	103.8756184
1.365069391	103.8779048
1.365070658	103.8755741
1.365070658	103.8755741
1.365089844	103.8759295
1.365090157	103.8775162
1.365101159	103.8821285
1.365101636	103.8782135
1.365112685	103.8836833
1.365115064	103.8829629
1.365125715	103.8823036
1.365126462	103.8786733
1.365134336	103.8779045
1.365144764	103.8830082
1.365149643	103.8781786
1.365171324	103.8787075
1.3651729	103.8830613
1.365180234	103.8824834
1.365187571	103.8821198
1.365188671	103.8825424
1.365189191	103.8831113
1.365191843	103.8749031
1.36519307	103.8781385
1.365195798	103.8825941
1.365203382	103.8826509
1.365205413	103.8807106
1.365210424	103.8827028
1.365212163	103.8807621
1.365218052	103.8827597
1.36521806	103.8787433
1.365218423	103.8808186
1.365219514	103.8831634
1.365223102	103.8836503
1.365224922	103.8828127
1.365233041	103.8781034
1.365236005	103.8806473
1.365236011	103.8832132
1.365240683	103.8752704
1.365243737	103.8808674
1.365247723	103.880924
1.3652536	103.8749238
1.365253995	103.8809748
1.365259336	103.8810313
1.365261566	103.8787794
1.365265528	103.8810846
1.365267739	103.8817674
1.365271	103.8832739
1.365271657	103.8811935
1.36527804	103.8812465
1.365282263	103.8836544
1.365284685	103.881305
1.365286118	103.878037
1.365289681	103.8813569
1.365294427	103.8749496
1.36529595	103.8814154
1.365297141	103.8850894
1.365297141	103.8850894
1.365302304	103.8814671
1.36530241	103.8753375
1.365304321	103.882898
1.365304818	103.8788136
1.365307714	103.8815257
1.365311941	103.8822743
1.365316673	103.8815783
1.365318392	103.8820888
1.365319301	103.8829416
1.365322338	103.8779242
1.36532531	103.8817602
1.365333657	103.8829842
1.365348007	103.8830268
1.36534931	103.8850335
1.365362363	103.8830694
1.365362594	103.8779661
1.365363859	103.8784403
1.365364083	103.8820179
1.365373569	103.8839641
1.365376712	103.8831121
1.365382142	103.884979
1.365389074	103.8750157
1.365391067	103.8831547
1.365393841	103.8788788
1.36540266	103.8780094
1.36540541	103.8831984
1.365405868	103.8784733
1.365415468	103.8817463
1.365419239	103.8756685
1.365422414	103.8858762
1.365423674	103.882073
1.365426681	103.8836582
1.365433506	103.8839583
1.36543702	103.8849377
1.36543765	103.8789128
1.365441218	103.8780527
1.365445218	103.8753629
1.365453112	103.8785092
1.365455111	103.882848
1.365457431	103.8750421
1.365466236	103.8756414
1.365470279	103.8828914
1.365470744	103.8817401
1.365482643	103.8848944
1.365483857	103.8789497
1.365483983	103.8902003
1.365484627	103.882934
1.365492174	103.8836654
1.365494651	103.8785427
1.365498976	103.8829766
1.365502757	103.8858144
1.365505781	103.8754052
1.365513329	103.8830193
1.365514515	103.875612
1.365525398	103.8830631
1.365526217	103.8789824
1.36553096	103.8894606
1.365534459	103.882554
1.36553513	103.878347
1.365544074	103.8826073
1.365545844	103.8817321
1.365546311	103.8785733
1.365549342	103.8827136
1.365550766	103.8826591
1.36555608	103.8847636
1.365558793	103.8755851
1.365570585	103.8799519
1.365572576	103.8790192
1.365575553	103.8783095
1.365583628	103.8786121
1.365588042	103.8751149
1.365599291	103.8856178
1.365607074	103.8755557
1.365607681	103.8759678
1.36560862	103.8806082
1.365611867	103.8817221
1.365614929	103.8790522
1.365619688	103.87827
1.365622356	103.8839626
1.365627435	103.8786479
1.365645478	103.8806649
1.365645559	103.8751172
1.365647239	103.886154
1.365647882	103.8882649
1.365651235	103.8850679
1.365651349	103.8755288
1.365653458	103.8759379
1.365654272	103.8808245
1.365658656	103.8807153
1.365660262	103.8782324
1.365661065	103.8820539
1.365661231	103.8813715
1.365661498	103.8790887
1.365661749	103.8808807
1.365661775	103.8856854
1.365664718	103.8817155
1.365665461	103.8814242
1.365667747	103.8809315
1.365669072	103.8807718
1.365673144	103.8832063
1.365674459	103.8809879
1.36567447	103.8786845
1.365676216	103.8811491
1.36567711	103.8831605
1.365679227	103.8810445
1.365681339	103.8831157
1.365682278	103.8837063
1.365684744	103.8812008
1.365685573	103.883071
1.365689222	103.8812547
1.365689804	103.8830263
1.365692262	103.8860965
1.365693563	103.8813119
1.365694035	103.8829815
1.365698265	103.8829368
1.365699627	103.8754994
1.365701345	103.8759082
1.3657025	103.882892
1.365703389	103.8791222
1.365707225	103.8828459
1.365711657	103.8852155
1.365715998	103.8787176
1.365721382	103.8834969
1.365726883	103.8820443
1.365730993	103.8817075
1.365741936	103.876146
1.365745267	103.8754701
1.36574553	103.8758808
1.365751585	103.8791651
1.365758495	103.8897201
1.365761274	103.8852189
1.365763469	103.8787536
1.365771916	103.8784373
1.365786491	103.8761148
1.365787233	103.8820375
1.365787969	103.8817016
1.365793417	103.8758511
1.365795734	103.8835026
1.365797808	103.8860036
1.365804861	103.8787872
1.365807382	103.8780498
1.365812819	103.8800395
1.365820156	103.882247
1.365821716	103.8781002
1.365822483	103.8852252
1.365831745	103.8792063
1.365831874	103.8760815
1.36583303	103.8859496
1.365837421	103.8827589
1.36584017	103.8758235
1.365840594	103.8781641
1.365841596	103.8785589
1.365848499	103.8848563
1.365849025	103.8785053
1.365852756	103.8820283
1.365853522	103.8802264
1.365856834	103.8831856
1.36585858	103.878449
1.365866224	103.8783988
1.365866996	103.8831399
1.365869061	103.8859055
1.365873753	103.8760507
1.365873995	103.8783422
1.365877216	103.88523
1.365877351	103.8830958
1.365882221	103.8873871
1.365882816	103.8782871
1.365886689	103.8824362
1.365887317	103.883052
1.365893251	103.8807597
1.365895988	103.8824863
1.365897317	103.8808105
1.365897374	103.8830079
1.365903207	103.8808743
1.365903266	103.8810528
1.365903601	103.8825423
1.36590368	103.881375
1.365905406	103.885842
1.365907479	103.8809269
1.365907578	103.8829645
1.365908252	103.8825951
1.365910892	103.8837336
1.365913435	103.8809905
1.365915269	103.8820207
1.365917753	103.8829204
1.365919139	103.8760174
1.365922857	103.8834954
1.365927882	103.882877
1.365934652	103.8811699
1.365938109	103.8828326
1.365939366	103.8836828
1.365942269	103.8836292
1.365948089	103.8827892
1.365948578	103.881221
1.365951065	103.8797672
1.365954821	103.8857806
1.365958408	103.8827451
1.36595898	103.885305
1.365960362	103.8886465
1.365960368	103.8886465
1.365962	103.8759845
1.365963102	103.8812842
1.365963556	103.8849871
1.365963561	103.8849871
1.365971205	103.8764172
1.365975562	103.8826957
1.365976422	103.8813345
1.365987261	103.8806064
1.36599225	103.8813973
1.365992903	103.8797319
1.365992914	103.8790327
1.366002784	103.8814502
1.366003426	103.8755768
1.36600354	103.8867361
1.366008241	103.8835163
1.366018669	103.8853101
1.366019909	103.8815107
1.366020648	103.8763791
1.366024534	103.8754472
1.366026182	103.8857061
1.366028458	103.8796834
1.366033814	103.8815613
1.366035742	103.8755249
1.366040158	103.8790118
1.366048729	103.881624
1.366051208	103.879634
1.366055217	103.8832736
1.366055915	103.8789569
1.366062647	103.8816753
1.366063933	103.8763473
1.366069288	103.8832087
1.366070037	103.8766018
1.366071285	103.8844552
1.366072175	103.8853121
1.366074154	103.8806086
1.366077664	103.8831056
1.366078385	103.8825486
1.366081747	103.8778019
1.366087336	103.8789075
1.366088624	103.8841775
1.366090074	103.883048
1.366095027	103.8795927
1.366096823	103.8778582
1.36610038	103.8835352
1.36610275	103.8788511
1.366102751	103.8863638
1.366110843	103.8763128
1.366111517	103.8779128
1.366115754	103.8765707
1.366123195	103.8829426
1.366125022	103.8899609
1.36612562	103.877962
1.3661261	103.8795503
1.36612791	103.8841325
1.366135794	103.8828874
1.366136766	103.8805966
1.366139498	103.878017
1.366143809	103.8787395
1.366145126	103.8786823
1.366154746	103.8780688
1.366157009	103.8762805
1.366160491	103.8786264
1.366161118	103.8765374
1.366161574	103.8795019
1.366164226	103.8827788
1.366167776	103.8785735
1.366168336	103.8781181
1.366175269	103.8827262
1.366177872	103.8785153
1.366182646	103.8781729
1.366183361	103.8853316
1.366185596	103.8784624
1.36618874	103.8826691
1.366189911	103.8805887
1.366190375	103.8840622
1.366192634	103.8794596
1.36619484	103.8784044
1.366198915	103.8782256
1.366200482	103.882616
1.366203027	103.8765066
1.366203186	103.8825048
1.36620349	103.8783489
1.36621402	103.8824495
1.36621666	103.8809654
1.366220821	103.8860043
1.366224066	103.8791787
1.366226785	103.8823995
1.366230628	103.8840193
1.36623135	103.8846279
1.366233563	103.8853413
1.36624839	103.8764733
1.366249652	103.8791289
1.366251985	103.8799854
1.366252813	103.8805773
1.366260944	103.8849914
1.366274082	103.8823402
1.366274345	103.8790778
1.36627946	103.8888089
1.366279703	103.8809537
1.366281914	103.8770172
1.366283467	103.8784192
1.366288049	103.8853514
1.366290295	103.8811383
1.366290787	103.8764411
1.366291208	103.8846114
1.366296917	103.8790318
1.36630314	103.8811909
1.366305524	103.8805683
1.366308079	103.8776927
1.366310565	103.8758191
1.366311271	103.8803529
1.366311907	103.8757455
1.366312164	103.8759617
1.366314937	103.8843
1.36631682	103.8850022
1.366320099	103.8812502
1.366321255	103.8841832
1.366321424	103.8789809
1.366323284	103.8777459
1.366327843	103.8769917
1.366328708	103.8756885
1.366332395	103.8813041
1.366335947	103.8838263
1.366338043	103.8778028
1.366338632	103.8877752
1.36634094	103.8853613
1.366343914	103.8846225
1.366345039	103.8789311
1.366346889	103.8756241
1.366347399	103.8813672
1.366353064	103.8778541
1.366358543	103.8858151
1.366360566	103.8814174
1.366361063	103.8821544
1.366362413	103.8805579
1.366363851	103.8755678
1.366367005	103.8837734
1.366367399	103.8819
1.366367892	103.8779111
1.366370046	103.8768991
1.366370062	103.8837183
1.366371713	103.880863
1.366375192	103.8819533
1.366375668	103.8820119
1.366376005	103.8850129
1.366377178	103.8814802
1.366378146	103.8820722
1.366378567	103.8755042
1.366379643	103.8836648
1.366381426	103.8797571
1.366382642	103.8779626
1.366383237	103.8815329
1.36638784	103.8788151
1.366396881	103.8787605
1.366398389	103.8780192
1.366403637	103.8835578
1.366403995	103.8869283
1.366404834	103.8845962
1.366405696	103.8787018
1.366406134	103.8815933
1.366407508	103.8809322
1.36641252	103.8780709
1.366412871	103.876866
1.366413484	103.8786495
1.366419379	103.8816443
1.366419942	103.8767806
1.366422981	103.8785908
1.366424162	103.879703
1.366427859	103.8781276
1.366430628	103.875454
1.366430742	103.8785386
1.366431568	103.8833542
1.366432192	103.8850233
1.366439888	103.8842517
1.366440239	103.8784799
1.36644111	103.8810994
1.366442228	103.8834106
1.366442352	103.8781793
1.366442608	103.8853657
1.366447832	103.8784275
1.366456598	103.8796537
1.366457324	103.8783688
1.366459051	103.8835098
1.36645969	103.8767494
1.366461388	103.8846147
1.366465363	103.8783127
1.366470681	103.8832829
1.366473825	103.8809216
1.366477512	103.8805322
1.366484305	103.8808486
1.366484943	103.8794033
1.366489742	103.885035
1.366491742	103.87716
1.366495472	103.8832242
1.366495984	103.8836342
1.366497476	103.8853979
1.366500504	103.8843249
1.366502847	103.8829655
1.366506957	103.8846229
1.366509276	103.8793551
1.366510523	103.8772141
1.366516601	103.8830244
1.366526614	103.8758283
1.366529562	103.8772667
1.366530459	103.8828544
1.366530592	103.8810922
1.36653298	103.881146
1.366533406	103.8805242
1.366533842	103.8793043
1.366536693	103.8812976
1.366539192	103.8825867
1.366545693	103.8812103
1.36654866	103.885046
1.366549664	103.8843543
1.366549859	103.8773221
1.366553344	103.8853958
1.366559044	103.8792586
1.36656688	103.8846342
1.3665698	103.8773753
1.366578539	103.8838601
1.366581888	103.8792099
1.366590748	103.8802864
1.366596403	103.8774823
1.366597433	103.8805128
1.366598991	103.8808935
1.366599001	103.8829252
1.366599699	103.8827132
1.366601628	103.8854373
1.366601681	103.882661
1.366604927	103.8791586
1.366608134	103.8850457
1.366611725	103.8775368
1.366613043	103.8825525
1.366619753	103.8846452
1.366623141	103.8861324
1.366628946	103.8775928
1.366629203	103.8791129
1.366634877	103.8833351
1.366643196	103.8776445
1.366644899	103.8843602
1.366646639	103.8837294
1.366647559	103.8797415
1.366648212	103.8799493
1.366649389	103.8805045
1.366653075	103.8854469
1.366654074	103.8790616
1.366654145	103.8835779
1.366657808	103.8776986
1.366658489	103.887917
1.366662161	103.885068
1.366662466	103.8824386
1.366665259	103.8808757
1.366672437	103.8823725
1.366672653	103.8820478
1.366676358	103.8777543
1.366677748	103.8790127
1.366682722	103.8823111
1.366685027	103.8833556
1.366690827	103.8819463
1.36669313	103.8778104
1.366694185	103.8890931
1.366694929	103.8822473
1.366698466	103.8843704
1.366700532	103.8829414
1.366702109	103.8818941
1.366704552	103.8819946
1.366709063	103.8854448
1.36671186	103.8789026
1.366713143	103.8804925
1.366718818	103.8788461
1.366725607	103.8839356
1.366728014	103.8787909
1.366731396	103.8779672
1.366733404	103.8779091
1.366735837	103.8787398
1.366736208	103.8818417
1.36674232	103.8833581
1.366744838	103.8786844
1.366745388	103.8780244
1.366752812	103.8786332
1.366754465	103.8794785
1.366755585	103.8796708
1.366760073	103.8780759
1.366760718	103.8785777
1.366762348	103.8846416
1.366763946	103.8767715
1.36676482	103.8854429
1.366765701	103.8804833
1.366769624	103.8785267
1.366774085	103.8828625
1.366775028	103.8781328
1.366778268	103.8784713
1.366780052	103.8794249
1.366782345	103.8801253
1.366783242	103.8797398
1.366786366	103.8784202
1.366790233	103.8781879
1.366792627	103.8833706
1.366794387	103.8783647
1.366803406	103.8783089
1.366805222	103.8823996
1.366806891	103.8762569
1.366809104	103.8793651
1.366809529	103.8843759
1.366813254	103.8829453
1.366813419	103.8851552
1.366818447	103.8870013
1.366819233	103.8846652
1.366820489	103.8758843
1.366822802	103.8854383
1.366832291	103.8827542
1.366834091	103.8760062
1.366834632	103.8793111
1.366842955	103.8840202
1.366843676	103.8826947
1.366855149	103.8824281
1.366855956	103.8799282
1.366862559	103.8829894
1.366863476	103.8792514
1.366865877	103.8826377
1.3668663	103.8833487
1.366872091	103.8772769
1.366874727	103.8854385
1.36688242	103.8843757
1.366889035	103.8791973
1.366915717	103.8818947
1.366916969	103.8829938
1.36691803	103.8791378
1.366928018	103.8759274
1.366928504	103.8847326
1.366943185	103.8790836
1.366961911	103.8824525
1.366971167	103.8829975
1.366972002	103.8790238
1.36697829	103.8846772
1.366979613	103.8811719
1.366990518	103.8777154
1.366992871	103.8837367
1.366997236	103.8795848
1.366997417	103.8759206
1.366997799	103.8789711
1.367012527	103.8838803
1.367013898	103.8824798
1.36702097	103.8854275
1.367021066	103.880931
1.367023388	103.8846299
1.367028188	103.8830092
1.367032967	103.8788591
1.367036773	103.8759388
1.367040201	103.8788066
1.367046602	103.8796037
1.367046873	103.8787511
1.367052965	103.8860761
1.367053975	103.8786996
1.367056339	103.8819934
1.367059337	103.8812019
1.367060648	103.878644
1.367061427	103.8880773
1.367068089	103.8785924
1.367075177	103.8785369
1.367080241	103.8809378
1.367082172	103.8784854
1.367083061	103.8846005
1.367084046	103.8838989
1.36708689	103.8783756
1.36708893	103.8784299
1.367091867	103.8834713
1.367097789	103.8835436
1.367098472	103.8818137
1.367100133	103.8843127
1.367103543	103.8836642
1.367111592	103.8804966
1.367119038	103.8854149
1.367120564	103.8825254
1.367122394	103.8811922
1.367137659	103.8792813
1.367139927	103.8759771
1.367143603	103.8809301
1.367145235	103.8833284
1.367147167	103.8758348
1.367150379	103.8830195
1.367151764	103.885066
1.367162403	103.8804962
1.367166377	103.8783069
1.367176402	103.8838673
1.367177378	103.8811975
1.367180361	103.8802547
1.36718222	103.8760329
1.367184213	103.8832263
1.367184926	103.8793052
1.367186374	103.8845612
1.367190821	103.8842706
1.367192874	103.8767146
1.367194461	103.882538
1.367198226	103.8809363
1.367214469	103.8866954
1.367214642	103.8850375
1.36721571	103.88707
1.367217993	103.8773563
1.367220301	103.8782917
1.36722505	103.8804943
1.367228168	103.8845441
1.367230361	103.8799199
1.367232535	103.8802588
1.367237713	103.8790836
1.367239345	103.8778691
1.367240008	103.8813286
1.367240407	103.8811929
1.367242304	103.8760328
1.367244858	103.885346
1.367250834	103.8817038
1.367255684	103.8838488
1.36726189	103.8809308
1.367268908	103.8782637
1.367277093	103.8765014
1.367279035	103.8799246
1.36728209	103.8804999
1.367283893	103.8845182
1.367285515	103.8791065
1.367288948	103.8802633
1.36729095	103.8760596
1.367295084	103.8811988
1.367298444	103.8842265
1.367299842	103.8849012
1.367305328	103.8825947
1.367314418	103.8782381
1.367316649	103.8809386
1.367325562	103.8844964
1.367333109	103.8787495
1.367339912	103.8841916
1.367340591	103.8852753
1.367340645	103.8802675
1.367344256	103.8805047
1.367356669	103.8848746
1.367358221	103.8826122
1.367359108	103.8811908
1.367362979	103.8782101
1.367368141	103.8863632
1.367370797	103.8760131
1.367374498	103.8795695
1.367379881	103.8809318
1.367381478	103.8816742
1.367382963	103.8787667
1.367390267	103.8761081
1.367391613	103.8841685
1.367397095	103.880272
1.367399321	103.8805092
1.367403244	103.882626
1.367405151	103.8781727
1.367407366	103.8785396
1.367407747	103.882111
1.367410224	103.8849974
1.36741382	103.8848487
1.367414141	103.8820286
1.367415892	103.8811946
1.367432658	103.8761468
1.367433927	103.8787849
1.367436345	103.8850532
1.367437731	103.88094
1.367438122	103.8841476
1.367442196	103.8795867
1.367447366	103.8822317
1.367449199	103.8802763
1.367451027	103.8823041
1.367460733	103.8785508
1.367461476	103.8805141
1.367465173	103.8852382
1.367477052	103.8836746
1.367483724	103.8761706
1.367485857	103.8792459
1.36748672	103.881569
1.367497222	103.8781393
1.367503644	103.8795919
1.367511278	103.8785637
1.367515162	103.8852152
1.367516557	103.8805186
1.367522352	103.8840994
1.367529037	103.8858913
1.367534093	103.8836443
1.367539181	103.8828814
1.367540809	103.8802844
1.367541987	103.8831081
1.367547889	103.8792488
1.367550287	103.8833121
1.367550328	103.8781353
1.36755147	103.8826608
1.367551759	103.8800078
1.367556118	103.8799562
1.367556932	103.8811454
1.367557259	103.8834184
1.367559311	103.8795967
1.367560917	103.8832278
1.367561029	103.8798999
1.36756158	103.8834699
1.367565224	103.8851922
1.367565487	103.8798487
1.367570353	103.8816202
1.367570395	103.8797924
1.367572985	103.884068
1.36757502	103.8797409
1.36757562	103.8808967
1.367578656	103.8805234
1.367586609	103.8760831
1.367592811	103.8836148
1.367593183	103.8802884
1.367595366	103.8771317
1.367599259	103.8792532
1.367603188	103.8826485
1.36760594	103.8820151
1.367606883	103.8790436
1.367615331	103.8851691
1.367615386	103.8811515
1.367620759	103.879602
1.367625151	103.8840434
1.367633825	103.8805278
1.36763611	103.8809001
1.367641242	103.8843471
1.367649596	103.8802927
1.367653628	103.8836045
1.36765497	103.8770448
1.367655993	103.8792581
1.367660078	103.8815974
1.367665679	103.8819976
1.367668415	103.8840139
1.367670056	103.87905
1.367673784	103.883355
1.367676428	103.8796067
1.367677857	103.8811564
1.367679293	103.8822584
1.367679315	103.8846711
1.36769286	103.8766874
1.367695924	103.8805329
1.367698081	103.880902
1.367701379	103.8802969
1.36770633	103.8847207
1.367707386	103.8792625
1.367707508	103.8847843
1.367711537	103.8842946
1.367715779	103.8787038
1.367716477	103.8815838
1.367722336	103.8790544
1.367728892	103.8819847
1.367728987	103.8848309
1.367730824	103.8848938
1.36773131	103.8822459
1.367732716	103.8811598
1.367732871	103.8850337
1.367737873	103.879612
1.367751888	103.8805367
1.367752584	103.8767116
1.367753215	103.8809097
1.367757792	103.8803012
1.367762318	103.8826204
1.367762971	103.8774946
1.367764094	103.8792674
1.367766878	103.8775503
1.367770324	103.8800271
1.367770621	103.8776026
1.367771866	103.8851172
1.367772474	103.8789724
1.36777417	103.8787099
1.367774572	103.8776578
1.367774692	103.8799757
1.367778097	103.8790591
1.367778314	103.8777101
1.367778529	103.877057
1.367779445	103.8799194
1.367781415	103.8822097
1.367784457	103.8772664
1.367784578	103.877131
1.367788719	103.8798119
1.367789822	103.8777649
1.367790259	103.8798675
1.367790756	103.8773399
1.367793267	103.8797604
1.36779354	103.8796168
1.36779355	103.877817
1.367795211	103.8811662
1.367801752	103.8767302
1.367806437	103.8778719
1.367807249	103.8819762
1.367809565	103.8803053
1.367810149	103.8779238
1.367814253	103.8779785
1.367815516	103.8792718
1.367815545	103.8809147
1.367829026	103.882611
1.367830422	103.8790634
1.367834791	103.8784497
1.367835283	103.8780694
1.367836077	103.8785015
1.36783682	103.8781262
1.36783711	103.8785585
1.3678381	103.8781777
1.36783841	103.8830978
1.367839321	103.8822165
1.367839496	103.878234
1.367840775	103.8782856
1.367842027	103.8815494
1.36784217	103.8783419
1.367843451	103.8783934
1.367847617	103.8834348
1.367852652	103.8811699
1.367853943	103.8767499
1.367854988	103.8796221
1.367861329	103.8787134
1.367865967	103.8803096
1.367870039	103.88291
1.367872196	103.8792767
1.367873524	103.8809198
1.367877619	103.8836348
1.367888483	103.8825994
1.367889291	103.8805418
1.367893999	103.882203
1.367896201	103.8790716
1.367896729	103.8831078
1.367902061	103.8834441
1.367903082	103.8767686
1.367908998	103.8796262
1.367917767	103.8803138
1.367918414	103.8787183
1.367921737	103.8815335
1.367923645	103.8792811
1.36792731	103.8829217
1.367936429	103.8836448
1.367939769	103.8819377
1.367942749	103.8825706
1.367947289	103.8805484
1.367952943	103.8821429
1.367952961	103.8831153
1.367955273	103.8767883
1.36796483	103.8834537
1.367968525	103.8841459
1.367968583	103.8840829
1.367969804	103.884217
1.367973263	103.884032
1.367974181	103.8803181
1.367980388	103.8792853
1.367984386	103.8829308
1.367984832	103.8839765
1.367990055	103.8843175
1.367992619	103.883652
1.367995728	103.8844347
1.367996075	103.8839289
1.367998187	103.8763596
1.367998196	103.8763596
1.367999835	103.8825532
1.368010372	103.880549
1.368014899	103.8831249
1.368015271	103.8796353
1.368019701	103.8834625
1.368023902	103.8768046
1.368025755	103.8812233
1.368026221	103.8803223
1.368030056	103.8821204
1.36804362	103.8811505
1.368045141	103.8829398
1.368049136	103.8810884
1.368053985	103.8810341
1.368054504	103.8836623
1.368060526	103.8809723
1.36806161	103.8809126
1.368064045	103.8805657
1.368068605	103.8792989
1.368069001	103.8796404
1.36806974	103.8831335
1.368077824	103.8815367
1.368079969	103.8819045
1.368081373	103.8834716
1.368098568	103.8829489
1.368102223	103.8825311
1.368103565	103.8769819
1.368106273	103.8769124
1.36810939	103.8770332
1.368109864	103.8836708
1.368112503	103.880056
1.368115707	103.877089
1.368116468	103.8800048
1.368121535	103.8771403
1.368121736	103.8799485
1.368122662	103.8793036
1.368122987	103.8803379
1.36812566	103.8805752
1.368125726	103.8798973
1.368127861	103.8771962
1.368130642	103.8796457
1.368131024	103.8798411
1.368131609	103.8831432
1.368133674	103.8772475
1.368135314	103.8797891
1.368136783	103.8834804
1.36813999	103.8773033
1.368145822	103.8773546
1.368146488	103.8775006
1.368151849	103.877557
1.368152499	103.8774114
1.368156866	103.8776084
1.368162284	103.8776643
1.368162434	103.8829597
1.368163682	103.8791507
1.368167315	103.8777157
1.368172702	103.8777717
1.368174433	103.8803467
1.368176716	103.8793082
1.368177723	103.877823
1.368181086	103.8805795
1.368181222	103.8818866
1.368181619	103.8815257
1.368183152	103.877879
1.368184493	103.8790948
1.368185736	103.8790429
1.368186114	103.8796505
1.368186693	103.8780807
1.3681868	103.883152
1.368186955	103.878987
1.368188155	103.8779304
1.368188228	103.8789351
1.368188727	103.8781374
1.368189539	103.8788792
1.36819064	103.8788274
1.368190706	103.878189
1.368192027	103.8787714
1.368192802	103.8782451
1.368193139	103.8787195
1.368193782	103.8779868
1.368194356	103.8786631
1.368194787	103.8782967
1.368196877	103.8783529
1.368198869	103.8784045
1.368200955	103.8784606
1.368202954	103.8785122
1.368205224	103.8785689
1.368217416	103.8829663
1.36822342	103.8826802
1.368230385	103.8803564
1.368230773	103.8793128
1.368242427	103.8805971
1.368247758	103.8796558
1.368256985	103.8826245
1.368281431	103.8803653
1.368303227	103.8796605
1.368311618	103.8806089
1.36832364	103.8821663
1.368330109	103.8800823
1.368334611	103.8800307
1.368337387	103.880375
1.36833857	103.8825422
1.368339404	103.8799744
1.36834379	103.8799233
1.368350283	103.8798675
1.368352814	103.8798154
1.368364869	103.8796658
1.368388433	103.8803838
1.368398413	103.8815475
1.368409516	103.8817954
1.368418689	103.87967
1.368424686	103.8812616
1.368430497	103.8806285
1.368444385	103.8803935
1.368447517	103.879091
1.368448341	103.8770661
1.368454556	103.8776943
1.368458993	103.878473
1.368495426	103.8804024
1.368498197	103.8806324
1.368511095	103.8810568
1.368535322	103.8809814
1.368551383	103.8804121
1.368602796	103.8804211
1.368611465	103.8800755
1.368628913	103.8769303
1.368649756	103.8806548
1.368663218	103.8800846
1.368692337	103.879919
1.368697029	103.8798647
1.368698122	103.8804377
1.368706245	103.8797579
1.368710939	103.8797036
1.368717793	103.880094
1.368720155	103.8795969
1.368724837	103.8806783
1.368724845	103.8806783
1.368724848	103.8795425
1.368749933	103.8804467
1.368772402	103.8801035
1.368824213	103.8801124
1.368862536	103.8773078
1.368876792	103.8776249
1.368962449	103.8790228
1.36901468	103.8785499