1.306538293	103.8625711
1.306634697	103.8627728
1.30672973	103.860275
1.306738208	103.8609006
1.306930308	103.8617149
1.306952737	103.8612444
1.307140185	103.8586433
1.307206118	103.8607339
1.307220803	103.86181
1.307226656	103.8585192
1.30727911	103.8584639
1.307297672	103.8621106
1.307311923	103.8584267
1.307320896	103.8588051
1.307344763	103.8583898
1.307362418	103.8604724
1.307376303	103.8583537
1.307377508	103.8627676
1.307391879	103.8627846
1.307405457	103.8583195
1.307420552	103.8628416
1.307436848	103.858684
1.307447877	103.8582843
1.307447877	103.8582843
1.307449225	103.8628701
1.307477898	103.8628986
1.307506571	103.8629385
1.307561947	103.858568
1.307572913	103.8581221
1.307582302	103.8589674
1.307582308	103.8589674
1.307644018	103.8580491
1.30764414	103.8580491
1.307645824	103.8602692
1.307670721	103.8580187
1.307696387	103.8579887
1.307723134	103.857959
1.30775049	103.8579292
1.307753701	103.8612919
1.307769197	103.8592378
1.307772868	103.8581863
1.307772868	103.8581863
1.307773299	103.8582542
1.307776363	103.8578989
1.307776363	103.8578989
1.3077968	103.862535
1.307802497	103.8578684
1.307803198	103.8600684
1.307809282	103.8625256
1.307809282	103.8625256
1.307825145	103.8578349
1.307830101	103.8627364
1.307843411	103.8591731
1.307850101	103.8582351
1.307850102	103.8582351
1.307850102	103.8582351
1.307850102	103.8582351
1.307857168	103.857808
1.307875079	103.860792
1.307884144	103.8577782
1.307887637	103.8582607
1.307887637	103.8582607
1.307887637	103.8582607
1.307887637	103.8582607
1.307914634	103.8577425
1.307914634	103.8577425
1.307914634	103.8577425
1.307924613	103.8582819
1.307924613	103.8582819
1.307924613	103.8582819
1.30794906	103.8577014
1.30794906	103.8577014
1.307972173	103.8618048
1.30798612	103.8576615
1.307986121	103.8576615
1.308002969	103.8581283
1.308004175	103.8617866
1.308011007	103.858066
1.308011012	103.858066
1.308020715	103.8576211
1.308020715	103.8576211
1.308041578	103.8580313
1.308041579	103.8580313
1.308057992	103.8575805
1.308057992	103.8575805
1.308072568	103.8579967
1.308095513	103.8575396
1.308095513	103.8575396
1.308101603	103.8579627
1.308101609	103.8579627
1.308101609	103.8579627
1.308129685	103.8574969
1.308129685	103.8574969
1.3081304	103.8579306
1.308159195	103.8578979
1.308159195	103.8578979
1.308159242	103.857898
1.308164087	103.8574563
1.308173003	103.8584358
1.308188568	103.857866
1.308200368	103.8579345
1.30820068	103.8574212
1.308200681	103.8574212
1.308216449	103.8578329
1.30823068	103.8573823
1.30823068	103.8573823
1.308245022	103.8578007
1.308264309	103.8573459
1.30826431	103.8573459
1.30826431	103.8573459
1.308272555	103.8609007
1.308275812	103.8631174
1.308293215	103.8572998
1.308294618	103.8608879
1.308302179	103.8577358
1.308303942	103.8577946
1.308327005	103.8620059
1.308330487	103.8577032
1.308357889	103.8585589
1.308365264	103.8609128
1.308365761	103.857678
1.30837131	103.8585479
1.308396714	103.8571149
1.308403424	103.8574716
1.308403424	103.8574716
1.308425391	103.8570867
1.308441301	103.8574982
1.308450356	103.8570578
1.308475972	103.8570287
1.308479365	103.8575228
1.308501766	103.8570007
1.308501766	103.8570007
1.308517163	103.8575483
1.30852678	103.861149
1.308527008	103.8569727
1.308527008	103.8569727
1.308530512	103.8611428
1.30855508	103.8569453
1.308561892	103.8575769
1.308561892	103.8575769
1.308568892	103.8592149
1.308573599	103.8571477
1.308575443	103.8626779
1.308579152	103.8571398
1.308579152	103.8571398
1.30859692	103.8569282
1.30862467	103.8592868
1.308627558	103.8568969
1.308628519	103.8571754
1.308628519	103.8571754
1.308630075	103.8571789
1.308657667	103.8580667
1.308661764	103.8568627
1.308668546	103.857207
1.308672388	103.8571973
1.308672388	103.8571973
1.308694383	103.8568281
1.308696044	103.8625714
1.308715706	103.8625705
1.308719329	103.8592831
1.308719351	103.857234
1.30871942	103.8572295
1.30871942	103.8572295
1.308761506	103.8572549
1.308774602	103.8572433
1.308774602	103.8572433
1.308784954	103.8567944
1.308784954	103.8567944
1.308784954	103.8567944
1.308806094	103.861312
1.308806094	103.861312
1.308806094	103.861312
1.308824803	103.8572817
1.30882777	103.8572728
1.30882777	103.8572728
1.308829483	103.8634371
1.308895767	103.8630686
1.30895283	103.8574143
1.308958376	103.8574058
1.308995553	103.8626596
1.309016952	103.8574399
1.3090647	103.8565081
1.309072065	103.8574435
1.309076332	103.8582662
1.309076332	103.8582662
1.309076333	103.8582662
1.309077789	103.8569324
1.309110448	103.8574694
1.309118158	103.8575356
1.309120525	103.8583012
1.309120525	103.8583012
1.309120526	103.8583012
1.309139833	103.8622178
1.309139833	103.8622178
1.309139833	103.8622178
1.309140377	103.8622251
1.309144524	103.8572072
1.309144524	103.8572072
1.309156005	103.8575589
1.309164801	103.8583276
1.309164801	103.8583276
1.309164801	103.8583276
1.309204857	103.8571938
1.309204857	103.8571938
1.309215476	103.8629159
1.309220558	103.8575394
1.309227512	103.8566965
1.309227513	103.8566965
1.309227513	103.8566965
1.309227513	103.8566965
1.309248365	103.8621288
1.309248365	103.8621288
1.309248365	103.8621288
1.309248365	103.8621288
1.309250557	103.85835
1.309250557	103.85835
1.309250557	103.85835
1.309250557	103.85835
1.309250557	103.85835
1.309250557	103.85835
1.309250557	103.85835
1.309250557	103.85835
1.309253894	103.8575639
1.309274965	103.8571926
1.309274966	103.8571926
1.309279442	103.8566472
1.309279443	103.8566472
1.309279443	103.8566472
1.309279443	103.8566472
1.309284427	103.8571369
1.30928798	103.8575846
1.309288369	103.8614425
1.309306375	103.8580727
1.309326597	103.8620622
1.309326597	103.8620622
1.309326597	103.8620622
1.309326762	103.8620622
1.309339682	103.8571173
1.309343406	103.8576013
1.309353548	103.8570658
1.309359665	103.8566365
1.309379502	103.8620186
1.309379502	103.8620186
1.309379502	103.8620186
1.309379617	103.8620187
1.309380913	103.8584145
1.309392654	103.8570275
1.309392654	103.8570275
1.309392835	103.8619067
1.309423181	103.8565676
1.309428926	103.8581631
1.309433837	103.8584562
1.309435363	103.8631721
1.309447635	103.8560522
1.309454096	103.8565337
1.309454096	103.8565337
1.309454418	103.858468
1.309461439	103.8569944
1.309462831	103.8622972
1.309468334	103.8624648
1.309478019	103.8573806
1.309478019	103.8573806
1.309478019	103.8573806
1.309478019	103.8573806
1.309478019	103.8573806
1.309478019	103.8573806
1.309478019	103.8573806
1.309478019	103.8573806
1.3095088	103.8565199
1.309518178	103.8569463
1.309518178	103.8569463
1.309518178	103.8569463
1.309518729	103.8564683
1.309521902	103.8602113
1.3095221	103.8577425
1.3095221	103.8577425
1.309531132	103.8582046
1.309531133	103.8582046
1.309537217	103.85732
1.309537217	103.85732
1.309541977	103.8573319
1.309562785	103.8577663
1.309564925	103.856889
1.309564925	103.856889
1.309569646	103.8572918
1.309569646	103.8572918
1.309569745	103.8564511
1.309572352	103.8572993
1.309576936	103.8582344
1.309576936	103.8582344
1.309580797	103.8564003
1.309601035	103.8624495
1.309602804	103.8572495
1.309602804	103.8572495
1.309603866	103.8577946
1.309610374	103.8572605
1.309619681	103.8582645
1.309619681	103.8582645
1.309623019	103.8563772
1.30962459	103.8626188
1.30962459	103.8626188
1.30962459	103.8626188
1.30962459	103.8626188
1.30963311	103.8572208
1.30963311	103.8572208
1.30963311	103.8572208
1.309634521	103.8563857
1.309645989	103.8578213
1.309645989	103.8578213
1.309646688	103.8600945
1.309646826	103.8572304
1.30965124	103.8568009
1.30965124	103.8568009
1.309660388	103.8563556
1.30966233	103.8571803
1.309663272	103.8582936
1.309663272	103.8582936
1.309668118	103.8626722
1.309668118	103.8626722
1.309668118	103.8626722
1.309668118	103.8626722
1.309679761	103.8561359
1.309679761	103.8561359
1.309679761	103.8561359
1.309686668	103.8578484
1.309686668	103.8578484
1.309686668	103.8578484
1.309687138	103.8561297
1.309697317	103.857145
1.309707335	103.8626409
1.309714179	103.8627306
1.309714179	103.8627306
1.309714179	103.8627306
1.309714179	103.8627306
1.309716841	103.8583259
1.309716842	103.8583259
1.309719873	103.8567302
1.309723317	103.8618221
1.309723317	103.8618221
1.309723317	103.8618221
1.309723317	103.8618221
1.309727962	103.8578753
1.30972859	103.8622203
1.30972859	103.8622203
1.30972859	103.8622203
1.30972859	103.8622203
1.30972907	103.8618202
1.30973309	103.8627998
1.309733091	103.8627998
1.309736003	103.8561531
1.309736735	103.8561568
1.309736735	103.8561568
1.309736735	103.8561568
1.309744783	103.8571257
1.309746293	103.8571236
1.309752742	103.8557016
1.309759073	103.8566989
1.309762195	103.8618749
1.309762195	103.8618749
1.309762195	103.8618749
1.309762195	103.8618749
1.309766719	103.8618741
1.309768203	103.8579035
1.309768203	103.8579035
1.309768203	103.8579035
1.309772064	103.8570798
1.309774988	103.8628495
1.309774988	103.8628495
1.30978414	103.8570879
1.309785388	103.8561906
1.309787085	103.8561953
1.309787085	103.8561953
1.309787085	103.8561953
1.309789803	103.8587175
1.309793772	103.8566629
1.309795082	103.8619273
1.309795082	103.8619273
1.309795082	103.8619273
1.309795082	103.8619273
1.309801729	103.8630741
1.309802543	103.8619247
1.309810499	103.8579307
1.309810499	103.8579307
1.309810499	103.8579307
1.309813153	103.8566132
1.3098148	103.8570559
1.309830129	103.856238
1.309840977	103.8619814
1.309840977	103.8619814
1.309840977	103.8619814
1.309840977	103.8619814
1.309841082	103.857009
1.309841316	103.8579671
1.309844931	103.8619807
1.309846063	103.8562275
1.309846063	103.8562275
1.309846063	103.8562275
1.309852763	103.8570166
1.309872379	103.8620344
1.309872379	103.8620344
1.309872379	103.8620344
1.309872379	103.8620344
1.309878832	103.8630575
1.309878832	103.8630575
1.309878832	103.8630575
1.309878832	103.8630575
1.309881018	103.8620315
1.309884389	103.8579959
1.309884389	103.8579959
1.309884669	103.8569855
1.309885485	103.8579978
1.309886144	103.8569834
1.309886866	103.8565705
1.309886867	103.8565705
1.309911087	103.8587991
1.309911087	103.8587991
1.309911087	103.8587991
1.309911087	103.8587991
1.309911087	103.8587991
1.309916759	103.862092
1.309916759	103.862092
1.309916759	103.862092
1.309916759	103.862092
1.309921901	103.862091
1.309922445	103.8569461
1.309924371	103.858482
1.309924371	103.858482
1.309924371	103.858482
1.309924371	103.858482
1.309924371	103.858482
1.309924371	103.858482
1.309924371	103.858482
1.309924371	103.858482
1.309924371	103.858482
1.309924371	103.858482
1.309924371	103.858482
1.309924371	103.858482
1.309925983	103.8630236
1.309925983	103.8630236
1.309925983	103.8630236
1.309925983	103.8630236
1.309932243	103.8580093
1.30993997	103.8568977
1.309940042	103.8568978
1.309943845	103.8579973
1.309948183	103.862145
1.309948183	103.862145
1.309948183	103.862145
1.309948183	103.862145
1.309955609	103.858829
1.309955609	103.858829
1.309955609	103.858829
1.309955609	103.858829
1.309957904	103.8621423
1.309975208	103.8580411
1.30997794	103.8580331
1.309990256	103.8629796
1.309990256	103.8629796
1.309990256	103.8629796
1.309990256	103.8629796
1.309992507	103.8622006
1.309992507	103.8622006
1.309992507	103.8622006
1.309992507	103.8622006
1.309998815	103.8621993
1.310000213	103.8588588
1.310000213	103.8588588
1.310000213	103.8588588
1.310000213	103.8588588
1.3100029	103.8568911
1.310006539	103.8563936
1.310006539	103.8563936
1.310006539	103.8563936
1.310006539	103.8563936
1.310006539	103.8563936
1.310025395	103.8622518
1.310025395	103.8622518
1.310025395	103.8622518
1.310025395	103.8622518
1.310035202	103.8622491
1.31003667	103.8568553
1.310041779	103.8559036
1.310044716	103.8588887
1.310044716	103.8588887
1.310044716	103.8588887
1.310044716	103.8588887
1.310046544	103.8566878
1.310047764	103.856792
1.310047764	103.856792
1.31006942	103.8623075
1.31006942	103.8623075
1.31006942	103.8623075
1.31006942	103.8623075
1.310074815	103.8623061
1.310077771	103.8575329
1.310085761	103.856451
1.310089229	103.8589186
1.310089229	103.8589186
1.310089229	103.8589186
1.310089229	103.8589186
1.310091496	103.8567642
1.310091496	103.8567642
1.310091496	103.8567642
1.310099324	103.8623771
1.310099324	103.8623771
1.310099324	103.8623771
1.310099324	103.8623771
1.310099519	103.862377
1.310104955	103.8613739
1.310112172	103.8552908
1.310113095	103.8581406
1.310120108	103.8581305
1.310120108	103.8581305
1.310137136	103.8567284
1.310137136	103.8567284
1.310137136	103.8567284
1.31014647	103.858946
1.31014647	103.858946
1.31014647	103.858946
1.31014647	103.858946
1.310146895	103.8624386
1.310151792	103.8624342
1.310151792	103.8624342
1.310151792	103.8624342
1.310151792	103.8624342
1.310164323	103.8586383
1.310178846	103.8564975
1.310178846	103.8564975
1.310178846	103.8564975
1.310178846	103.8564975
1.310178846	103.8564975
1.310192442	103.8581551
1.310200983	103.8582321
1.310203275	103.8624888
1.310203275	103.8624888
1.310203275	103.8624888
1.310203275	103.8624888
1.310206933	103.8624884
1.310232237	103.8625352
1.310232237	103.8625352
1.310232237	103.8625352
1.310232237	103.8625352
1.310237732	103.8582577
1.310237732	103.8582577
1.310239861	103.8625329
1.310252619	103.8565751
1.310260878	103.8612567
1.310260878	103.8612567
1.310260878	103.8612567
1.310260878	103.8612567
1.310272029	103.8625837
1.310272029	103.8625837
1.310272029	103.8625837
1.310272029	103.8625837
1.310274624	103.8625834
1.310281268	103.8582855
1.310281268	103.8582855
1.310281268	103.8582855
1.310281336	103.8582854
1.310286129	103.8582785
1.310303562	103.8626258
1.310303562	103.8626258
1.310303562	103.8626258
1.310303562	103.8626258
1.310306387	103.8626255
1.310314359	103.8611953
1.310326251	103.8589956
1.310331563	103.861715
1.310332762	103.8626809
1.310332762	103.8626809
1.310332762	103.8626809
1.310332762	103.8626809
1.310340426	103.8626776
1.310340776	103.8572324
1.310341624	103.8582859
1.31036682	103.8583355
1.310367165	103.858338
1.310372739	103.8617682
1.310381546	103.8617578
1.310381739	103.862734
1.310381739	103.862734
1.310381739	103.862734
1.310381739	103.862734
1.31038477	103.8627334
1.310405907	103.8583663
1.310411893	103.8618267
1.31041386	103.8583574
1.310422145	103.8611036
1.31042854	103.8549153
1.310428901	103.8588248
1.31045071	103.8618723
1.310452608	103.858391
1.310452673	103.8583939
1.310452918	103.8618796
1.310452918	103.8618796
1.310452918	103.8618796
1.310452918	103.8618796
1.310452918	103.8618796
1.310452918	103.8618796
1.310452918	103.8618796
1.310452918	103.8618796
1.310452918	103.8618796
1.310452918	103.8618796
1.310452918	103.8618796
1.310465663	103.8548707
1.310465663	103.8548707
1.310465663	103.8548707
1.310465663	103.8548707
1.31047621	103.8562866
1.310476686	103.8588399
1.310478253	103.8578444
1.310491155	103.8584189
1.310492558	103.8619384
1.310498167	103.858411
1.310516817	103.8556647
1.310519159	103.8588684
1.310531953	103.8549998
1.310534588	103.8584428
1.310534783	103.8584453
1.310556079	103.8613283
1.310559899	103.8588954
1.310559955	103.8588954
1.310606445	103.8619562
1.310615427	103.8609115
1.310615427	103.8609115
1.310615427	103.8609115
1.310615427	103.8609115
1.310623084	103.8570879
1.310631639	103.8608379
1.310631639	103.8608379
1.310631639	103.8608379
1.310631639	103.8608379
1.31064603	103.8589134
1.31064603	103.8589134
1.31064603	103.8589134
1.310668654	103.8607996
1.310668654	103.8607996
1.310668654	103.8607996
1.310668654	103.8607996
1.310681054	103.8585292
1.310687239	103.8620898
1.310704328	103.8580313
1.310711035	103.86077
1.310711035	103.86077
1.310711035	103.86077
1.310711035	103.86077
1.310722351	103.8585529
1.310732655	103.8585428
1.310733657	103.8593513
1.310748613	103.8607328
1.310748613	103.8607328
1.310748613	103.8607328
1.310748613	103.8607328
1.310762407	103.8610324
1.310762407	103.8610324
1.31076611	103.8610319
1.310768277	103.8623678
1.31076953	103.8585797
1.310780752	103.8551468
1.310791497	103.8607034
1.310791497	103.8607034
1.310791497	103.8607034
1.310792153	103.8610677
1.310805146	103.8610594
1.310805146	103.8610594
1.310805329	103.8586012
1.310808593	103.8616826
1.310808593	103.8616826
1.310808593	103.8616826
1.310808593	103.8616826
1.310820346	103.8611084
1.310820346	103.8611084
1.310822725	103.8611091
1.31082808	103.8606664
1.31082808	103.8606664
1.31082808	103.8606664
1.310828081	103.8606664
1.31083662	103.8607337
1.310847603	103.8586341
1.310871107	103.8606363
1.310871107	103.8606363
1.310871107	103.8606363
1.310871107	103.8606363
1.310879055	103.8618216
1.310879055	103.8618216
1.310879055	103.8618216
1.310879055	103.8618216
1.310891183	103.8586435
1.310893555	103.8551282
1.310893555	103.8551282
1.310895336	103.8616963
1.310895336	103.8616963
1.310895336	103.8616963
1.310895336	103.8616963
1.310904284	103.8583169
1.310904284	103.8583169
1.310904284	103.8583169
1.310904284	103.8583169
1.310907482	103.8623091
1.310907482	103.8623091
1.310907482	103.8623091
1.310907482	103.8623091
1.310907482	103.8623091
1.310907482	103.8623091
1.310908614	103.8605978
1.310908614	103.8605978
1.310908614	103.8605978
1.310908614	103.8605978
1.310910849	103.8577856
1.310928964	103.8618533
1.310928964	103.8618533
1.310928964	103.8618533
1.310928964	103.8618533
1.310938009	103.8586675
1.310953164	103.8618902
1.310953164	103.8618902
1.310953164	103.8618902
1.310953164	103.8618902
1.310956291	103.8599738
1.310969692	103.8619642
1.310969692	103.8619642
1.310969692	103.8619642
1.310969692	103.8619642
1.310975422	103.8605889
1.310975422	103.8605889
1.310975422	103.8605889
1.310975422	103.8605889
1.310977263	103.8622557
1.310977263	103.8622557
1.310977263	103.8622557
1.310977263	103.8622557
1.310977263	103.8622557
1.310979822	103.8583616
1.310995114	103.8592229
1.310998559	103.8611552
1.311000447	103.8586997
1.311000478	103.8586997
1.3110195	103.8622296
1.3110195	103.8622296
1.3110195	103.8622296
1.3110195	103.8622296
1.3110195	103.8622296
1.311027929	103.8592418
1.311040566	103.8595817
1.311045949	103.8607983
1.311045949	103.8607983
1.311045949	103.8607983
1.311052562	103.8587477
1.311054868	103.8595723
1.311055076	103.860792
1.311055993	103.8584124
1.311063079	103.8610429
1.311063079	103.8610429
1.311063079	103.8610429
1.311067856	103.8621641
1.311083016	103.860836
1.311085983	103.8596263
1.311089116	103.8608338
1.311089116	103.8608338
1.311089116	103.8608338
1.311094655	103.8614008
1.311096401	103.8587739
1.31109671	103.8587778
1.311100367	103.8584432
1.311101533	103.8608939
1.311101533	103.8608939
1.311101533	103.8608939
1.311105358	103.8574799
1.311115046	103.8608869
1.311122504	103.8596475
1.311129072	103.8611355
1.311129072	103.8611355
1.311129072	103.8611355
1.31114417	103.8609303
1.311152368	103.8609268
1.311152368	103.8609268
1.311152368	103.8609268
1.311161667	103.8596786
1.311163847	103.8621176
1.311163847	103.8621176
1.311163847	103.8621176
1.311163847	103.8621176
1.311163847	103.8621176
1.311163847	103.8621176
1.311163847	103.8621176
1.311163847	103.8621176
1.311163847	103.8621176
1.311163847	103.8621176
1.311168165	103.8588445
1.311175332	103.8556405
1.311178129	103.86098
1.311178674	103.8615444
1.311178674	103.8615444
1.311178674	103.8615444
1.311178674	103.8615444
1.311180454	103.8611853
1.311180454	103.8611853
1.311180454	103.8611853
1.311192106	103.858504
1.311196033	103.8566481
1.311198634	103.8596998
1.311209667	103.8610217
1.311217659	103.8610182
1.311217659	103.8610182
1.311217659	103.8610182
1.311223438	103.8615931
1.311224815	103.8615932
1.311224815	103.8615932
1.311224815	103.8615932
1.311239211	103.8597291
1.311244219	103.8610706
1.311254603	103.8616543
1.311254603	103.8616543
1.311254603	103.8616543
1.311254603	103.8616543
1.311257438	103.8613198
1.311257438	103.8613198
1.311257438	103.8613198
1.311271044	103.8556605
1.311271044	103.8556605
1.311273247	103.8566483
1.311273486	103.8597526
1.311275271	103.8611131
1.311285055	103.8597442
1.311285513	103.8588875
1.311285513	103.8588875
1.311285513	103.8588875
1.311285513	103.8588875
1.31129537	103.8611699
1.31129537	103.8611699
1.31129537	103.8611699
1.311305149	103.8556215
1.311305149	103.8556215
1.311308544	103.861163
1.311310575	103.8617243
1.311311021	103.8605774
1.311312326	103.860365
1.311314466	103.859782
1.311317381	103.860573
1.311317381	103.860573
1.311325464	103.8589625
1.311325464	103.8589625
1.311325464	103.8589625
1.311325464	103.8589625
1.311325464	103.8589625
1.311335151	103.8594418
1.311338555	103.8612059
1.311341283	103.8606398
1.311341283	103.8606398
1.311346491	103.8612027
1.311346491	103.8612027
1.311346491	103.8612027
1.311348919	103.8598057
1.31135063	103.8555818
1.31135063	103.8555818
1.31135063	103.8555818
1.31135063	103.8555818
1.311351053	103.8606359
1.311351699	103.8567241
1.3113568	103.8585992
1.311359622	103.8607028
1.311372051	103.8612559
1.311372167	103.8553215
1.311372168	103.8553215
1.311373112	103.8614225
1.311375531	103.8598459
1.311375672	103.8606865
1.311378707	103.858994
1.311382719	103.8566269
1.311384503	103.8606814
1.311384503	103.8606814
1.31138865	103.8566262
1.311393494	103.8564871
1.311393494	103.8564871
1.31140403	103.8612984
1.311404819	103.8619215
1.311412949	103.8612945
1.311412949	103.8612945
1.311412949	103.8612945
1.31141418	103.8619312
1.311416689	103.8553503
1.311416689	103.8553503
1.311420849	103.8607338
1.311420849	103.8607338
1.311420849	103.8607338
1.311421144	103.8566246
1.311426512	103.8598564
1.31144412	103.8608599
1.311454162	103.8607789
1.311457759	103.8553655
1.311457759	103.8553655
1.3114598	103.8613295
1.3114598	103.8613295
1.311460365	103.8595097
1.31146251	103.8607754
1.31146251	103.8607754
1.311473492	103.8608247
1.311480491	103.8604359
1.311483997	103.8608881
1.311484461	103.8608878
1.311498572	103.86143
1.311499897	103.8553944
1.311499898	103.8553944
1.311500095	103.8609417
1.311508149	103.8595262
1.311510348	103.858718
1.311526811	103.8609069
1.311529772	103.8614642
1.31153019	103.8609774
1.311531204	103.8554225
1.311531205	103.8554225
1.311553549	103.8590792
1.311553549	103.8590792
1.311553549	103.8590792
1.311553549	103.8590792
1.311556652	103.8610231
1.311558538	103.8609381
1.311561482	103.8595395
1.311561482	103.8595395
1.311575296	103.8554517
1.311575297	103.8554517
1.311577219	103.8599411
1.311583808	103.860989
1.311589416	103.8615486
1.311590045	103.8603656
1.311598168	103.8595612
1.311598168	103.8595612
1.311601666	103.8591149
1.311601666	103.8591149
1.311601666	103.8591149
1.311601666	103.8591149
1.311642136	103.8611402
1.311642477	103.8595887
1.311642478	103.8595887
1.311652003	103.8605233
1.311666898	103.859132
1.311666898	103.859132
1.311666898	103.859132
1.311666898	103.859132
1.311669077	103.8611842
1.311669077	103.8611842
1.311670757	103.8600759
1.311673931	103.8611007
1.311675051	103.8610251
1.311675051	103.8610251
1.311675051	103.8610251
1.311681304	103.8600685
1.311681304	103.8600685
1.311690468	103.8596016
1.311711437	103.8601123
1.311711652	103.8601083
1.311711652	103.8601083
1.311718169	103.8596755
1.311718657	103.8596759
1.311718657	103.8596759
1.311718657	103.8596759
1.311721534	103.8591902
1.311721534	103.8591902
1.311721534	103.8591902
1.311721534	103.8591902
1.311738743	103.8611868
1.311738743	103.8611868
1.31175532	103.8606178
1.311763812	103.860127
1.311764016	103.8601264
1.311764016	103.8601264
1.311773492	103.8597201
1.311788174	103.8592279
1.311788174	103.8592279
1.311788174	103.8592279
1.311788174	103.8592279
1.3118067	103.8601622
1.3118067	103.8601622
1.311807201	103.8601611
1.311809549	103.8597504
1.31180975	103.8612979
1.311821333	103.8590058
1.311852125	103.8589649
1.311864936	103.8606969
1.311868463	103.8597585
1.311881277	103.8592595
1.311881277	103.8592595
1.311881277	103.8592595
1.311881277	103.8592595
1.311881277	103.8592595
1.311881277	103.8592595
1.311881277	103.8592595
1.311881343	103.8589268
1.311884197	103.8592563
1.311888121	103.8602194
1.311897764	103.8607253
1.311899363	103.859788
1.311901124	103.8615396
1.311901124	103.8615396
1.311901124	103.8615396
1.311909155	103.8602089
1.311909155	103.8602089
1.311909155	103.8602089
1.311909155	103.8602089
1.311909155	103.8602089
1.311909155	103.8602089
1.311909155	103.8602089
1.311911304	103.8588891
1.31193638	103.8607638
1.311938187	103.8593248
1.311938188	103.8593248
1.311938188	103.8593248
1.311938188	103.8593248
1.311939837	103.8598206
1.311944189	103.8588456
1.311954571	103.8570903
1.311954571	103.8570903
1.311954571	103.8570903
1.311964345	103.8607979
1.311970516	103.8615191
1.311970516	103.8615191
1.31197396	103.8598483
1.311978163	103.8615242
1.311979624	103.8588035
1.311979642	103.8588035
1.311979716	103.8590057
1.311979716	103.8590057
1.311979716	103.8590057
1.311990502	103.8571221
1.311990502	103.8571221
1.311990502	103.8571221
1.311992796	103.859363
1.311992796	103.859363
1.311992796	103.859363
1.311992796	103.859363
1.311992796	103.859363
1.312000134	103.8608559
1.312003018	103.8598926
1.31200567	103.8614763
1.31200567	103.8614763
1.312005695	103.8614763
1.3120098	103.8587659
1.312009817	103.8587659
1.312014348	103.8598837
1.312039335	103.8571605
1.312039335	103.8571605
1.312039335	103.8571605
1.312039565	103.8593803
1.312039565	103.8593803
1.312039565	103.8593803
1.312039976	103.8587283
1.312039995	103.8587283
1.312048101	103.8599133
1.312049395	103.8599157
1.312054448	103.8614607
1.312054448	103.8614607
1.312070154	103.8586908
1.312070172	103.8586908
1.312073969	103.8599586
1.312075048	103.8571917
1.312075048	103.8571917
1.312075048	103.8571917
1.312079472	103.8604141
1.312083772	103.8599511
1.312086305	103.8594394
1.312086305	103.8594394
1.312086305	103.8594394
1.312098963	103.8614271
1.312098963	103.8614271
1.312100334	103.8586532
1.312100352	103.8586532
1.31211191	103.8599779
1.312124078	103.85723
1.312124078	103.85723
1.312124079	103.85723
1.312130509	103.8586156
1.312130526	103.8586156
1.31214291	103.8600186
1.31215259	103.8600114
1.312160635	103.8585781
1.312160652	103.8585781
1.312163252	103.8572568
1.312163252	103.8572568
1.312163253	103.8572568
1.312170108	103.8610536
1.312172777	103.8613085
1.312172777	103.8613085
1.312177996	103.8613129
1.312190853	103.8585405
1.31219087	103.8585405
1.312202367	103.8600484
1.312203689	103.8600519
1.312211176	103.8572964
1.312211176	103.8572964
1.312211176	103.8572964
1.312220915	103.8585031
1.312220932	103.8585031
1.312236044	103.8590345
1.312245967	103.8573281
1.312245968	103.8573281
1.312245968	103.8573281
1.312250832	103.8584659
1.312250942	103.858466
1.312270147	103.8589932
1.312294203	103.8589354
1.312296258	103.8573653
1.312296258	103.8573653
1.312296258	103.8573653
1.312310664	103.8585748
1.312320835	103.85846
1.312330404	103.8588905
1.312335382	103.8606476
1.312344698	103.8611858
1.312345349	103.8573853
1.312345349	103.8573853
1.312345349	103.8573853
1.312351048	103.8584224
1.312379787	103.8602722
1.312381327	103.8583848
1.312382207	103.8574332
1.312382207	103.8574332
1.312382207	103.8574332
1.312382329	103.8561465
1.312386428	103.8593668
1.312388981	103.855581
1.312388981	103.855581
1.312388981	103.855581
1.312388981	103.855581
1.312388981	103.855581
1.312388981	103.855581
1.312388981	103.855581
1.312388981	103.855581
1.31238935	103.8595226
1.312389398	103.8595223
1.312389398	103.8595223
1.312389787	103.8588612
1.312389787	103.8588612
1.312389787	103.8588612
1.312396916	103.8583399
1.312415559	103.8588265
1.312415559	103.8588265
1.312415559	103.8588265
1.312416917	103.8574651
1.312416917	103.8574651
1.312416917	103.8574651
1.312431877	103.8582979
1.312454817	103.8594994
1.312458571	103.8582656
1.312469429	103.8574989
1.312469429	103.8574989
1.312469429	103.8574989
1.312498861	103.8595077
1.312503542	103.8603594
1.312504653	103.8575305
1.312504653	103.8575305
1.312504653	103.8575305
1.312505896	103.8582292
1.312508643	103.8603526
1.312528969	103.8551379
1.31253876	103.860381
1.312550456	103.8575701
1.312550456	103.8575701
1.312550456	103.8575701
1.312551242	103.8595227
1.312577655	103.8604166
1.312588875	103.8572144
1.312591265	103.8595592
1.312591296	103.8595591
1.312597136	103.858576
1.312606909	103.8604453
1.312629602	103.8604939
1.312630083	103.8585366
1.312652749	103.8595503
1.312652749	103.8595503
1.312652749	103.8595503
1.312652749	103.8595503
1.312656713	103.8584925
1.312658106	103.8553278
1.31266053	103.8583756
1.31266445	103.8605253
1.31266445	103.8605253
1.31266445	103.8605253
1.31266445	103.8605253
1.31269673	103.8594561
1.312700949	103.8584655
1.312701871	103.8599688
1.312720089	103.8595706
1.312720089	103.8595706
1.312722783	103.859959
1.312733507	103.8605885
1.312733738	103.8605883
1.312733738	103.8605883
1.312733738	103.8605883
1.312736682	103.8584219
1.312753951	103.8563924
1.312753951	103.8563924
1.312765679	103.859582
1.312771752	103.8595693
1.312788375	103.8564225
1.312793891	103.8606346
1.31281876	103.859594
1.312819004	103.8595835
1.312832504	103.8564543
1.312832504	103.8564543
1.31286113	103.8596163
1.312866149	103.8564846
1.31288697	103.8566194
1.312911545	103.8565144
1.312911545	103.8565144
1.31291564	103.8569247
1.312919269	103.8595276
1.312959086	103.8566077
1.312984922	103.8607436
1.312990976	103.8556305
1.313020774	103.856605
1.313020774	103.856605
1.313024376	103.8581367
1.313047381	103.8588931
1.313061653	103.8566385
1.313097003	103.8566657
1.313109575	103.8596926
1.313109575	103.8596926
1.313120054	103.8567197
1.3131227	103.8576562
1.3131403	103.8547547
1.313157881	103.8567919
1.313157881	103.8567919
1.313157881	103.8567919
1.313201164	103.8595857
1.313217436	103.860335
1.313224313	103.8596995
1.313224313	103.8596995
1.313224313	103.8596995
1.313224325	103.8596995
1.313239685	103.8567246
1.313286965	103.8580461
1.31330141	103.8560234
1.313302127	103.8597018
1.31330271	103.8596903
1.313351951	103.8596873
1.313360994	103.8568958
1.313360994	103.8568958
1.313360994	103.8568958
1.313360994	103.8568958
1.31336124	103.8557753
1.313380048	103.8561305
1.31339264	103.859723
1.313393292	103.8597113
1.313430498	103.8570044
1.313433457	103.8597299
1.313438827	103.859719
1.313486746	103.8597187
1.313501952	103.8570295
1.313531902	103.8597297
1.313535042	103.8570571
1.313542304	103.8583794
1.313568075	103.8570844
1.313573396	103.859763
1.313574072	103.8597512
1.313602402	103.8571098
1.313614463	103.8597716
1.313620617	103.8597591
1.313634844	103.8571369
1.313634844	103.8571369
1.313668318	103.8571634
1.313670823	103.8597546
1.31367087	103.8597544
1.313708459	103.8598097
1.31371417	103.8597946
1.313720674	103.8552727
1.313747119	103.8572175
1.31378871	103.8593254
1.31378871	103.8593254
1.31378871	103.8593254
1.313796814	103.8597759
1.313796814	103.8597759
1.313796814	103.8597759
1.313802861	103.8577639
1.31382496	103.8572924
1.31382496	103.8572924
1.313848696	103.8593735
1.313848696	103.8593735
1.313848696	103.8593735
1.313855182	103.8598645
1.313855183	103.8598645
1.313855183	103.8598645
1.313855183	103.8598645
1.313855183	103.8598645
1.313903814	103.8594058
1.313903814	103.8594058
1.313903814	103.8594058
1.313903814	103.8594058
1.313916454	103.8598789
1.313916454	103.8598789
1.313916454	103.8598789
1.313916454	103.8598789
1.313916454	103.8598789
1.313948936	103.8594377
1.313948936	103.8594377
1.313948936	103.8594377
1.313974892	103.8598913
1.313974892	103.8598913
1.313974892	103.8598913
1.313974892	103.8598913
1.313974892	103.8598913
1.313975557	103.8588017
1.313985442	103.8594674
1.313985442	103.8594674
1.313985443	103.8594674
1.313996162	103.8573442
1.313996162	103.8573442
1.314005835	103.8568313
1.314017879	103.857417
1.314017879	103.857417
1.314021397	103.8579642
1.314028912	103.8595022
1.314028912	103.8595022
1.314028913	103.8595022
1.314038397	103.8575286
1.314039724	103.8598841
1.314039724	103.8598841
1.314039724	103.8598841
1.314039724	103.8598841
1.314039724	103.8598841
1.31405102	103.8574439
1.314051021	103.8574439
1.3140949	103.8599353
1.3140949	103.8599353
1.3140949	103.8599353
1.3140949	103.8599353
1.3140949	103.8599353
1.314099466	103.8574765
1.314128278	103.8575088
1.314128278	103.8575088
1.314168965	103.8598679
1.314168965	103.8598679
1.314168965	103.8598679
1.314168965	103.8598679
1.314170866	103.8598815
1.314172359	103.857555
1.314174685	103.8575435
1.314202383	103.857583
1.314202383	103.857583
1.314228411	103.8598568
1.314228411	103.8598568
1.314228411	103.8598568
1.314228412	103.8598568
1.31424191	103.8576145
1.31424191	103.8576145
1.314268676	103.8598266
1.314268676	103.8598266
1.314268676	103.8598266
1.314268676	103.8598266
1.314277695	103.8556456
1.314282711	103.857644
1.314282712	103.857644
1.31429091	103.858317
1.314290915	103.858317
1.314307076	103.8566595
1.31430817	103.8597982
1.314308171	103.8597982
1.314308171	103.8597982
1.314308171	103.8597982
1.31432554	103.8577121
1.31432554	103.8577121
1.31432554	103.8577121
1.31432554	103.8577121
1.314346685	103.8597686
1.314346685	103.8597686
1.314346685	103.8597686
1.314346685	103.8597686
1.314370127	103.8589189
1.314386092	103.8589384
1.314392786	103.8597318
1.314392786	103.8597318
1.314392786	103.8597318
1.314392786	103.8597318
1.314392787	103.8597318
1.314447719	103.8576907
1.314447719	103.8576907
1.314458536	103.8560192
1.314481314	103.8571852
1.314533268	103.8596038
1.314533268	103.8596038
1.314572908	103.8578017
1.314572909	103.8578017
1.314587882	103.8578689
1.314587883	103.8578689
1.314617533	103.8570151
1.314622443	103.8595851
1.314624579	103.8573569
1.31463103	103.8579061
1.31463103	103.8579061
1.314662649	103.8579775
1.314662649	103.8579775
1.314662649	103.8579775
1.314662649	103.8579775
1.314666027	103.8595595
1.314670628	103.8573943
1.314670628	103.8573943
1.314700663	103.8595363
1.314713876	103.8569166
1.314739114	103.8579934
1.314739114	103.8579934
1.31474013	103.8595044
1.31475904	103.8570222
1.314769816	103.8571596
1.314771693	103.857447
1.314774887	103.859481
1.314783079	103.8580287
1.314783079	103.8580287
1.314809469	103.8574728
1.314814243	103.8594497
1.314814243	103.8594497
1.314842232	103.8575023
1.314842682	103.8569369
1.314845206	103.8581792
1.314847957	103.8594254
1.314847958	103.8594254
1.31485482	103.8580113
1.314854821	103.8580113
1.314877123	103.8575313
1.314887401	103.8593943
1.314887401	103.8593943
1.314888704	103.8565067
1.314890894	103.8580447
1.314890894	103.8580447
1.314904479	103.857574
1.31491979	103.8593683
1.31491979	103.8593683
1.314945268	103.8576075
1.314947699	103.8566027
1.314958693	103.8593363
1.314958693	103.8593363
1.31497349	103.8581082
1.31497349	103.8581082
1.314985789	103.8576392
1.314995153	103.8593153
1.314995153	103.8593153
1.315025165	103.8576719
1.315032883	103.8572715
1.315034524	103.8592833
1.315034525	103.8592833
1.31506106	103.8566799
1.315066852	103.8582786
1.315067726	103.8592586
1.315067726	103.8592586
1.31506815	103.8577761
1.315100332	103.8573388
1.315110424	103.8592304
1.315112417	103.8583111
1.315112418	103.8583111
1.315123221	103.8563107
1.31513593	103.8573723
1.315140623	103.8592017
1.315144586	103.8577715
1.315148639	103.8583396
1.315148639	103.8583396
1.315157821	103.8563507
1.315184517	103.8583685
1.315184715	103.8578039
1.315184716	103.8578039
1.315184806	103.8591758
1.315199532	103.8573766
1.315204931	103.8565799
1.315210452	103.8563896
1.315210452	103.8563896
1.315213133	103.8574325
1.315214816	103.8591472
1.315220565	103.8583972
1.315220565	103.8583972
1.315221854	103.8578359
1.315236409	103.8590954
1.315255238	103.8564215
1.315256611	103.8584258
1.315256611	103.8584258
1.315282767	103.8574322
1.315292744	103.8590984
1.315292754	103.8584546
1.315292755	103.8584546
1.315325878	103.8575536
1.315328938	103.8584833
1.315328938	103.8584833
1.315332487	103.859066
1.315334698	103.8575487
1.315364084	103.8566171
1.315365013	103.8585119
1.315365014	103.8585119
1.315366238	103.8590413
1.315366757	103.8570655
1.315401205	103.8585405
1.315401205	103.8585405
1.315401651	103.8575874
1.315401651	103.8575874
1.315408811	103.8590139
1.315419163	103.8579235
1.315437481	103.858569
1.315437482	103.858569
1.315441756	103.858989
1.31544632	103.857625
1.31544632	103.857625
1.315473438	103.8585977
1.315473438	103.8585977
1.315476289	103.8576702
1.315482651	103.8589587
1.315495438	103.8580641
1.315509648	103.8586259
1.315509648	103.8586259
1.315509864	103.8577011
1.315516577	103.858934
1.315528102	103.8580904
1.315533201	103.8571736
1.315543271	103.8577329
1.3155456	103.8586548
1.3155456	103.8586548
1.315558502	103.8589085
1.315558502	103.8589085
1.315560009	103.8581172
1.315566529	103.8571995
1.315577602	103.8577667
1.315581841	103.8586836
1.315581841	103.8586836
1.315592314	103.8581441
1.315598903	103.8572271
1.315614218	103.8577966
1.315617768	103.8587126
1.315624131	103.8581708
1.315629602	103.8572568
1.315648687	103.8578279
1.315653739	103.8587411
1.315656582	103.8581971
1.315660413	103.8572857
1.315682949	103.8578575
1.31568312	103.8578574
1.31568734	103.8569517
1.315688461	103.8582238
1.315691362	103.8573159
1.315704412	103.8588046
1.315704412	103.8588046
1.315714056	103.8578863
1.315721219	103.8582509
1.315721219	103.8582509
1.31574873	103.8569455
1.315757256	103.8582808
1.315757256	103.8582808
1.315775723	103.8579406
1.315775892	103.8579406
1.315777113	103.8574178
1.315777113	103.8574178
1.315777113	103.8574178
1.315777113	103.8574178
1.315777113	103.8574178
1.315777113	103.8574178
1.315777113	103.8574178
1.315777113	103.8574178
1.315779889	103.8578741
1.315783386	103.8569823
1.315805826	103.8579689
1.315806205	103.8579684
1.315811759	103.8570172
1.315837045	103.8579958
1.315846405	103.8584039
1.315846405	103.8584039
1.315846405	103.8584039
1.315849718	103.8582865
1.315852131	103.8570501
1.315867547	103.8580237
1.315869659	103.8571039
1.31586966	103.8571039
1.315871979	103.8575161
1.31587198	103.8575161
1.315899428	103.8580515
1.315901779	103.8571338
1.315901779	103.8571338
1.315910893	103.8584058
1.315910934	103.8575554
1.315934566	103.8580837
1.315934954	103.8580834
1.315934954	103.8580834
1.315948396	103.8575892
1.315948998	103.8584368
1.315948998	103.8584368
1.315950789	103.8571363
1.315966142	103.8571835
1.315969793	103.8581198
1.315981496	103.857619
1.315981497	103.857619
1.315981692	103.8571681
1.315988071	103.858467
1.316005891	103.8581503
1.316012463	103.8571994
1.316012967	103.857649
1.316041718	103.8581818
1.316046359	103.8572874
1.316046359	103.8572874
1.316046359	103.8572874
1.31604636	103.8572874
1.316051764	103.8576679
1.316061812	103.8585135
1.316061812	103.8585135
1.316077129	103.8577084
1.316079357	103.8582139
1.316112252	103.8573261
1.316116349	103.8582469
1.316142037	103.8578353
1.31614362	103.8573574
1.316153343	103.8582801
1.316173617	103.857389
1.316204214	103.8574195
1.316214565	103.8583363
1.316214565	103.8583363
1.316232086	103.8578613
1.316232086	103.8578613
1.316234443	103.8574517
1.316265544	103.857894
1.316296699	103.8579301
1.316309606	103.8575722
1.316309606	103.8575722
1.316309606	103.8575722
1.316309606	103.8575722
1.316309606	103.8575722
1.316318593	103.8575622
1.316501018	103.8578539