1.307860372	103.8016218
1.308129844	103.7989808
1.308175796	103.7990081
1.308220002	103.7989561
1.308228981	103.7990416
1.308283323	103.7990684
1.308336202	103.7991038
1.308376898	103.7991451
1.308394772	103.7987839
1.308423317	103.798736
1.30844027	103.7991655
1.308440903	103.8019294
1.308458876	103.7986794
1.308486713	103.79863
1.30850364	103.7991928
1.308521021	103.798573
1.308547566	103.7985259
1.308583112	103.7984702
1.308604796	103.7989066
1.308609588	103.7984215
1.308611966	103.7991955
1.308620828	103.7992459
1.308630185	103.7988579
1.30864674	103.7983665
1.308666811	103.7988024
1.308671465	103.7992653
1.308674389	103.7983157
1.308684332	103.8016891
1.308695248	103.7987529
1.308730525	103.801102
1.30873054	103.798697
1.308733213	103.7992893
1.308757784	103.7986497
1.308779409	103.7993259
1.308781225	103.7982011
1.308791494	103.7985937
1.30881678	103.7981625
1.308821655	103.7985461
1.308846841	103.7993323
1.308852812	103.7984938
1.308863651	103.7981154
1.308877689	103.8004688
1.308892028	103.7990406
1.308897101	103.7993618
1.308898132	103.7980717
1.308921578	103.798995
1.308937397	103.7984033
1.30894476	103.7980247
1.308953824	103.7989358
1.308957081	103.7993741
1.308967961	103.7975416
1.308977778	103.7983527
1.308980812	103.7979832
1.308985543	103.7988894
1.309013654	103.7975053
1.309015351	103.7988317
1.309018698	103.7983149
1.309027241	103.7979346
1.309043639	103.7987857
1.309059674	103.7982639
1.309060879	103.7974679
1.309061899	103.7978932
1.309075209	103.7994164
1.309076207	103.7987303
1.309094587	103.802173
1.309097759	103.7982252
1.309103971	103.7986828
1.309109828	103.7974291
1.309125672	103.7994365
1.309130062	103.79913
1.3091398	103.7981733
1.309153125	103.7990834
1.309156815	103.7977971
1.309157751	103.7973911
1.309159939	103.8025174
1.309179671	103.7985766
1.30918062	103.7981356
1.30918695	103.7994601
1.309187179	103.799027
1.309191124	103.7977597
1.309203646	103.7973546
1.309211458	103.8012771
1.309214498	103.7989801
1.309215762	103.7985398
1.309238568	103.7994783
1.309241023	103.7977287
1.309244657	103.7989236
1.309249402	103.7973186
1.309257082	103.7980437
1.3092625	103.7984907
1.309272703	103.7988768
1.309280282	103.797696
1.309296529	103.7972812
1.309296897	103.7980089
1.309297833	103.7995035
1.309298438	103.7984491
1.309306452	103.7988182
1.309329144	103.7976593
1.309343531	103.7972434
1.309343548	103.798404
1.309346726	103.7979609
1.309349748	103.7995202
1.309374543	103.7987352
1.309374784	103.7976338
1.309382477	103.7983662
1.309393787	103.7979237
1.309409593	103.7986965
1.309410184	103.7995465
1.309410855	103.7991871
1.309419549	103.7975898
1.309425585	103.7983165
1.309439381	103.8008412
1.309440969	103.7971675
1.309447361	103.797884
1.309456186	103.7986468
1.309464979	103.7992021
1.309465888	103.7995638
1.309466039	103.7982767
1.309466309	103.7975609
1.309488247	103.7971304
1.309489806	103.797849
1.309493128	103.7986053
1.309508511	103.7982252
1.309511648	103.79752
1.309526476	103.7990141
1.309528286	103.7992301
1.309536602	103.7970927
1.309538874	103.798557
1.309541113	103.7978106
1.309547104	103.7981866
1.309563432	103.8027633
1.309564717	103.7989657
1.309576282	103.7985168
1.309583652	103.7992458
1.309583655	103.797055
1.309586543	103.8023465
1.309590995	103.7974496
1.309608682	103.7989293
1.309613862	103.7977114
1.309622157	103.7984677
1.309631456	103.7970173
1.309639613	103.7974153
1.309646888	103.7981087
1.309649065	103.7988789
1.309658433	103.7984289
1.30966277	103.7976745
1.309679909	103.7969795
1.309687919	103.7988401
1.309688415	103.7980731
1.309689337	103.7973866
1.309707191	103.7976406
1.309727454	103.796943
1.309729813	103.7991706
1.30973206	103.7973428
1.30973353	103.7987919
1.30973437	103.7983504
1.309740767	103.7980341
1.309758608	103.797599
1.309770266	103.7987509
1.309770622	103.7969003
1.30977491	103.7983176
1.309777873	103.7991421
1.309778774	103.7973153
1.309783097	103.797998
1.309801668	103.7975649
1.309806986	103.7972528
1.309808576	103.7968575
1.309816337	103.7987039
1.309825133	103.7982759
1.309830606	103.8029138
1.309835783	103.797959
1.309837319	103.7991095
1.309847519	103.7975204
1.309847737	103.7972232
1.309848086	103.8022021
1.309851999	103.7998896
1.309852354	103.7986633
1.309869263	103.7982432
1.309878886	103.7979222
1.309885092	103.7990795
1.309891616	103.7974848
1.309920759	103.7982015
1.309928797	103.7985959
1.309930784	103.7978852
1.309944013	103.7990491
1.309947898	103.7994487
1.309963932	103.7963307
1.309965021	103.7981683
1.309972523	103.7978486
1.309972797	103.7985606
1.309990317	103.7990189
1.310016915	103.7981258
1.310027811	103.7985198
1.310046902	103.7989881
1.310061221	103.7980916
1.310072106	103.7984861
1.310095497	103.7989586
1.310101454	103.7993569
1.310122559	103.7984457
1.310151413	103.7971669
1.310153736	103.7989271
1.310157518	103.7972235
1.310158269	103.7970322
1.31015952	103.7949771
1.310161146	103.7949764
1.310163235	103.7972821
1.310163311	103.7969754
1.310165979	103.7984116
1.310169246	103.7973423
1.310169946	103.7969117
1.310175632	103.7974047
1.310181595	103.7974645
1.310183165	103.79685
1.310187827	103.7975267
1.310194345	103.7975866
1.310199365	103.7988982
1.310202903	103.796792
1.310208684	103.7950159
1.310213163	103.79501
1.310219179	103.7986014
1.310222727	103.796735
1.310223391	103.7977032
1.31023089	103.8002777
1.310239981	103.7977537
1.310241542	103.7966792
1.310241871	103.798648
1.310253827	103.7992567
1.310254143	103.7992577
1.310255419	103.7953504
1.310255419	103.7953504
1.310255422	103.7953504
1.310258354	103.7978111
1.310259782	103.7966261
1.310264343	103.7950361
1.310273361	103.7987043
1.310277379	103.7978697
1.310278411	103.7953715
1.310296349	103.7979283
1.310300159	103.7987498
1.310302091	103.8029937
1.310305679	103.7950635
1.310308189	103.794682
1.310315317	103.7979869
1.310329815	103.7988083
1.310333644	103.7980435
1.310350683	103.7980966
1.310352363	103.7947166
1.31035486	103.8026687
1.310357404	103.7988519
1.310366336	103.7971853
1.310368	103.7971158
1.310373239	103.7972419
1.310373698	103.7970626
1.310374215	103.7951152
1.310381045	103.7973072
1.310388797	103.79736
1.31039436	103.7974287
1.310395014	103.7947481
1.310395014	103.7947481
1.310395014	103.7947481
1.310395136	103.7947478
1.310395615	103.7982231
1.310403022	103.7974814
1.310406491	103.7991758
1.31040953	103.7969415
1.310420026	103.7982673
1.310421875	103.796892
1.31042632	103.8022243
1.310435466	103.7947855
1.310441549	103.7951633
1.31044325	103.7976111
1.310443851	103.7968289
1.310448616	103.7983238
1.310458573	103.7976582
1.310460491	103.7967781
1.310471897	103.7983707
1.310476885	103.7977192
1.310477438	103.7967145
1.310478908	103.7948202
1.310478908	103.7948202
1.31047911	103.79482
1.310495193	103.7966669
1.310497377	103.7977708
1.310500686	103.7984278
1.310506789	103.7951758
1.31050679	103.7951758
1.31050679	103.7951758
1.31051229	103.8006903
1.310514593	103.7978349
1.310523482	103.7948534
1.310523539	103.7948532
1.310523539	103.7948532
1.310527888	103.7984752
1.31053406	103.7978886
1.310535982	103.7990668
1.310555452	103.7955411
1.310557949	103.7985332
1.310559705	103.7979514
1.310563515	103.7961072
1.310563515	103.7961072
1.310563515	103.7961072
1.31056808	103.8017934
1.310573069	103.7948784
1.310580883	103.7980009
1.310581646	103.7985808
1.310606768	103.7980621
1.310608935	103.7955501
1.310629154	103.7981092
1.310638466	103.7949199
1.310638466	103.7949199
1.310641018	103.7949238
1.310656467	103.7986747
1.310659415	103.7955648
1.310668866	103.8015549
1.310679761	103.7952609
1.310691307	103.7982193
1.310693793	103.7987098
1.310695644	103.7998448
1.310698144	103.7972608
1.31070175	103.7972109
1.31070265	103.7971454
1.310703409	103.7970911
1.310704023	103.7970203
1.31070815	103.7955773
1.310712021	103.7982668
1.310713184	103.7969583
1.310735331	103.7968866
1.310736546	103.7973963
1.310737319	103.7949478
1.310741181	103.7949345
1.310741736	103.7983276
1.310742758	103.7974488
1.310745363	103.7987541
1.31074695	103.7964308
1.310752331	103.7968342
1.310759215	103.797515
1.310764814	103.7983756
1.310769036	103.7975698
1.310771931	103.7955792
1.310771931	103.7955792
1.310771932	103.7955792
1.310773133	103.7967706
1.310778048	103.8014864
1.310785661	103.7976366
1.310786254	103.7987903
1.310786932	103.7967246
1.310790739	103.8011573
1.310793546	103.7994609
1.310793583	103.7984353
1.310802953	103.7976887
1.310812517	103.8007271
1.310815783	103.8005801
1.310824117	103.7977501
1.310829099	103.7984824
1.310835194	103.7977992
1.310844552	103.7988291
1.310872775	103.7979124
1.310874703	103.7985319
1.31089031	103.7988558
1.310897668	103.800245
1.310899111	103.7979579
1.310905813	103.801093
1.310912864	103.7985726
1.310927219	103.7992768
1.310927264	103.7980183
1.310943969	103.7971103
1.310944328	103.7971623
1.310951373	103.7973008
1.31095141	103.7980654
1.3109516	103.7970419
1.31095891	103.7973523
1.310962285	103.7969822
1.310965598	103.7986158
1.310966693	103.7955793
1.310966786	103.7974195
1.31098081	103.7981251
1.310981757	103.797474
1.31098225	103.7969173
1.310982449	103.7956338
1.310993155	103.7975388
1.31099707	103.7968648
1.311000546	103.795322
1.311002897	103.7989242
1.311004505	103.795314
1.311007021	103.7981779
1.311013928	103.7975923
1.311014333	103.7986372
1.311018403	103.7968035
1.311029258	103.7976557
1.311032254	103.7967547
1.311046433	103.7956316
1.311047165	103.7982425
1.311048151	103.7977016
1.31105004	103.7989473
1.311056014	103.7955776
1.311063351	103.795309
1.311067332	103.7953154
1.311067332	103.7953154
1.311067332	103.7953154
1.311073104	103.7948767
1.311081276	103.8002122
1.311083813	103.798284
1.311085813	103.7955746
1.311089902	103.7978281
1.311106235	103.7989818
1.311108452	103.7956285
1.311110998	103.7978752
1.311123995	103.7986953
1.311129164	103.7953006
1.311131509	103.7952958
1.3111389	103.7979335
1.311139551	103.7983304
1.311154425	103.7990061
1.311161462	103.7979843
1.311161514	103.7955728
1.311161514	103.7955728
1.311162117	103.7955769
1.311167641	103.7987221
1.311178699	103.7983678
1.311179194	103.7999433
1.31119208	103.7952898
1.311192272	103.7952914
1.311193716	103.7980441
1.311212595	103.7990368
1.311222894	103.7955933
1.31122419	103.7980918
1.311225701	103.7987587
1.31122747	103.7956051
1.31125067	103.7952734
1.311257769	103.7952805
1.311261187	103.7990667
1.311267942	103.7981425
1.311271829	103.7987848
1.311273375	103.7955907
1.311282883	103.7994499
1.31129047	103.798446
1.311306378	103.7981773
1.311313382	103.7952448
1.311315536	103.7952433
1.311317074	103.7991002
1.311330125	103.798817
1.311330365	103.7955821
1.311332093	103.7998992
1.311334006	103.7984708
1.311354075	103.7951925
1.311355043	103.7951927
1.311355947	103.7955186
1.311366057	103.7991241
1.311373734	103.7988467
1.31138885	103.7985042
1.311396396	103.7951513
1.311402067	103.7951555
1.311417267	103.794656
1.311420406	103.7982495
1.311422974	103.7991589
1.311426135	103.7955431
1.311430441	103.7988813
1.311432408	103.7945797
1.311433037	103.7945799
1.31143348	103.7985318
1.311440052	103.7946501
1.311452162	103.7971283
1.311462872	103.7945355
1.311462973	103.7945355
1.311465893	103.7982763
1.311466384	103.795523
1.311467404	103.7991838
1.311478272	103.7955514
1.311478464	103.7989053
1.311481723	103.7951377
1.311489184	103.7985643
1.311494287	103.7951444
1.311494792	103.7944898
1.311495065	103.7944898
1.311510981	103.7954848
1.311510981	103.7954848
1.311516721	103.795494
1.311520756	103.79831
1.3115256	103.7944436
1.311525989	103.7944437
1.311534258	103.7985921
1.311536683	103.7989395
1.311554269	103.7954681
1.31155433	103.7976317
1.311555762	103.795464
1.311564195	103.794389
1.31156642	103.7983377
1.311566961	103.7949646
1.311567822	103.7949649
1.311568908	103.7943911
1.311579511	103.7989671
1.311588994	103.7986264
1.311599129	103.7949169
1.311599719	103.7954324
1.311599719	103.7954324
1.311621459	103.7983703
1.311629006	103.7948712
1.311629006	103.7948712
1.311630444	103.7948716
1.311634839	103.7986508
1.31163686	103.7954064
1.311662438	103.7948277
1.311662871	103.7948278
1.311662871	103.7948278
1.311666334	103.7983991
1.311677572	103.7953656
1.311689314	103.7986848
1.311694044	103.7947829
1.31170849	103.7993486
1.311710722	103.7942805
1.311710722	103.7942805
1.311711469	103.7952632
1.311713664	103.7953374
1.311713664	103.7953374
1.311721017	103.7984296
1.311724555	103.7947363
1.31172922	103.7987117
1.311738115	103.7992514
1.311756213	103.7946911
1.311765665	103.7984592
1.311778489	103.7952579
1.311778489	103.7952579
1.311788259	103.7946455
1.311806343	103.7975058
1.311813927	103.7991221
1.311816675	103.7952133
1.311816675	103.7952133
1.311818155	103.7945981
1.311818155	103.7945981
1.31181943	103.7945983
1.311824431	103.7984936
1.311834281	103.7954476
1.311836026	103.794478
1.311851214	103.7945555
1.311851544	103.7945555
1.311857488	103.7990505
1.311861011	103.7964589
1.311869146	103.7985183
1.31187282	103.7945225
1.311898475	103.7943877
1.311905928	103.7944605
1.311911912	103.7944584
1.311921954	103.796844
1.31193616	103.7944319
1.311936625	103.7989168
1.311939612	103.7993461
1.311962985	103.7979772
1.311967698	103.7943697
1.311969501	103.7945191
1.311970257	103.7943652
1.311979181	103.7988434
1.312011923	103.7943361
1.312016445	103.7943312
1.312050247	103.7987112
1.312094778	103.7986397
1.312106044	103.7943066
1.312106044	103.7943066
1.312135221	103.799011
1.312179277	103.7985194
1.312197698	103.7973256
1.312225373	103.7984485
1.312235515	103.7973994
1.312240296	103.7963991
1.312240297	103.7963991
1.312240297	103.7963991
1.312240297	103.7963991
1.312294027	103.7987531
1.312315598	103.7983175
1.312317095	103.7975192
1.312327856	103.7976048
1.312354686	103.7982455
1.312363682	103.7971688
1.312376445	103.7955445
1.312379621	103.7985993
1.312405939	103.7980923
1.312412481	103.7950968
1.312412481	103.7950968
1.312412481	103.7950968
1.312412481	103.7950968
1.312430698	103.7977404
1.312439499	103.7980092
1.312447277	103.7968007
1.312452909	103.7978607
1.312456079	103.7950242
1.312456079	103.7950242
1.312456079	103.7950242
1.31245608	103.7950242
1.312506755	103.7984352
1.312508813	103.7961716
1.312511918	103.7949294
1.312511918	103.7949294
1.312511918	103.7949294
1.312511918	103.7949294
1.312512732	103.7961931
1.312558295	103.7948561
1.312558295	103.7948561
1.312558295	103.7948561
1.312558295	103.7948561
1.312582774	103.797493
1.312584172	103.7982625
1.31263223	103.7976462
1.312634487	103.7980646
1.312678879	103.7978802
1.312752525	103.8000439
1.312787417	103.7993627
1.312816752	103.795401
1.312825039	103.7954777
1.312832367	103.7956041
1.312836458	103.7956812
1.312845737	103.7958159
1.312852428	103.7958904
1.312860976	103.7961233
1.312864807	103.796202
1.312865086	103.7950661
1.312865086	103.7950661
1.312865086	103.7950661
1.312865086	103.7950661
1.31288998	103.7949827
1.31288998	103.7949827
1.31288998	103.7949827
1.31288998	103.7949827
1.312919029	103.7969842
1.312919055	103.7948737
1.312919055	103.7948737
1.312919055	103.7948737
1.312919055	103.7948737
1.312928759	103.7953789
1.312944518	103.7947879
1.312944518	103.7947879
1.312944518	103.7947879
1.312944519	103.7947879
1.312954888	103.7952577
1.313011438	103.8003217
1.313029132	103.7943755
1.3130458	103.7997707
1.313159805	103.7957592
1.31318998	103.7949249
1.313201302	103.8004552
1.313223992	103.795244
1.313227386	103.7964097
1.313253467	103.7960475
1.313256188	103.7963235
1.313259435	103.7947234
1.313272169	103.796487
1.31327447	103.7995052
1.313275025	103.7985444
1.313277664	103.7985448
1.313289049	103.7962373
1.313307618	103.7980393
1.313320619	103.7965635
1.313328678	103.797418
1.313351097	103.7998113
1.31339278	103.7991496
1.313515062	103.7936897
1.313516392	103.7943894
1.31353664	103.7957771
1.313586044	103.8005821
1.313592912	103.7991904
1.313616131	103.7939804
1.31361851	103.7978278
1.313646587	103.7960785
1.313649897	103.7995305
1.313649939	103.7939316
1.313661899	103.79494
1.313669217	103.7981121
1.313683715	103.7938828
1.313693178	103.796812
1.31371747	103.7938339
1.313748145	103.7985361
1.313751065	103.7937853
1.313765502	103.7931885
1.313775058	103.7999401
1.313784902	103.7937363
1.313791357	103.7965073
1.313818758	103.7936874
1.313839566	103.7948003
1.313852584	103.7936385
1.313857648	103.795417
1.313886369	103.7935895
1.313897578	103.7938845
1.313920407	103.7935401
1.313930892	103.8004824
1.313950811	103.7960941
1.313961164	103.7992668
1.313967374	103.7976726
1.313980319	103.7968474
1.314029888	103.7964918
1.314036505	103.7984791
1.314038798	103.7934074
1.314046821	103.7980279
1.314049435	103.799003
1.314076008	103.7926769
1.314148488	103.8007603
1.314156997	103.7918396
1.314170944	103.7923027
1.314178604	103.7923033
1.314178604	103.7923033
1.314178604	103.7923033
1.314178604	103.7923033
1.314178604	103.7923033
1.314189083	103.7992671
1.314199002	103.794817
1.314203596	103.7955465
1.314223008	103.8004278
1.314249206	103.7932904
1.314255813	103.7996995
1.314341672	103.7980998
1.314345867	103.794311
1.31435358	103.7917753
1.314360041	103.797297
1.314366653	103.800921
1.314366653	103.800921
1.314373135	103.7951987
1.314373457	103.7985134
1.314377368	103.7985158
1.314407768	103.7937192
1.314454857	103.7956332
1.3144677	103.7919573
1.314472798	103.7959744
1.314476937	103.7948767
1.314484365	103.798504
1.314487854	103.7985064
1.314494138	103.7925961
1.314506493	103.7928316
1.314518896	103.7940327
1.314523702	103.7911742
1.314549963	103.7921268
1.314556484	103.7961759
1.314598962	103.7934276
1.314602349	103.7984893
1.314603329	103.7978972
1.314605407	103.7984913
1.314635366	103.7974883
1.31463776	103.795117
1.314646748	103.7924153
1.314684645	103.7910604
1.314705876	103.7958412
1.314709238	103.7915166
1.314717424	103.7984783
1.314721051	103.7984822
1.31473089	103.7944534
1.314755409	103.7930207
1.314757762	103.7927333
1.314760658	103.8004885
1.314771124	103.7972681
1.314771362	103.7937906
1.314782889	103.790824
1.31480642	103.7970239
1.314831026	103.7979199
1.314841426	103.7984612
1.31484417	103.7984631
1.314861362	103.8011493
1.314902979	103.7915951
1.314926794	103.7918567
1.314927856	103.7993446
1.314954163	103.7984541
1.314956542	103.7984568
1.314980509	103.7935051
1.314984303	103.7938702
1.314996707	103.7967391
1.314996764	103.7951948
1.314999535	103.7921352
1.315045281	103.7910073
1.315050652	103.7946055
1.315058159	103.7989215
1.315084059	103.7998043
1.315091963	103.7923635
1.315092829	103.7919823
1.315097024	103.7905435
1.315113948	103.7980163
1.315115852	103.7919525
1.31512575	103.7914511
1.315133924	103.7930752
1.315134915	103.7917457
1.315153827	103.793606
1.315162038	103.7963675
1.315180953	103.792683
1.315182823	103.7920124
1.315190109	103.7984554
1.31524623	103.8008419
1.315316306	103.7923438
1.315318656	103.7911252
1.315332207	103.7916763
1.315347591	103.7983906
1.315352686	103.7941947
1.315358859	103.7938005
1.315379881	103.7958263
1.315383558	103.7988619
1.315386837	103.7980208
1.315400265	103.7919383
1.31540126	103.7906568
1.315426561	103.7926109
1.315451531	103.7991882
1.315460657	103.7932182
1.31547644	103.7975585
1.315478109	103.7912469
1.315480559	103.7948778
1.315504638	103.791878
1.315511293	103.7953702
1.315517946	103.7901753
1.315534318	103.8005203
1.315539638	103.8016748
1.315545306	103.7938477
1.315574705	103.7922792
1.315583991	103.7936146
1.315610287	103.7970297
1.315639329	103.7945044
1.315641663	103.7996156
1.3156444	103.7982793
1.315663534	103.7929174
1.315675043	103.8002752
1.315678185	103.7925232
1.315688905	103.796438
1.315692365	103.7988619
1.315727665	103.7934517
1.315740585	103.7931189
1.315742028	103.7913745
1.315786863	103.8007385
1.315791151	103.7906846
1.315800421	103.7998547
1.315806812	103.7943948
1.315817039	103.7916038
1.315822932	103.8011312
1.31585047	103.791814
1.31585732	103.7940089
1.315865624	103.7915846
1.31587516	103.7897791
1.315902742	103.7978661
1.315910924	103.8004637
1.315918625	103.7995127
1.315927821	103.7954906
1.315939456	103.7938182
1.315951991	103.7920169
1.315967744	103.7901281
1.316007363	103.8019319
1.316018346	103.7922414
1.316033371	103.7963072
1.316040361	103.7935921
1.316041419	103.7975287
1.3160452	103.7988122
1.316075558	103.7992633
1.316093365	103.7981492
1.316107719	103.7940093
1.316126785	103.792924
1.316128907	103.7924192
1.316143354	103.7926736
1.316158601	103.7933858
1.316169723	103.8005838
1.316172214	103.7895232
1.31620525	103.7955323
1.316215598	103.7906996
1.316220737	103.7949457
1.316247482	103.7937741
1.316260087	103.8012041
1.316271816	103.7910905
1.316297123	103.7936203
1.316297944	103.8001032
1.316298586	103.7906293
1.316307653	103.7898568
1.316318901	103.7984441
1.316360062	103.7928601
1.316364957	103.7970716
1.316367246	103.7944686
1.316370521	103.7914929
1.316378801	103.7934095
1.316379744	103.7927467
1.316418145	103.7997248
1.316433868	103.7981685
1.316460359	103.7891509
1.316469471	103.8018332
1.316472423	103.7917598
1.316490964	103.800628
1.316507337	103.7978804
1.316507428	103.7896675
1.316514336	103.8014383
1.316538323	103.7932356
1.316540334	103.7965047
1.316554355	103.8002573
1.316566432	103.7939594
1.316593468	103.7920517
1.316596563	103.7951424
1.316597066	103.795667
1.316630436	103.7999547
1.316653376	103.7887411
1.316681778	103.7976711
1.316685482	103.7937708
1.316696749	103.7908715
1.316710543	103.7948616
1.316719408	103.7992354
1.316724185	103.7924296
1.316752365	103.7944475
1.31678225	103.7935753
1.31678905	103.7974854
1.316830014	103.7984952
1.316849316	103.7971773
1.316850308	103.7982731
1.316864543	103.7932966
1.316869964	103.7933844
1.316872058	103.7891934
1.316877394	103.7928625
1.316886945	103.7957272
1.316917891	103.7940741
1.316918637	103.7965753
1.316919815	103.8004157
1.316923254	103.7910632
1.316925705	103.7994386
1.316927395	103.7904635
1.31692803	103.7988899
1.316938666	103.7918026
1.316950721	103.7884736
1.31695381	103.7938725
1.317025982	103.8006268
1.317037458	103.7945114
1.317048542	103.7926054
1.317049259	103.8017028
1.31705304	103.7901076
1.31706635	103.7985711
1.317071748	103.8012488
1.317074308	103.7936838
1.317095371	103.800994
1.317098424	103.7913709
1.317104742	103.7920949
1.317109812	103.7949237
1.31712982	103.7934567
1.317168154	103.799661
1.31717817	103.8007825
1.317180656	103.7957191
1.317186588	103.7947172
1.317187301	103.7887208
1.31719041	103.7906393
1.317203005	103.7923317
1.317211287	103.7965515
1.317214894	103.7928699
1.317216608	103.7968316
1.317217599	103.788158
1.31722381	103.7946499
1.317229077	103.7942591
1.317248332	103.7949855
1.317256844	103.7998945
1.317284872	103.7983609
1.317297319	103.7895222
1.317330395	103.7940728
1.317353256	103.7991224
1.317360443	103.7977808
1.317365185	103.7944892
1.317372157	103.7954658
1.317373394	103.7960859
1.317376327	103.8016093
1.31737731	103.7903986
1.317391196	103.7909752
1.317402848	103.7951662
1.317424769	103.8001385
1.317427626	103.7938662
1.317433689	103.7992238
1.317459094	103.7879813
1.317461071	103.798791
1.317496398	103.7936321
1.31750439	103.7961431
1.317508398	103.7942659
1.317526693	103.7979503
1.31756974	103.800319
1.317572519	103.7885329
1.317572551	103.8011993
1.317581519	103.7878975
1.317581963	103.7910611
1.317613194	103.8014353
1.31763222	103.7929237
1.317633562	103.7948579
1.317638953	103.7956885
1.317643022	103.7939966
1.317646862	103.7925134
1.317670855	103.7894083
1.317699934	103.7997191
1.31772307	103.7937416
1.317725509	103.7946629
1.31777673	103.8008632
1.317778124	103.7976228
1.317783233	103.7964735
1.317796279	103.7880789
1.317803099	103.7906363
1.317804398	103.7890296
1.317806458	103.7990633
1.317812141	103.7980647
1.317814322	103.7959444
1.317815966	103.7983522
1.317816228	103.7898094
1.317841939	103.7944304
1.317844173	103.7884127
1.317863742	103.8020173
1.317865245	103.7911263
1.317878694	103.7918497
1.317897194	103.8005028
1.317917538	103.7931089
1.317928137	103.7969924
1.317961711	103.7942192
1.317969971	103.797826
1.317970593	103.7882825
1.317980082	103.7933924
1.317989039	103.7975119
1.317997552	103.7963221
1.318003868	103.7900008
1.318019531	103.7967617
1.318033975	103.7991977
1.318042429	103.789239
1.318042661	103.7926302
1.318057904	103.7940277
1.318058986	103.7974609
1.318078732	103.7955494
1.318079086	103.7999205
1.318086775	103.7909464
1.31811473	103.7886472
1.318130482	103.7887809
1.318136673	103.802028
1.318139328	103.794876
1.318151723	103.7938127
1.318176159	103.7989291
1.318190093	103.8012606
1.318204484	103.7884935
1.318214594	103.7931358
1.318219345	103.8006604
1.318226663	103.7901629
1.318236229	103.7895944
1.318238476	103.7994801
1.31824147	103.7980526
1.31824643	103.8000429
1.318276245	103.7884922
1.318315378	103.7935811
1.318317957	103.7990492
1.318323808	103.8018528
1.318323808	103.8018528
1.318323808	103.8018528
1.318323808	103.8018528
1.318328905	103.7915093
1.318334358	103.7910183
1.31837641	103.788583
1.318380809	103.7889715
1.318399747	103.8016469
1.318422613	103.8011871
1.318424663	103.7903031
1.3184365	103.7964666
1.318443779	103.7885978
1.318450241	103.7925316
1.318452124	103.7897858
1.318459118	103.7936575
1.31846512	103.7919971
1.318467828	103.7982493
1.318474157	103.7942927
1.318478295	103.7968708
1.318480689	103.7996505
1.31850238	103.8007055
1.318519374	103.7886699
1.318543415	103.800102
1.318555724	103.7932275
1.318562298	103.8043852
1.318597601	103.7975573
1.318597883	103.7887083
1.318645609	103.7926125
1.318648717	103.7911559
1.318649198	103.8046142
1.318651882	103.7992875
1.318692907	103.7936197
1.318697153	103.7986854
1.318706644	103.8019407
1.318716144	103.7894338
1.318716144	103.7894338
1.318716144	103.7894338
1.318716144	103.7894338
1.318716144	103.7894338
1.318716144	103.7894338
1.318716144	103.7894338
1.318716144	103.7894338
1.318716144	103.7894338
1.318716144	103.7894338
1.318716144	103.7894338
1.318716144	103.7894338
1.318716144	103.7894338
1.318716144	103.7894338
1.318716144	103.7894338
1.318716144	103.7894338
1.318716144	103.7894338
1.318717625	103.7977063
1.318722265	103.793146
1.318743519	103.7886871
1.318744084	103.7888054
1.31875836	103.798354
1.31877272	103.7963656
1.318779987	103.8044219
1.318792748	103.8031976
1.318794056	103.7934759
1.31879754	103.7945651
1.318810681	103.7954608
1.318822542	103.8024355
1.318834458	103.8000124
1.318840762	103.8005651
1.318842773	103.8036998
1.318846644	103.8009864
1.318847799	103.8026508
1.318862618	103.7888639
1.318878581	103.791568
1.318901988	103.7922023
1.318926163	103.7888884
1.318928183	103.8029377
1.318942847	103.7989436
1.318957693	103.7903824
1.318961267	103.804896
1.318963008	103.7940867
1.318977575	103.7900034
1.318989356	103.8020284
1.318993467	103.7909917
1.319005691	103.7889833
1.319031211	103.8038267
1.319038485	103.8008346
1.319050263	103.8047756
1.319055878	103.801696
1.319063853	103.8021393
1.319071892	103.7981728
1.319077386	103.79275
1.319103984	103.7972889
1.319106766	103.7889706
1.31910943	103.8050284
1.31911255	103.7958485
1.319137209	103.8042067
1.319152581	103.8004151
1.319152625	103.7966415
1.319158551	103.7966402
1.319198507	103.798527
1.319225879	103.7889859
1.319232379	103.8033012
1.319232758	103.7906122
1.319239486	103.7931886
1.319240357	103.7912652
1.319244897	103.7919625
1.319252447	103.8048
1.319256031	103.8014735
1.319278969	103.7971173
1.319281529	103.7993233
1.319285344	103.7890533
1.319291222	103.7987709
1.319303049	103.7946181
1.319319636	103.798151
1.319331791	103.7899765
1.319335999	103.7891534
1.319340179	103.8036655
1.319340281	103.7896291
1.319345964	103.7916449
1.319367479	103.8006672
1.319377755	103.7903746
1.319387215	103.7925932
1.319393374	103.8052622
1.319397527	103.8001294
1.319399739	103.7974365
1.319403099	103.7891836
1.319411174	103.8024408
1.319411793	103.8044706
1.319434956	103.7956186
1.319459823	103.7934257
1.319461176	103.8028191
1.319494576	103.7892817
1.319509822	103.7997336
1.319525331	103.8054215
1.319525611	103.789321
1.319539692	103.7938754
1.319540816	103.7972206
1.319547937	103.8022668
1.319548723	103.8042876
1.319558557	103.8017479
1.319569016	103.80133
1.319591229	103.7991722
1.319593383	103.8050775
1.319632743	103.7985504
1.319639474	103.7902068
1.31963958	103.7913665
1.319666485	103.7893654
1.319667213	103.7919866
1.319668987	103.7941732
1.319680215	103.7929
1.319685183	103.7896749
1.319695498	103.7976403
1.319703428	103.8056464
1.319704917	103.7893919
1.319712962	103.7906331
1.319720298	103.8038002
1.319723137	103.7899749
1.319734859	103.8051726
1.319738516	103.800383
1.319763547	103.7893513
1.319764793	103.7952529
1.319798238	103.7973455
1.319800878	103.8045238
1.319831321	103.7940038
1.319832586	103.8018695
1.319839924	103.7930575
1.319843487	103.7935596
1.319849163	103.8054946
1.31985831	103.8029479
1.319865302	103.7909935
1.319865842	103.7894653
1.319866192	103.8025143
1.319870234	103.7979055
1.319874967	103.7942119
1.319879612	103.8014326
1.319885523	103.7966014
1.319887976	103.8009996
1.319917543	103.7988595
1.319919616	103.8034386
1.319938626	103.7904928
1.319949851	103.805837
1.319975341	103.7917639
1.319983718	103.7939537
1.320016914	103.7897356
1.320044244	103.7943975
1.320044495	103.8056354
1.320049383	103.8053608
1.320054984	103.7923967
1.320061476	103.804686
1.320066399	103.7981682
1.320067371	103.7975776
1.320075573	103.8038242
1.32008922	103.7902991
1.320097406	103.8001611
1.320111005	103.7992327
1.320114881	103.8006125
1.320130402	103.8017384
1.320133601	103.8060031
1.320135739	103.7900657
1.320141271	103.7969075
1.320142327	103.8049515
1.320147408	103.7944091
1.320153314	103.7938204
1.320163235	103.8015057
1.320184065	103.7927758
1.320203232	103.8054788
1.320204036	103.7945118
1.320215436	103.7996188
1.320236258	103.7912267
1.320253624	103.7978813
1.320257967	103.7945552
1.320259552	103.8010972
1.320261815	103.7999674
1.320286787	103.7963793
1.320292687	103.8048162
1.320297818	103.7898451
1.320308048	103.7947776
1.320311661	103.8044734
1.320316739	103.7941549
1.320321234	103.8007733
1.320330644	103.7946528
1.320333353	103.8058772
1.320336953	103.7905856
1.320360254	103.8061927
1.320370982	103.7941947
1.320375506	103.7905076
1.32040054	103.8016012
1.320407323	103.790373
1.320418333	103.7986032
1.320423756	103.7909387
1.320430639	103.7971188
1.320431046	103.7902932
1.32043542	103.8033029
1.320446852	103.8026379
1.320454232	103.8051693
1.320457601	103.7964731
1.320461788	103.7901506
1.320466648	103.8059914
1.320475366	103.7947787
1.320475802	103.7901022
1.320481913	103.8023099
1.320482527	103.8056821
1.320486019	103.7998061
1.320489668	103.7935563
1.32049555	103.7913915
1.320501945	103.8045021
1.320503169	103.8019436
1.320514259	103.7948399
1.320521576	103.7920398
1.320525934	103.7899638
1.320526259	103.800263
1.320530331	103.7898614
1.320537262	103.8049647
1.320542594	103.7981227
1.3205533	103.7988424
1.320556156	103.7941729
1.320563769	103.8012481
1.320567651	103.805321
1.32056932	103.8037203
1.320580444	103.8064005
1.320581577	103.7965708
1.320596482	103.792365
1.320601351	103.7949211
1.320614096	103.7943963
1.320619145	103.8058009
1.320621625	103.7942303
1.320628382	103.7949747
1.320629166	103.7926297
1.320630632	103.7938721
1.320645797	103.7960716
1.320649612	103.7944742
1.320664058	103.7938416
1.3206646	103.8017682
1.320677484	103.7993016
1.320691209	103.7906488
1.32069814	103.7950719
1.320698386	103.7966845
1.320700119	103.7983769
1.320715423	103.8031758
1.320732881	103.7904
1.320733065	103.7905399
1.32073627	103.7945441
1.320742764	103.7961714
1.320747793	103.7937652
1.320751637	103.7951292
1.320772637	103.7973918
1.32077447	103.8051492
1.320779952	103.8001487
1.320780705	103.806333
1.32078122	103.7937347
1.320785691	103.7903097
1.320786007	103.801312
1.320797152	103.7967327
1.320808429	103.7952127
1.320815149	103.7945665
1.320823936	103.7947065
1.320829455	103.7909936
1.320832953	103.7994761
1.320833929	103.7901682
1.320835451	103.7975995
1.320838603	103.7962577
1.32083987	103.7958853
1.320849462	103.7901183
1.320871289	103.7952446
1.320871309	103.7936404
1.320873028	103.7932122
1.320879012	103.8061406
1.320883254	103.7920558
1.32088523	103.7963084
1.320887001	103.7920009
1.320890529	103.7919454
1.320891254	103.7906568
1.320892894	103.7986494
1.320893622	103.791892
1.320894762	103.8055766
1.320896203	103.7918366
1.320896516	103.7959735
1.320896671	103.8005526
1.320896903	103.7969275
1.320899158	103.791783
1.320902314	103.7917276
1.320905191	103.7916741
1.320908526	103.7916186
1.320911825	103.7915655
1.320912359	103.7947245
1.320914685	103.79151
1.320917649	103.7914566
1.32092002	103.7926098
1.32092058	103.7914016
1.320921698	103.7913439
1.320932796	103.7940404
1.320934327	103.7922722
1.320941565	103.7904748
1.320945238	103.7926728
1.320947218	103.7964195
1.320949768	103.7934877
1.320955538	103.7901844
1.320963016	103.7903917
1.320963369	103.7927128
1.320964306	103.7911706
1.320964561	103.8048402
1.320969484	103.7953171
1.320987818	103.8041626
1.320991328	103.7953785
1.320993168	103.8060073
1.32099435	103.7927809
1.320997752	103.7902807
1.321008018	103.80005
1.321009572	103.805342
1.32101252	103.7928209
1.321016341	103.7955158
1.321021041	103.797202
1.321021328	103.7947793
1.321023599	103.7912062
1.321033051	103.7960349
1.32103939	103.7920298
1.321041568	103.7928774
1.321047172	103.799111
1.321048338	103.791968
1.321051227	103.7919128
1.32105395	103.7918595
1.321056563	103.7933254
1.321056996	103.7918039
1.321057028	103.7948332
1.321058243	103.7965371
1.321059868	103.7917503
1.321060163	103.7929183
1.321061977	103.7973501
1.321062279	103.7916956
1.321065382	103.791642
1.321068215	103.7915867
1.321071232	103.7915261
1.321071665	103.790716
1.321074471	103.8024419
1.321076651	103.7914362
1.321086067	103.7929755
1.321092981	103.794952
1.321097405	103.7977828
1.321101899	103.8045041
1.321104788	103.7930165
1.321104973	103.8016426
1.321124028	103.7926079
1.321128713	103.796125
1.321130693	103.7930737
1.321131299	103.7912564
1.321136226	103.8029347
1.32113932	103.7993566
1.321141616	103.7926482
1.321144402	103.7938289
1.321144503	103.8020016
1.321144515	103.7974945
1.32114501	103.7950069
1.321149413	103.7931147
1.321149728	103.7966229
1.321161763	103.7934285
1.321166836	103.8005897
1.321168156	103.7927064
1.321171215	103.7956248
1.321176312	103.791283
1.321179098	103.802072
1.321182319	103.8057513
1.321185206	103.7919861
1.321186242	103.7927465
1.321187304	103.7919197
1.321190661	103.7918666
1.321192554	103.8054504
1.321193567	103.7918113
1.321193871	103.7966705
1.321196582	103.7917581
1.321199448	103.791703
1.321201933	103.7916494
1.321205586	103.7915939
1.321207725	103.7915452
1.321212636	103.7928046
1.321221725	103.8021556
1.32122793	103.8010241
1.321229936	103.7999547
1.321230841	103.7928447
1.321233668	103.7921432
1.321236859	103.7925575
1.321242077	103.8039188
1.321243302	103.8014279
1.321246015	103.8022043
1.321254014	103.8027006
1.321256716	103.7981456
1.321257182	103.7929028
1.321258059	103.7925961
1.321263907	103.7908824
1.321267701	103.7962798
1.321267775	103.7945336
1.321270237	103.7951635
1.321270805	103.7954785
1.321270875	103.7963666
1.321273937	103.793191
1.321274112	103.7935982
1.321275432	103.7929431
1.321279409	103.7913217
1.321284436	103.7926541
1.321289682	103.8022868
1.321291272	103.7967539
1.321294976	103.8048684
1.321301805	103.793001
1.321302688	103.7926943
1.321303529	103.8044826
1.321306881	103.790912
1.321310365	103.7949943
1.321313973	103.8023355
1.321314218	103.8034393
1.321320013	103.7930413
1.321320343	103.7958081
1.32132151	103.7944824
1.321322357	103.794118
1.321322357	103.794118
1.321322357	103.794118
1.321322357	103.794118
1.321322357	103.794118
1.321322357	103.794118
1.321322357	103.794118
1.321322357	103.794118
1.321322357	103.794118
1.321322357	103.794118
1.321322357	103.794118
1.321322357	103.794118
1.321322357	103.794118
1.321322357	103.794118
1.321322357	103.794118
1.321322357	103.794118
1.321322357	103.794118
1.321322357	103.794118
1.321326098	103.7913379
1.321327213	103.7941166
1.321329068	103.7927523
1.321329907	103.7932516
1.321334082	103.7907383
1.321343738	103.8032573
1.321346144	103.7970521
1.321347325	103.7927925
1.321350843	103.8058916
1.321353811	103.8024209
1.321356301	103.79069
1.321357029	103.7984586
1.321359178	103.8036676
1.321365067	103.8031601
1.321368764	103.791605
1.321373727	103.7928506
1.321378101	103.8024696
1.321382062	103.7933189
1.321388455	103.7964866
1.321392049	103.7928907
1.321393484	103.8003684
1.321394776	103.7916765
1.321406166	103.7971977
1.32140905	103.8047103
1.32141429	103.791368
1.321415773	103.7919559
1.321418311	103.7929487
1.321419226	103.7905996
1.321420385	103.8006446
1.321420811	103.8025541
1.321421465	103.7917427
1.321421746	103.8056657
1.321427952	103.7918128
1.321428204	103.7925287
1.32142858	103.7943859
1.321429937	103.7954461
1.321430057	103.7920472
1.321430952	103.7918834
1.321431859	103.7975451
1.321433314	103.7965517
1.321436743	103.7929888
1.321437808	103.7933829
1.321441542	103.7921018
1.321443548	103.7925705
1.321445102	103.8026027
1.321448625	103.7998564
1.321449004	103.7905569
1.321449279	103.7921913
1.321451615	103.8013526
1.321459845	103.792251
1.321462858	103.7913849
1.321469589	103.7926277
1.321470317	103.7973585
1.321471585	103.7988242
1.321472039	103.7954012
1.321473816	103.8018054
1.321480071	103.7931191
1.321481943	103.7943369
1.321483491	103.7924635
1.321484827	103.7951445
1.32148494	103.8026853
1.321488178	103.7926687
1.321493593	103.7934453
1.321499857	103.7977581
1.321500082	103.8018691
1.321505348	103.8053113
1.321509231	103.8027339
1.321510023	103.8038575
1.321521302	103.7966897
1.321528215	103.7910717
1.321536519	103.7927751
1.321542212	103.8019501
1.32155194	103.8028184
1.32155312	103.7946574
1.321555112	103.792816
1.321559049	103.791026
1.321564436	103.7979683
1.321566335	103.8019984
1.321569975	103.8021505
1.321570604	103.8010856
1.321572746	103.8002685
1.32157623	103.8028671
1.321578236	103.7960812
1.321579153	103.7947359
1.321579756	103.8045757
1.321581144	103.7928733
1.321588254	103.7969496
1.321590938	103.7909803
1.321592829	103.7942646
1.321599738	103.7929142
1.321605867	103.7935573
1.321610354	103.8048919
1.321617779	103.8021269
1.321620839	103.7909374
1.321623724	103.7941881
1.321624806	103.7970296
1.32164129	103.7990741
1.321644789	103.7936341
1.321646946	103.7962865
1.321652733	103.7908917
1.321655026	103.7953896
1.321670793	103.7982765
1.321679815	103.7937005
1.321680652	103.7914369
1.321681136	103.8007379
1.321682632	103.7997164
1.321682633	103.7908488
1.321689021	103.8051991
1.321690821	103.7931471
1.321692874	103.8038547
1.321694745	103.7974616
1.321695415	103.7962289
1.321696168	103.8044683
1.321699022	103.7971884
1.321699107	103.8020863
1.321708887	103.797598
1.321710576	103.8036218
1.321710577	103.8037646
1.321711022	103.8034776
1.321711046	103.8035675
1.321711048	103.8037103
1.321711492	103.8034233
1.321712047	103.8031634
1.321712526	103.803908
1.321712811	103.8033335
1.321713281	103.8032792
1.321714525	103.790803
1.32172857	103.7972662
1.321729687	103.7914439
1.321731644	103.7948583
1.321732057	103.7937743
1.32173912	103.7961752
1.321743183	103.7911513
1.321745406	103.7907593
1.321746912	103.8020627
1.321751929	103.7960143
1.321754424	103.7939592
1.321754481	103.7947323
1.321758473	103.7950004
1.321759202	103.7932584
1.321769352	103.8023731
1.321770995	103.7920194
1.321775971	103.7911076
1.32178692	103.8047698
1.321788985	103.7959493
1.32179038	103.7933258
1.321792833	103.8024187
1.321794092	103.7986488
1.321796971	103.7916607
1.321804399	103.7950506
1.321805829	103.7910647
1.32180666	103.8040275
1.321813393	103.7941463
1.321815708	103.8050614
1.321817216	103.7942012
1.321819811	103.794255
1.321822407	103.7943089
1.321823753	103.7943636
1.321833367	103.8025039
1.321833821	103.7921818
1.321836689	103.7958165
1.321837765	103.7910189
1.32183777	103.8048085
1.321842992	103.7914612
1.321845667	103.7978613
1.321852438	103.8043439
1.321853891	103.8000976
1.321854114	103.8013497
1.321856848	103.8025496
1.321863851	103.7957739
1.321865181	103.8050172
1.321865608	103.7924934
1.321867485	103.8040814
1.321867625	103.7909761
1.321870186	103.793434
1.321875113	103.7951265
1.321881039	103.8008643
1.321893904	103.7957308
1.32189399	103.7987911
1.32189589	103.7914692
1.321896706	103.8026366
1.321896947	103.8007246
1.321899561	103.7909303
1.321900538	103.7939469
1.321901025	103.7995345
1.321907752	103.800957
1.321908079	103.7935026
1.321920187	103.8026822
1.321920271	103.7951746
1.3219206	103.8003728
1.321921928	103.7984972
1.321922042	103.8001047
1.321924796	103.8050549
1.321924874	103.7981776
1.321929905	103.7908862
1.321946749	103.7950165
1.321947332	103.7949163
1.321947908	103.7944737
1.321948299	103.7977596
1.321949081	103.8023407
1.32194918	103.7945333
1.32195579	103.8006339
1.321958194	103.7936168
1.321969349	103.8049271
1.32196953	103.8041362
1.321970875	103.8027846
1.321979447	103.8024034
1.321982395	103.7978436
1.321986294	103.7937083
1.32198886	103.7926822
1.321991089	103.8028503
1.322000038	103.795637
1.322002949	103.7923083
1.322005754	103.7947418
1.322011623	103.8043561
1.322016141	103.8048833
1.322018909	103.8041595
1.322019802	103.7946617
1.322024454	103.8000248
1.322030587	103.8029648
1.322032792	103.8025107
1.322035122	103.795819
1.322049601	103.7914908
1.322050802	103.8030305
1.322056814	103.792835
1.322058018	103.7941911
1.322063158	103.8025734
1.32206446	103.7939493
1.322072346	103.7990356
1.322072896	103.8014883
1.322075618	103.7917144
1.322084134	103.8031436
1.322098518	103.7914971
1.322099699	103.8042001
1.322102765	103.8036708
1.322103522	103.8036169
1.322103992	103.803384
1.322103994	103.8035271
1.322104348	103.8032093
1.322104749	103.8033301
1.322104751	103.8034732
1.322105862	103.799984
1.322105873	103.7928745
1.322106565	103.8026965
1.322108537	103.8038161
1.32211296	103.8037627
1.322126551	103.8027633
1.32212966	103.7924643
1.322130415	103.7995828
1.322138258	103.7983513
1.322140191	103.8044678
1.322148966	103.7991692
1.322149078	103.8042234
1.322150711	103.7929966
1.322159088	103.7953188
1.322160031	103.7984088
1.322161963	103.8028794
1.322175165	103.7911863
1.32217642	103.8003749
1.322181949	103.8029461
1.322186958	103.804507
1.322188237	103.7955596
1.322189687	103.801019
1.322191799	103.7986584
1.322193667	103.7915135
1.322194777	103.7992956
1.322200752	103.793064
1.32220233	103.8047258
1.322206099	103.7911405
1.322216746	103.8030592
1.32223257	103.7926231
1.322232667	103.7999457
1.32223358	103.7955046
1.322233989	103.7910954
1.322234113	103.7918874
1.322236732	103.8031259
1.322243636	103.7915204
1.322251069	103.7933072
1.3222521	103.8046847
1.322256573	103.8006561
1.322259881	103.8002961
1.322269855	103.8037989
1.322270231	103.8021457
1.322272144	103.8032396
1.322280516	103.7926617
1.322290178	103.7954374
1.322290795	103.8021942
1.32229213	103.8033063
1.32229887	103.7933459
1.322300119	103.803489
1.322302207	103.8034279
1.322302355	103.8036314
1.322302809	103.803579
1.322306782	103.7999484
1.322315957	103.8006616
1.322327999	103.8022829
1.322334856	103.8016343
1.322335741	103.7953822
1.322336773	103.7934804
1.322339742	103.7915346
1.322347812	103.8023317
1.322359014	103.7989239
1.322362527	103.8003551
1.322364605	103.8046171
1.322365808	103.7927559
1.32237932	103.8024187
1.322380561	103.8010401
1.322391029	103.791541
1.322391513	103.7935238
1.322397225	103.8024682
1.322401429	103.7930057
1.322402335	103.8045561
1.32240509	103.791984
1.322409288	103.7990522
1.32241091	103.7927926
1.322411746	103.7994827
1.322420853	103.8003641
1.322427062	103.8025578
1.322430109	103.7922696
1.322432394	103.7998443
1.322435692	103.8006963
1.32243814	103.7937055
1.322438605	103.7992053
1.322442774	103.8026081
1.322443813	103.8043007
1.322445054	103.793042
1.322458033	103.8044274
1.322463917	103.7922272
1.322467227	103.8042528
1.322467263	103.8026967
1.322471605	103.7941435
1.322481779	103.7992788
1.322482878	103.8041599
1.322482975	103.8027469
1.322483826	103.7937439
1.322487347	103.801051
1.322492859	103.7999301
1.32249336	103.7930802
1.32250686	103.8041108
1.322508836	103.8028338
1.322524548	103.802884
1.322527841	103.7950446
1.322528176	103.79215
1.322535987	103.7931157
1.322536712	103.800684
1.322538626	103.8040282
1.322549994	103.8029707
1.322550741	103.7915793
1.322550869	103.8003353
1.322559507	103.7928219
1.322562608	103.8039791
1.322565705	103.803021
1.322568667	103.7921034
1.322580127	103.7915362
1.322586159	103.7931515
1.322594023	103.8031086
1.322599315	103.7935262
1.32260208	103.7942288
1.322605921	103.7999333
1.322609435	103.7997355
1.322609735	103.8031588
1.322610144	103.7938079
1.322611304	103.8039032
1.322612405	103.7928665
1.32262869	103.7931873
1.322633121	103.792019
1.322634718	103.8038553
1.322638052	103.8032455
1.322642706	103.7914406
1.322653764	103.8032958
1.322671119	103.7913984
1.322672833	103.8037593
1.322682496	103.7919641
1.322684179	103.803388
1.322687818	103.8037082
1.322693915	103.8034404
1.322703181	103.7924953
1.322704658	103.8035996
1.322705982	103.8035464
1.322716783	103.7929512
1.322721069	103.7943271
1.322736299	103.7924525
1.322753704	103.7936389
1.322762325	103.7933086
1.322778567	103.7930013
1.322802472	103.7923746
1.322839293	103.7923304
1.322840045	103.7944266
1.322850779	103.7940384
1.322880224	103.7931077
1.322889585	103.7939868
1.322908753	103.7922458
1.322912932	103.7918851
1.322912932	103.7918851
1.322912932	103.7918851
1.322912932	103.7918851
1.322912932	103.7918851
1.322912932	103.7918851
1.322912932	103.7918851
1.322912932	103.7918851
1.322912932	103.7918851
1.322912932	103.7918851
1.322929577	103.7934281
1.322936342	103.7939337
1.322936481	103.7931472
1.322955206	103.7921911
1.322967492	103.7945204
1.322973188	103.793888
1.323026316	103.7940982
1.323030317	103.7945889
1.323046439	103.7924799
1.323047353	103.7924808
1.323047353	103.7924808
1.323047353	103.7924808
1.323047353	103.7924808
1.323047353	103.7924808
1.323047353	103.7924808
1.323047353	103.7924808
1.323047353	103.7924808
1.323047353	103.7924808
1.323047353	103.7924808
1.323047353	103.7924808
1.323057655	103.793789
1.3230835	103.7932485
1.323096698	103.7937436
1.323100212	103.7941429
1.323141208	103.7936903
1.323178141	103.7936448
1.323185475	103.7928834
1.32320606	103.7942458
1.323220199	103.7928416
1.323251128	103.7935483
1.323259334	103.7938538
1.323268129	103.7942986
1.323271279	103.7940544
1.323292676	103.7927493
1.323300997	103.7935015
1.323325942	103.7920458
1.323327814	103.7927075
1.323327911	103.7920456
1.323327911	103.7920456
1.323327911	103.7920456
1.323327911	103.7920456
1.323327911	103.7920456
1.323327911	103.7920456
1.323327911	103.7920456
1.323327911	103.7920456
1.323327911	103.7920456
1.323327911	103.7920456
1.323327911	103.7920456
1.323345458	103.7934481
1.323383027	103.7937907
1.323385936	103.7933903
1.323430997	103.7930851
1.323441559	103.792661
1.323466264	103.7930438
1.3234733	103.7926001
1.323499534	103.793706
1.323509515	103.7923516
1.323537988	103.7934927
1.323542862	103.7929535
1.323578273	103.792912
1.323635945	103.7921388
1.323649531	103.7928232
1.323662386	103.7936874
1.323686259	103.7927796
1.323731316	103.7933497
1.323745112	103.793614
1.323793964	103.7928304
1.323796162	103.7923913
1.323796162	103.7923913
1.323796162	103.7923913
1.323796162	103.7923913
1.323796162	103.7923913
1.323796162	103.7923913
1.323796162	103.7923913
1.323796162	103.7923913
1.323812457	103.7932503
1.323824294	103.7924066
1.32382755	103.7927327
1.323866976	103.7926854
1.323902212	103.7934642
1.323911729	103.7931197
1.323915905	103.7926267
1.32395533	103.7925794
1.323966269	103.793381
1.323971833	103.7930474
1.323977464	103.7928627
1.324004249	103.7925207
1.324016831	103.7928154
1.324043674	103.7924734
1.324064448	103.7927584
1.324076408	103.7932534
1.32407858	103.7929447
1.324092638	103.7924147
1.324103815	103.7927111
1.324117947	103.7928974
1.324132777	103.7923657
1.324136501	103.7931799
1.32415142	103.7926542
1.32416698	103.7928387
1.324190787	103.7926068
1.324206346	103.7927914
1.324234497	103.7930676
1.32423837	103.7925498
1.32425533	103.7927328
1.324273864	103.7930203
1.324274458	103.7925031
1.324294696	103.7926854
1.324322834	103.7929616
1.324343709	103.7926268
1.324362201	103.7929143
1.324383787	103.7925777
1.324411202	103.7928557
1.324450568	103.7928083
1.324499609	103.7927497
1.324540587	103.7927013
1.32457366	103.7926065