1.303747924	103.8539903
1.303874557	103.8538275
1.303874557	103.8538275
1.303874557	103.8538275
1.303875961	103.853828
1.303922583	103.8541205
1.303922638	103.8537671
1.303922638	103.8537671
1.303922638	103.8537671
1.303922638	103.8537671
1.303923725	103.8537675
1.303980932	103.8537194
1.303993285	103.8537251
1.303993285	103.8537251
1.303993285	103.8537251
1.303993285	103.8537251
1.303997801	103.8541848
1.304024462	103.8536321
1.304026009	103.8536323
1.304026009	103.8536323
1.304026009	103.8536323
1.304026009	103.8536323
1.304026009	103.8536323
1.304026009	103.8536323
1.304026009	103.8536323
1.304029598	103.8542072
1.304029778	103.8542073
1.30406035	103.8542328
1.304074344	103.8540106
1.30407754	103.8540129
1.304091285	103.8542557
1.304097064	103.8535492
1.304097064	103.8535492
1.304097064	103.8535492
1.304107471	103.8539835
1.304129704	103.8542844
1.304130448	103.8542841
1.304131729	103.8539502
1.304155203	103.8534739
1.30415808	103.8539177
1.304158315	103.8539179
1.304175237	103.8543186
1.304181387	103.8543128
1.304188832	103.8538801
1.30420783	103.8534105
1.304224213	103.8538401
1.304247055	103.85416
1.30424891	103.8533501
1.304272166	103.8541319
1.304279606	103.8531563
1.304297831	103.8541064
1.304309592	103.8531819
1.304325425	103.8540718
1.30433376	103.8544533
1.30433376	103.8544533
1.30433376	103.8544533
1.30433376	103.8544533
1.30433971	103.8532071
1.304342753	103.8544572
1.304355954	103.854038
1.30435619	103.8540381
1.304369937	103.8532324
1.304381141	103.8540109
1.304405446	103.8532646
1.304405471	103.8539842
1.304405517	103.8539844
1.304420125	103.8543748
1.304420463	103.8539273
1.304445321	103.8543508
1.304468141	103.8543258
1.304483988	103.8536895
1.304484167	103.8529652
1.304484167	103.8529652
1.304484168	103.8529652
1.304490605	103.8543009
1.30450969	103.8545307
1.304511636	103.853443
1.304511695	103.853443
1.304513229	103.8542772
1.304521847	103.8545266
1.304521847	103.8545266
1.304521847	103.8545266
1.304521847	103.8545266
1.304523041	103.8529976
1.304523041	103.8529976
1.304534335	103.8534139
1.304534619	103.8534141
1.304535777	103.8542544
1.304556567	103.8533864
1.304557489	103.8542301
1.304557489	103.8542301
1.304561545	103.8530298
1.304561668	103.8530296
1.304562505	103.8545706
1.304562505	103.8545706
1.304562505	103.8545706
1.304562505	103.8545706
1.304570199	103.8538436
1.304570352	103.8538436
1.30457214	103.8545635
1.304578553	103.8533589
1.304578906	103.8542056
1.304578906	103.8542056
1.304592834	103.8538168
1.304593176	103.8538168
1.304600364	103.8530613
1.30460042	103.8530614
1.304600583	103.8541811
1.304600583	103.8541811
1.304600865	103.8533299
1.304605744	103.8545977
1.304605744	103.8545977
1.304605744	103.8545977
1.304605744	103.8545977
1.304616458	103.8527401
1.304617562	103.8537916
1.3046208	103.8545807
1.304623471	103.8541553
1.304630783	103.8534494
1.304638324	103.8530941
1.304638408	103.8530941
1.304641343	103.8537631
1.304641576	103.8537632
1.304648631	103.8541287
1.304655736	103.8527734
1.304657245	103.8534723
1.304665714	103.8546185
1.304665714	103.8546185
1.304665714	103.8546185
1.304668099	103.8546171
1.304674294	103.8541011
1.30467566	103.8531256
1.304677466	103.8531268
1.304690561	103.85371
1.304690969	103.85371
1.304691359	103.8528039
1.304692281	103.8535016
1.304704834	103.8540668
1.30473213	103.8543895
1.30473213	103.8543895
1.30473213	103.8543895
1.304734309	103.8535394
1.304736997	103.854664
1.304736997	103.854664
1.304736997	103.854664
1.304736997	103.854664
1.304737686	103.8543939
1.304738271	103.8540276
1.304751103	103.8528551
1.304751263	103.852855
1.304751263	103.852855
1.304762013	103.8525723
1.304771572	103.8539982
1.304772466	103.8539979
1.304777591	103.8532129
1.304798941	103.8539696
1.304801032	103.8525302
1.304803014	103.853605
1.304806724	103.852914
1.304807197	103.8529136
1.304823553	103.8539429
1.304823553	103.8539429
1.304823553	103.8539429
1.304824054	103.8539419
1.304832684	103.8524987
1.304844953	103.852948
1.304849296	103.8520843
1.304849936	103.8539147
1.304860035	103.8524685
1.304860088	103.8524685
1.304873842	103.8520576
1.304873843	103.8520576
1.30487478	103.8538876
1.304874808	103.8538877
1.304883079	103.8529824
1.30488362	103.852982
1.304887188	103.8547602
1.304887196	103.8524386
1.304888234	103.854759
1.304888393	103.8526545
1.304888586	103.8526536
1.304898847	103.8520318
1.304898848	103.8520318
1.304899522	103.8538609
1.304900317	103.8534112
1.30490295	103.8542812
1.304907206	103.8534153
1.304913032	103.8526717
1.304913118	103.8526716
1.304915271	103.8524086
1.304923165	103.8520057
1.304927515	103.8547875
1.304930613	103.8538274
1.304934339	103.8530103
1.304934339	103.8530103
1.30493434	103.8530103
1.304935982	103.8526906
1.304936067	103.8526905
1.304940236	103.8523799
1.30494566	103.8533842
1.304946085	103.8533848
1.30494691	103.8519793
1.30494691	103.8519793
1.304959097	103.8527096
1.304959181	103.8527095
1.304960574	103.8537938
1.304961082	103.8548088
1.304961839	103.8548082
1.304966247	103.8523557
1.304966435	103.8523557
1.304968514	103.8533578
1.30496853	103.8533579
1.304974357	103.8530514
1.304974699	103.8519536
1.304974699	103.8519536
1.304975217	103.8530508
1.304975217	103.8530508
1.304983578	103.8537689
1.304991594	103.8527349
1.304992004	103.8523278
1.304992365	103.8548286
1.304993995	103.8533351
1.304994764	103.8526416
1.304994764	103.8526416
1.30500611	103.8519091
1.305006326	103.85416
1.305008765	103.8537417
1.305011491	103.8530889
1.305017732	103.8530824
1.305017732	103.8530824
1.305018331	103.8522983
1.305022715	103.8526152
1.305022715	103.8526152
1.305027132	103.8532958
1.305032501	103.8548474
1.305032501	103.8548474
1.305032656	103.8548472
1.305037814	103.8541228
1.30504184	103.8537067
1.305042119	103.8537069
1.305044324	103.8522719
1.305044495	103.8522721
1.3050473	103.852589
1.3050473	103.852589
1.30506458	103.8521961
1.305064627	103.8521961
1.305065389	103.853255
1.305065706	103.8532553
1.305068048	103.8522465
1.305071809	103.8525619
1.305072071	103.852562
1.305074925	103.8548766
1.305074925	103.8548766
1.305074961	103.8548767
1.305088801	103.8540599
1.305088801	103.8540599
1.305088944	103.8521716
1.305098444	103.8525348
1.305101521	103.8532175
1.305101626	103.8532178
1.305109875	103.8549069
1.305121317	103.8546295
1.305122222	103.8514388
1.305123686	103.8525084
1.305125376	103.8528765
1.305127977	103.8528768
1.305127977	103.8528768
1.305134555	103.8535827
1.305142785	103.8549274
1.305149588	103.8524817
1.305149623	103.8524818
1.30515504	103.8531639
1.305156964	103.8528471
1.305157039	103.8528469
1.305159168	103.853555
1.305167792	103.8521392
1.30516814	103.852145
1.30516814	103.852145
1.30516814	103.852145
1.30516814	103.852145
1.30516814	103.852145
1.30516814	103.852145
1.30516814	103.852145
1.30516814	103.852145
1.30516814	103.852145
1.305173927	103.8545593
1.305174108	103.8524545
1.305175652	103.8549479
1.305183219	103.853529
1.305183699	103.8528177
1.305183978	103.8528175
1.305198332	103.8524286
1.30520069	103.8545267
1.305204828	103.8535009
1.305213373	103.8550445
1.305213888	103.8527894
1.305214087	103.8549645
1.30522067	103.8524036
1.305224578	103.8544924
1.305232733	103.8534782
1.305242385	103.8523813
1.305246879	103.8527705
1.305256326	103.855073
1.305257075	103.8534499
1.305261214	103.8544417
1.305262717	103.852358
1.305272034	103.8527482
1.305272087	103.8539417
1.305272769	103.852749
1.305274078	103.8522623
1.30528266	103.8519792
1.305282944	103.8534231
1.305290382	103.8527082
1.305290767	103.8527082
1.305292981	103.853007
1.305296067	103.8543919
1.305299567	103.8522882
1.305304384	103.8519128
1.305306657	103.8551025
1.305307854	103.8533953
1.305320056	103.854364
1.305323384	103.8549899
1.305323384	103.8549899
1.305323602	103.8549897
1.305323701	103.852314
1.305326822	103.852669
1.305327424	103.8526692
1.305334087	103.853368
1.305334846	103.8518667
1.305339916	103.852961
1.305343794	103.8543291
1.305354376	103.852348
1.305358488	103.8523495
1.305358775	103.8533418
1.305358775	103.8533418
1.305364867	103.8518213
1.305365672	103.8526283
1.305365776	103.8548406
1.305368178	103.8537236
1.305368178	103.8537236
1.305368178	103.8537236
1.305368178	103.8537236
1.305368178	103.8537236
1.305368178	103.8537236
1.305369761	103.8542295
1.305369761	103.8542295
1.305370416	103.854295
1.30537686	103.8526372
1.305380354	103.854233
1.305381415	103.8529186
1.305383057	103.8533145
1.305383057	103.8533145
1.305388365	103.8537424
1.305392338	103.8547986
1.305394503	103.8517764
1.305402105	103.8525862
1.305410011	103.853285
1.305410011	103.853285
1.305412207	103.852595
1.305412682	103.8528837
1.305421012	103.854758
1.305422058	103.8521515
1.305424447	103.8517311
1.30542481	103.8536581
1.30542481	103.8536581
1.305439142	103.8525439
1.305443792	103.8528549
1.305445654	103.8521026
1.305448032	103.8525532
1.305449014	103.854717
1.30545583	103.8516836
1.305455996	103.853261
1.305456899	103.8536229
1.30545791	103.8541782
1.305460693	103.8541784
1.305460693	103.8541784
1.305460693	103.8541784
1.305460693	103.8541784
1.305460693	103.8541784
1.305466411	103.8528275
1.305471347	103.8520635
1.305472316	103.8525128
1.305477791	103.8546763
1.305478887	103.8535915
1.305482828	103.8525229
1.305484904	103.8516367
1.305486407	103.8532275
1.305486407	103.8532275
1.305489838	103.8528029
1.30549646	103.8520254
1.305502	103.8524785
1.305503143	103.8535632
1.305506216	103.8546357
1.305506508	103.8546358
1.305506508	103.8546358
1.305510885	103.8532015
1.305511693	103.852777
1.305516068	103.8524947
1.305519669	103.8514505
1.305521818	103.8519869
1.305523716	103.8540895
1.305527484	103.8535358
1.305533693	103.8545948
1.305534375	103.8531745
1.305538268	103.8526348
1.305547095	103.8519485
1.305547191	103.8527639
1.30555184	103.8535015
1.305558911	103.8531495
1.305562741	103.8545544
1.305571421	103.8527402
1.305571421	103.8527402
1.305572018	103.8519106
1.305577776	103.8514842
1.305580661	103.8531225
1.305584116	103.8534644
1.30559618	103.8527149
1.30559679	103.851873
1.305605353	103.8530972
1.305605354	103.8530972
1.305605989	103.8545279
1.305618307	103.8534261
1.305619093	103.8544726
1.30562123	103.8526889
1.305622946	103.8518333
1.305629054	103.8530711
1.305629723	103.8515159
1.305647593	103.8544312
1.305649237	103.8517933
1.305651564	103.8526535
1.305653365	103.8530456
1.305675936	103.8530159
1.305676651	103.8517578
1.305676877	103.851547
1.305676891	103.851547
1.305676891	103.851547
1.30567698	103.8543912
1.305681278	103.8522519
1.305704176	103.8543506
1.305706408	103.8529885
1.305706696	103.8549432
1.305706697	103.8549433
1.305726741	103.8515793
1.305732489	103.8543098
1.305735261	103.8529574
1.305760378	103.8542689
1.30576258	103.8529263
1.305762581	103.8529263
1.305774654	103.8516082
1.305790687	103.8528958
1.305795615	103.8542305
1.305798182	103.8542305
1.305802617	103.8524212
1.305802617	103.8524212
1.305802617	103.8524212
1.305802617	103.8524212
1.305802617	103.8524212
1.305802617	103.8524212
1.305815464	103.8516395
1.305837831	103.8523037
1.305841019	103.8519344
1.305847909	103.8519334
1.305847909	103.8519334
1.305847909	103.8519334
1.30584921	103.8522674
1.305864596	103.8522342
1.305873638	103.8522006
1.305882036	103.8540921
1.305886102	103.8521677
1.30589701	103.8518522
1.30589701	103.8518522
1.30589701	103.8518522
1.305897963	103.8521299
1.305900665	103.8518523
1.305914747	103.854044
1.305941926	103.8521028
1.305942067	103.8521027
1.305956343	103.8516725
1.305961284	103.8526066
1.305961284	103.8526066
1.305961284	103.8526066
1.305961284	103.8526066
1.305961284	103.8526066
1.305961284	103.8526066
1.305961284	103.8526066
1.305961284	103.8526066
1.305963714	103.8526019
1.305975885	103.8539584
1.305993078	103.8520377
1.305995101	103.8520401
1.305995101	103.8520401
1.305995101	103.8520401
1.305995101	103.8520401
1.305995101	103.8520401
1.305996118	103.8517025
1.306004241	103.8539181
1.306031091	103.8519772
1.306031953	103.8538776
1.306041696	103.8517306
1.306047517	103.8524421
1.30604798	103.8519484
1.306048415	103.8524424
1.306048415	103.8524424
1.306054413	103.8528578
1.306059502	103.8538376
1.306060391	103.8551088
1.306066014	103.8545016
1.306066019	103.8519228
1.306072112	103.8523944
1.306073089	103.8523948
1.306073089	103.8523948
1.306075881	103.8528218
1.306086527	103.8517646
1.30608883	103.8537981
1.306096721	103.8523468
1.306097662	103.8527888
1.306097695	103.8523472
1.306097695	103.8523472
1.306110604	103.8518879
1.30611589	103.853756
1.306119983	103.8527533
1.306121266	103.8522992
1.306122381	103.8522996
1.306122381	103.8522996
1.306136173	103.8527192
1.306137826	103.8517723
1.30613789	103.8517721
1.306142401	103.8522574
1.306146084	103.8537116
1.306150884	103.8526907
1.30616127	103.8522204
1.306161271	103.8522204
1.306163956	103.8526653
1.306167098	103.8517943
1.306176156	103.8526394
1.306180525	103.852182
1.30618812	103.8526128
1.306198338	103.8518147
1.30619836	103.8518146
1.306201076	103.852587
1.306201389	103.853277
1.306204616	103.8521378
1.306212563	103.8556271
1.306212563	103.8556271
1.306212563	103.8556271
1.306213842	103.8525615
1.306218075	103.8533402
1.306218889	103.8533406
1.306218889	103.8533406
1.306224181	103.853385
1.306225313	103.8533854
1.306225808	103.8525359
1.306229485	103.8520885
1.30623062	103.8534295
1.306235659	103.8534704
1.30623988	103.852509
1.306243385	103.8535061
1.30624467	103.8535412
1.30624976	103.8520486
1.306250541	103.8524824
1.306251124	103.8535748
1.306256084	103.8536096
1.306260914	103.855659
1.306260914	103.855659
1.306260915	103.855659
1.306262484	103.8524576
1.306265573	103.8520151
1.30627581	103.8524299
1.306289229	103.8518759
1.30629316	103.8518712
1.306303379	103.8529252
1.306306733	103.8553873
1.306309312	103.8556907
1.306309313	103.8556907
1.306309313	103.8556907
1.306315601	103.8524089
1.306320779	103.852403
1.30632234	103.8528847
1.306325491	103.8524132
1.306325491	103.8524132
1.306330439	103.853095
1.306335838	103.852849
1.306336288	103.8542455
1.306336553	103.8522999
1.30633839	103.8519005
1.306341133	103.8523524
1.306351306	103.8528156
1.306351763	103.8523506
1.306351763	103.8523506
1.306352465	103.8522654
1.306357764	103.8557225
1.306357765	103.8557225
1.306357765	103.8557225
1.306363178	103.8542554
1.306363243	103.8542553
1.306363662	103.852782
1.306367639	103.8527824
1.306372074	103.8522337
1.306380461	103.8527481
1.306382319	103.8519284
1.306386413	103.8531206
1.306389528	103.8527139
1.306389528	103.8527139
1.306390241	103.8521936
1.306393043	103.8527141
1.306410291	103.8521457
1.306412161	103.852146
1.306412532	103.8557566
1.306412532	103.8557566
1.306412532	103.8557566
1.306423709	103.8519499
1.306431172	103.8531226
1.306454979	103.8519703
1.306471841	103.8528606
1.306475432	103.8531244
1.306487516	103.8519887
1.306499733	103.8526809
1.306500165	103.8526375
1.306504904	103.8528672
1.306514871	103.8526057
1.3065181	103.8531256
1.306522496	103.853371
1.306526322	103.8520173
1.306529792	103.8534579
1.306529795	103.8534574
1.306529795	103.8534574
1.306529795	103.8534574
1.306529795	103.8534574
1.306533237	103.852878
1.306538082	103.8525735
1.306547033	103.8535574
1.306549565	103.8525391
1.306559281	103.8531267
1.306562863	103.8528829
1.306565324	103.8558559
1.306584886	103.8524292
1.306588502	103.8552187
1.306589254	103.8525156
1.306590997	103.8528936
1.306600806	103.8524804
1.306600858	103.8523915
1.306615047	103.8558905
1.306615174	103.8558905
1.306615174	103.8558905
1.30661731	103.8523553
1.306618029	103.8529053
1.306623181	103.8520912
1.306625966	103.8523175
1.306641202	103.8522819
1.306657284	103.8559228
1.306657284	103.8559228
1.306657323	103.8559247
1.306658141	103.852112
1.306691352	103.8559542
1.306693157	103.8521312
1.306719055	103.8559729
1.306722173	103.8521547
1.30672407	103.8521497
1.306734562	103.8545761
1.306746258	103.8559915
1.306751403	103.8532534
1.306752109	103.8533117
1.30675798	103.8532006
1.306759606	103.8532007
1.306759824	103.8532491
1.306760331	103.8531511
1.306760539	103.8531512
1.30676074	103.8533624
1.306761961	103.8521666
1.306762572	103.8534037
1.306762675	103.8521659
1.30676308	103.8534447
1.306768726	103.8545237
1.306768807	103.8531019
1.306769582	103.8531019
1.306777791	103.8530534
1.306778946	103.8530532
1.306785564	103.8560053
1.306786683	103.8530039
1.306787232	103.853004
1.306795952	103.8529554
1.306796751	103.8535244
1.306797595	103.8529551
1.306800662	103.8528032
1.30680164	103.8521908
1.306802009	103.854473
1.306802481	103.852189
1.306804837	103.8529121
1.306804837	103.8529121
1.30681257	103.852909
1.30681339	103.8528658
1.306820947	103.8528626
1.306822676	103.8527517
1.306828813	103.8560321
1.306832589	103.8527108
1.306833687	103.8527109
1.306838213	103.8522659
1.306838214	103.8522659
1.306838685	103.8544195
1.306841767	103.8526697
1.306851012	103.8526288
1.306861447	103.8525883
1.306868914	103.852547
1.306872137	103.8560584
1.306873655	103.854369
1.306880283	103.8525068
1.306885874	103.8522865
1.306885874	103.8522865
1.306889402	103.8524654
1.30690742	103.8543184
1.306914106	103.8560862
1.30694145	103.8542678
1.306960281	103.8523348
1.306960281	103.8523348
1.306960281	103.8523348
1.306960281	103.8523348
1.30696518	103.8561189
1.306974982	103.8542173
1.306982036	103.8547241
1.307009906	103.8541672
1.307017383	103.854677
1.30702756	103.8555275
1.307050107	103.8546263
1.307067481	103.8536046
1.30707681	103.8535577
1.3070835	103.8545747
1.307084088	103.8535108
1.307092765	103.8534644
1.307100099	103.8533649
1.307102254	103.853417
1.307115694	103.8536773
1.307116644	103.8545236
1.307117494	103.8533241
1.307124927	103.8562089
1.307125096	103.856209
1.307126348	103.8532786
1.307131694	103.8532314
1.307141595	103.8531827
1.307148983	103.8544733
1.307151037	103.8531315
1.307158922	103.8524393
1.307160158	103.8530805
1.307168666	103.8530298
1.307168985	103.8526329
1.307175669	103.8539398
1.307175751	103.852977
1.3071758	103.856241
1.307175892	103.8562408
1.307181718	103.8544226
1.307201558	103.8524723
1.307201743	103.8524713
1.307202308	103.8528679
1.307211162	103.8529264
1.307212752	103.8528269
1.307214479	103.8543718
1.307217405	103.8562688
1.307217412	103.8562689
1.307219972	103.8527856
1.307220162	103.8527
1.307230568	103.8527449
1.307230568	103.8527449
1.307233426	103.8553458
1.307241707	103.8524892
1.307242269	103.8524863
1.307246907	103.8543206
1.307259394	103.8562956
1.307259467	103.8562953
1.307276589	103.8525105
1.307286841	103.8560924
1.307287142	103.8560925
1.307300484	103.8563227
1.307310247	103.8525368
1.307320344	103.8560414
1.307320344	103.8560414
1.30732816	103.8540549
1.307342227	103.8563504
1.307343538	103.8538014
1.307345948	103.8525589
1.30735433	103.8559893
1.30735433	103.8559893
1.307357425	103.8537544
1.307365243	103.8538567
1.307367091	103.8537065
1.307378481	103.8536596
1.307380627	103.8525816
1.307383449	103.8563773
1.307383521	103.8563772
1.307385434	103.8559411
1.307385434	103.8559411
1.307389758	103.8536121
1.307389895	103.8536121
1.307389895	103.8536121
1.307401755	103.8535645
1.307413267	103.8535131
1.307415396	103.852605
1.307415981	103.8558939
1.307415981	103.8558939
1.307424595	103.8534585
1.307424869	103.8564048
1.307424883	103.8564049
1.307435479	103.8547139
1.307436104	103.8534047
1.307445132	103.8533473
1.307446316	103.855848
1.307446317	103.855848
1.307450964	103.852627
1.307459066	103.8532949
1.307469138	103.8532475
1.307474994	103.856438
1.307475086	103.8564381
1.307477545	103.8558014
1.307477545	103.8558014
1.307479826	103.8531999
1.307486757	103.8526523
1.307490245	103.8531519
1.307499333	103.8531029
1.307499333	103.8531029
1.307512069	103.8557469
1.307512069	103.8557469
1.30751366	103.8530549
1.307513936	103.8562397
1.307513936	103.8562397
1.307525562	103.8530066
1.307526241	103.8526774
1.307526278	103.8526774
1.307538675	103.8529591
1.307544879	103.8528928
1.30754612	103.8556935
1.30754612	103.8556935
1.307547614	103.8561892
1.307547614	103.8561892
1.307565397	103.852707
1.307565397	103.852707
1.307579621	103.8561371
1.307579621	103.8561371
1.307604958	103.8554731
1.307607278	103.8527334
1.307607278	103.8527334
1.307612671	103.8560916
1.307612671	103.8560916
1.307612671	103.8560916
1.307640175	103.856045
1.307640175	103.856045
1.307640175	103.856045
1.307648556	103.8542717
1.307648891	103.8527601
1.307648891	103.8527601
1.30765964	103.8540375
1.307659947	103.8555088
1.307660514	103.8540451
1.307664021	103.853967
1.307664154	103.853967
1.30767265	103.8560006
1.30767265	103.8560006
1.30767265	103.8560006
1.307673371	103.8539187
1.307684452	103.8538696
1.307696305	103.8537991
1.307698734	103.8527997
1.307699709	103.8528023
1.307703583	103.8559502
1.307703583	103.8559502
1.307703583	103.8559502
1.30770714	103.8555413
1.307710533	103.8537108
1.307737184	103.8558985
1.307737184	103.8558985
1.307737184	103.8558985
1.307750822	103.8552036
1.307752534	103.8555729
1.307770744	103.8534111
1.307771452	103.8558456
1.307771452	103.8558456
1.307771452	103.8558456
1.307778379	103.8534817
1.307780514	103.8564952
1.307781547	103.8533679
1.307789671	103.8532809
1.307790143	103.8533251
1.307800751	103.8556047
1.307801463	103.853636
1.307808697	103.8532336
1.307814794	103.8541229
1.307817925	103.8531853
1.307821905	103.85309
1.307821906	103.85309
1.307821906	103.85309
1.307824286	103.8540421
1.307828235	103.8531384
1.307834378	103.8539935
1.307843447	103.8539439
1.307851904	103.85291
1.307851904	103.85291
1.307852779	103.8538945
1.30785292	103.8538945
1.30785411	103.8535959
1.307855328	103.8529009
1.307861837	103.853845
1.307862037	103.853845
1.307864142	103.8535474
1.307865479	103.8556077
1.307870545	103.8537959
1.307879569	103.8537479
1.307887613	103.853699
1.307888749	103.8529321
1.307898151	103.8562078
1.307898382	103.8556583
1.307904258	103.8562114
1.307921341	103.8535046
1.307923357	103.8529527
1.307929404	103.8561777
1.30793027	103.8534546
1.307938835	103.8534096
1.307948082	103.8557015
1.307948517	103.8533584
1.307949516	103.8534094
1.307951627	103.8561431
1.307951897	103.8561432
1.30795657	103.8529752
1.307957367	103.8533102
1.307966144	103.8532598
1.307969157	103.8531948
1.307973538	103.8531991
1.307974325	103.8561073
1.307974404	103.8561073
1.30798993	103.8529936
1.307997876	103.856072
1.308020612	103.8560378
1.308020612	103.8560378
1.308021494	103.853016
1.308041908	103.8560018
1.308041908	103.8560018
1.308053723	103.8559561
1.308056864	103.8530384
1.308056966	103.8530381
1.308068173	103.8568131
1.308068174	103.8568131
1.308080061	103.8542661
1.308088572	103.8559306
1.308088702	103.8559306
1.308099083	103.8530666
1.308100129	103.8530651
1.308102187	103.854191
1.308106802	103.8568433
1.308107458	103.8563466
1.308109562	103.8563475
1.308111746	103.8541397
1.30811278	103.8558953
1.30811304	103.8558952
1.308123776	103.8540655
1.308123805	103.8540653
1.308132084	103.8563084
1.308132085	103.8563084
1.308133568	103.8539963
1.308134075	103.8558597
1.308141627	103.8568655
1.308144652	103.8539568
1.308150516	103.8539176
1.308156698	103.8562703
1.308156698	103.8562703
1.30815699	103.8558252
1.308157161	103.8558247
1.308158009	103.853879
1.308159167	103.8551478
1.308163218	103.8537514
1.308163218	103.8537514
1.308164403	103.8538394
1.308174488	103.8537986
1.308176569	103.8568879
1.308180662	103.8557896
1.308180856	103.8562323
1.308180856	103.8562323
1.308188147	103.8537084
1.308191933	103.8557493
1.308195448	103.8546998
1.308200567	103.8557532
1.308200567	103.8557532
1.30820077	103.8566881
1.308201083	103.8557531
1.308202092	103.8536611
1.308205884	103.8561941
1.308205885	103.8561941
1.308206806	103.8536102
1.308207667	103.853337
1.308207667	103.853337
1.308215132	103.8569068
1.308215132	103.8569068
1.3082189	103.8535606
1.308222967	103.8546576
1.308225196	103.8531343
1.308226632	103.8557184
1.308226946	103.8533406
1.308226987	103.8557183
1.308226987	103.8557183
1.308230045	103.8566485
1.308230045	103.8566485
1.308230568	103.8561558
1.308230624	103.8561558
1.308248299	103.8556822
1.30824842	103.8556823
1.308251832	103.8546133
1.3082553	103.8561178
1.308255336	103.8561178
1.308259004	103.8569378
1.308259589	103.853467
1.308259909	103.8566078
1.308259909	103.8566078
1.308264834	103.8531589
1.308264841	103.8531591
1.308270063	103.855647
1.308279693	103.8560797
1.308279726	103.8560798
1.308280097	103.8545699
1.308288947	103.8565677
1.308293219	103.8556116
1.30830237	103.8531829
1.308304214	103.8560417
1.308308417	103.8545266
1.308317313	103.8555793
1.308318224	103.8565277
1.30832864	103.8560035
1.308328888	103.8560036
1.308336716	103.853205
1.308336801	103.8544833
1.308337558	103.855544
1.30833763	103.855544
1.308346694	103.8564876
1.308353415	103.8559656
1.308359246	103.8555069
1.308365206	103.85444
1.308370731	103.8532269
1.308376007	103.8564473
1.30837756	103.8559272
1.308377917	103.8559273
1.308384262	103.855474
1.308394229	103.8543958
1.308402434	103.8558897
1.308405001	103.8564044
1.308405002	103.8564044
1.308405543	103.8554392
1.308414303	103.8532524
1.308416129	103.8532527
1.30842219	103.8543543
1.30842641	103.8554036
1.308426758	103.8554036
1.308427503	103.8558515
1.308435482	103.856362
1.308448142	103.8553698
1.308450566	103.8558157
1.30845843	103.8532841
1.308465323	103.8563199
1.308471444	103.8553355
1.308472517	103.8557811
1.308494412	103.8562789
1.308495323	103.8557463
1.308495331	103.8557463
1.308497779	103.8553003
1.308499429	103.8553004
1.308503059	103.8547255
1.308503323	103.8547255
1.308511567	103.8533173
1.308517421	103.8552567
1.308517569	103.8557118
1.3085193	103.855257
1.308521259	103.8562348
1.308526317	103.8546894
1.308539147	103.8556711
1.308542812	103.8533348
1.308550415	103.8561915
1.308555303	103.8552094
1.308566121	103.8556292
1.30856643	103.8556293
1.308571389	103.8533539
1.308579593	103.8561476
1.308594319	103.8545567
1.308594319	103.8545567
1.30859549	103.8555889
1.308607787	103.8561026
1.308608711	103.8533771
1.308617038	103.8564683
1.308623474	103.8555479
1.308632808	103.8560614
1.308632808	103.8560614
1.308634877	103.8560596
1.308639123	103.8544878
1.308639123	103.8544878
1.308642312	103.8564388
1.308650908	103.8555061
1.308651958	103.8550579
1.308654327	103.8534072
1.308654327	103.8534072
1.308655014	103.8550589
1.308664062	103.8560166
1.308664818	103.8560168
1.308664818	103.8560168
1.308667257	103.8564074
1.308669177	103.8539416
1.308669177	103.8539416
1.308669177	103.8539416
1.308669177	103.8539416
1.308673762	103.8554666
1.308682103	103.8544249
1.308682103	103.8544249
1.30868283	103.8554247
1.308682926	103.8554249
1.3086842	103.8550117
1.308684831	103.8550118
1.308691259	103.8559725
1.308691259	103.8559725
1.308691345	103.8559725
1.30869345	103.8563742
1.308708566	103.8549715
1.308711238	103.8549668
1.308717079	103.855929
1.3087181	103.8559292
1.308718411	103.8554001
1.30872533	103.85436
1.30872533	103.85436
1.30873372	103.8549328
1.308733986	103.8538765
1.30873474	103.8558821
1.308739374	103.856312
1.308742036	103.8553664
1.308758882	103.8548935
1.308758943	103.8548935
1.308764631	103.8553315
1.308765327	103.8542971
1.308765327	103.8542971
1.308774468	103.8558439
1.308774501	103.8558439
1.308776207	103.8548492
1.308779243	103.8538033
1.308787842	103.8562466
1.308802426	103.8558009
1.308802426	103.8558009
1.308802454	103.8558009
1.308804623	103.8548212
1.308810859	103.8542332
1.308810859	103.8542332
1.308810953	103.8537586
1.308822193	103.8562045
1.308822193	103.8562045
1.308827529	103.854788
1.308827529	103.854788
1.308827989	103.8557627
1.30882891	103.8557631
1.30882891	103.8557631
1.308838663	103.8551878
1.30883894	103.8537175
1.308848526	103.8551936
1.308849259	103.8557278
1.308849329	103.854755
1.308851032	103.8541891
1.308870345	103.8547198
1.308870784	103.8547198
1.308872529	103.8556937
1.308872529	103.8556937
1.308872959	103.8561731
1.308872959	103.8561731
1.308872959	103.8561731
1.308877881	103.8551556
1.308878029	103.8551555
1.308878849	103.854152
1.308891983	103.8556555
1.308893149	103.8556557
1.308894864	103.8546844
1.308894865	103.8546845
1.308898862	103.8551229
1.308898962	103.8551229
1.308903987	103.8541168
1.308906998	103.8561345
1.308906998	103.8561345
1.308918338	103.8546487
1.308919635	103.8556177
1.3089197	103.8556177
1.308920214	103.8550891
1.308920328	103.8550892
1.308920567	103.8560757
1.308920568	103.8560757
1.308921239	103.8536093
1.308926998	103.8540794
1.308941746	103.8546116
1.308942885	103.8550538
1.308942985	103.8550538
1.308945747	103.8555779
1.308946297	103.855578
1.308948111	103.8560392
1.308952575	103.8540425
1.308966144	103.85502
1.308966285	103.8545746
1.308966356	103.85502
1.308966435	103.8545746
1.308966819	103.8555418
1.308966979	103.8555417
1.308976367	103.8540049
1.308976368	103.8540049
1.308981966	103.8559161
1.308987045	103.8549858
1.308990679	103.854537
1.308996457	103.8554996
1.308996457	103.8554996
1.309000867	103.8539693
1.309009013	103.8549515
1.309013422	103.8544989
1.309023499	103.8539326
1.309039659	103.8544623
1.309040167	103.8544623
1.309040167	103.8544623
1.309044852	103.8549275
1.309048374	103.8538965
1.309048374	103.8538965
1.309048374	103.8538965
1.309050086	103.8549287
1.309054235	103.8548822
1.309054235	103.8548822
1.30905433	103.8548824
1.309063525	103.8544226
1.309072284	103.853859
1.309085407	103.854829
1.309087272	103.8548294
1.309088863	103.8543846
1.309088876	103.8543846
1.309092631	103.8558555
1.309106436	103.8536939
1.309113954	103.8543471
1.309123087	103.8547775
1.309123219	103.8558141
1.309137044	103.8543093
1.30913759	103.853712
1.309142069	103.8552509
1.309145109	103.854743
1.309150841	103.8557716
1.309161913	103.8542721
1.30916223	103.8542722
1.30916223	103.8542722
1.30916223	103.8542722
1.309167939	103.8537325
1.3091682	103.85471
1.309186237	103.8557336
1.309189598	103.8546753
1.309212327	103.8537615
1.309212499	103.8546424
1.309212801	103.8546425
1.309228878	103.8556725
1.309228878	103.8556725
1.309229234	103.8556734
1.309233204	103.8546087
1.309233287	103.8546087
1.309234925	103.8552373
1.309234925	103.8552373
1.309234965	103.8541411
1.309255054	103.8545731
1.309256492	103.8541005
1.309262927	103.8551941
1.309262928	103.8551941
1.309274026	103.8545323
1.309279315	103.8542304
1.309288176	103.8540516
1.309288292	103.854493
1.309290481	103.8551518
1.309312709	103.855105
1.309322375	103.8544661
1.309344444	103.8544314
1.30935319	103.8550523
1.30936304	103.8538502
1.30936304	103.8538502
1.30936304	103.8538502
1.30936304	103.8538502
1.309366342	103.8543967
1.309389381	103.855001
1.309397792	103.8540536
1.309407999	103.8538634
1.309407999	103.8538634
1.309407999	103.8538634
1.309407999	103.8538634
1.309408735	103.855544
1.309408735	103.855544
1.309408735	103.855544
1.309408735	103.855544
1.309408735	103.855544
1.30941651	103.8543288
1.309421948	103.8549486
1.309423328	103.8549489
1.309441389	103.8542921
1.309455036	103.8538984
1.309455036	103.8538984
1.309455036	103.8538984
1.309455036	103.8538984
1.309461687	103.8548876
1.309461687	103.8548876
1.309461687	103.8548876
1.309465134	103.8542571
1.309495914	103.8555243
1.309495915	103.8555243
1.309495915	103.8555243
1.309495915	103.8555243
1.309496298	103.853921
1.309496298	103.853921
1.309496298	103.853921
1.309496298	103.853921
1.309503015	103.8554686
1.309510725	103.8541854
1.309510725	103.8541854
1.309527675	103.855441
1.30953655	103.8541515
1.30953655	103.8541515
1.309543743	103.8539556
1.309543744	103.8539556
1.309543744	103.8539556
1.309543744	103.8539556
1.309551152	103.8554155
1.309573806	103.8553917
1.309573806	103.8553917
1.309583168	103.8539808
1.309583168	103.8539808
1.309583168	103.8539808
1.309583168	103.8539808
1.309592301	103.8553704
1.309600886	103.8552756
1.309630002	103.8552384
1.309634469	103.8540102
1.309634469	103.8540102
1.309634469	103.8540102
1.309634469	103.8540102
1.309659116	103.8552011
1.309670441	103.8540372
1.309670441	103.8540372
1.309670441	103.8540372
1.309670441	103.8540372
1.309679136	103.8543389
1.309679136	103.8543389
1.309688238	103.8551638
1.309718236	103.8551269
1.309723719	103.854371
1.309765684	103.8543976
1.309795858	103.8541407
1.30980738	103.8544244
1.309813553	103.8551088
1.309828918	103.8551226
1.309829275	103.8541625
1.309849065	103.8544513
1.309860161	103.8541829
1.309890469	103.8542026
1.309890958	103.8544777
1.309909928	103.8550338
1.30992135	103.8542225
1.309932212	103.8545045
1.309932212	103.8545045
1.309950723	103.8542419
1.309961959	103.8549866
1.309973549	103.8545318
1.309979897	103.854259
1.309987793	103.8549571
1.310012153	103.8542778
1.310013147	103.8549286
1.310015365	103.8545585
1.310040858	103.8549046
1.310043602	103.8543005
1.310060861	103.8545805
1.310063031	103.8548799
1.310074102	103.8543197
1.310087177	103.8548552
1.310091751	103.8546118
1.310105697	103.8543404
1.310105697	103.8543404
1.31012153	103.8546323
1.31012153	103.8546323
1.31012153	103.8546323
1.310143596	103.8543669
1.31015915	103.8546543
1.31018744	103.8543948
1.310227296	103.854729
1.310228518	103.8544244
1.310253097	103.8547016
1.310270618	103.8544568
1.310276294	103.8546735
1.310312532	103.8544851
1.310312532	103.8544851
1.310354462	103.8545061
1.310415666	103.8545504
1.310415667	103.8545504