1.296202469	103.8929234
1.296256735	103.8916462
1.296269457	103.8923275
1.296303748	103.8903117
1.296386851	103.8910381
1.296408027	103.8885099
1.296443531	103.8873945
1.296531267	103.893419
1.296681855	103.8891001
1.296706783	103.8930047
1.296709411	103.8941916
1.2967489	103.8916528
1.296769717	103.887998
1.296803809	103.8899259
1.296880703	103.8905041
1.296884461	103.8885841
1.296937934	103.8927087
1.297048648	103.8876448
1.29706958	103.8951407
1.297194374	103.8957921
1.297219265	103.8911123
1.297256916	103.8912139
1.297273278	103.8961138
1.29731866	103.8962633
1.297321308	103.8880112
1.297331881	103.8913285
1.297362417	103.8914233
1.297381431	103.8964184
1.297395174	103.8911446
1.297410523	103.8875109
1.297434105	103.8965688
1.297463106	103.8906423
1.297482246	103.8967359
1.297488442	103.8911266
1.297516567	103.892155
1.297519063	103.8912704
1.297537831	103.8920487
1.297539453	103.8903436
1.29754018	103.8968829
1.297549005	103.8913629
1.297560974	103.8915219
1.297594994	103.8970375
1.297622948	103.8918197
1.297655472	103.8921209
1.297658865	103.896099
1.297661214	103.886862
1.297675812	103.8888757
1.297681106	103.8897293
1.297685321	103.8891802
1.297692663	103.8944461
1.297693197	103.8962499
1.297694053	103.8897107
1.297702307	103.8891044
1.297702318	103.8912085
1.297728978	103.8911537
1.297734912	103.8888887
1.297751397	103.8924953
1.297751398	103.888486
1.297751934	103.8964115
1.297801089	103.8889033
1.297807617	103.8965608
1.297810043	103.8884986
1.297825509	103.8902162
1.297826234	103.8904855
1.297856591	103.8967232
1.297860241	103.8889162
1.297865993	103.8891825
1.297877693	103.8885131
1.297898588	103.8920404
1.297909397	103.896871
1.29792646	103.8889309
1.297932707	103.8917366
1.297937255	103.8885258
1.297944637	103.8960098
1.297944824	103.8891991
1.297947905	103.8860802
1.297985681	103.8889439
1.297991952	103.8961575
1.297992784	103.8923732
1.298005905	103.8885404
1.298008879	103.8908507
1.298041971	103.8955546
1.298045698	103.8919177
1.29804579	103.8906825
1.29805197	103.8889585
1.298055846	103.8963115
1.298066447	103.8885533
1.29807096	103.8905198
1.298082995	103.8892291
1.298103496	103.8964721
1.298111125	103.8889715
1.298114941	103.8879903
1.298114941	103.8879903
1.298114941	103.8879903
1.298114941	103.8879903
1.298124903	103.8926987
1.298126047	103.8903668
1.298135815	103.8885683
1.298137281	103.889582
1.298145979	103.8974908
1.298150628	103.8866078
1.298153894	103.891255
1.298158131	103.892383
1.298158486	103.8901996
1.298159367	103.8892459
1.29816353	103.8898304
1.298180796	103.8900265
1.298181449	103.8919417
1.298195914	103.8885812
1.298203025	103.8967824
1.298228642	103.8861644
1.298230752	103.8857732
1.298244302	103.8934319
1.298252027	103.8870493
1.298257748	103.8915148
1.298263766	103.8885959
1.298280486	103.8890016
1.29829265	103.8892715
1.29829273	103.8958745
1.298307583	103.8919163
1.298318659	103.8959514
1.29832248	103.8886085
1.298357117	103.8960791
1.298364527	103.8896226
1.298372953	103.8892928
1.298375796	103.8923034
1.29837691	103.8961629
1.2983834	103.8856993
1.298398374	103.8948568
1.298404335	103.8973304
1.298411082	103.8867715
1.298411082	103.8867715
1.298411082	103.8867715
1.298411082	103.8867715
1.298426286	103.8918605
1.298426595	103.8962935
1.298434414	103.8925586
1.29844108	103.8915296
1.298448114	103.8963696
1.2984507	103.8908689
1.298474227	103.8890754
1.298474232	103.8890754
1.298490376	103.8906981
1.298494785	103.8918262
1.298497407	103.8964938
1.298514226	103.8948214
1.298514236	103.8948214
1.29852463	103.8965785
1.298529776	103.8913051
1.298531838	103.8905038
1.298543174	103.8857137
1.29854803	103.8957876
1.298564228	103.8967112
1.298566357	103.8958686
1.298568468	103.8922638
1.298577255	103.8947948
1.298585198	103.8903118
1.298587834	103.8949763
1.29858791	103.8861946
1.298591284	103.8878836
1.29859882	103.8967844
1.298601309	103.8950571
1.29860258	103.8925131
1.298608652	103.8960019
1.298618878	103.8901432
1.298634069	103.8960784
1.298645661	103.8951554
1.298651122	103.8857459
1.298653313	103.8867678
1.29865541	103.8899671
1.298655453	103.8917553
1.298656336	103.8891113
1.298656856	103.8952315
1.298675724	103.8962084
1.298679093	103.8947736
1.298686726	103.8908762
1.298687456	103.889668
1.298695877	103.8922095
1.298699442	103.8857489
1.298705075	103.896294
1.298714406	103.8895431
1.298717246	103.8907131
1.298717398	103.88937
1.298724142	103.897227
1.298724243	103.8924338
1.298726433	103.8894903
1.29872942	103.8893172
1.298732785	103.895335
1.298745879	103.8964174
1.29875514	103.8947497
1.298763188	103.8905709
1.29877526	103.8885176
1.298790145	103.891449
1.298803776	103.8964871
1.298805138	103.8904105
1.29881539	103.8857247
1.298816117	103.8901564
1.298816995	103.8878729
1.298823334	103.8966213
1.298831328	103.8921799
1.298841338	103.8967169
1.298853796	103.894703
1.298858455	103.8950992
1.298859149	103.8891165
1.298861594	103.8953798
1.298875794	103.8918041
1.298877492	103.8949588
1.298879819	103.8923821
1.298884969	103.8954829
1.298895997	103.8948856
1.298901539	103.8871516
1.298933161	103.8956601
1.298943367	103.8925782
1.298944623	103.8946784
1.298953566	103.8951358
1.298954019	103.8895329
1.298966329	103.8957189
1.29896798	103.8913951
1.298984747	103.8955076
1.29899353	103.8857342
1.29899932	103.8958399
1.299006988	103.8919748
1.299007613	103.8953042
1.299010725	103.8952434
1.29902505	103.8926792
1.299032846	103.8958917
1.299044753	103.8892351
1.299050542	103.8860376
1.299058981	103.8868839
1.299062785	103.8959987
1.299063842	103.8931535
1.299070034	103.8879568
1.299071997	103.8902122
1.299073069	103.891779
1.299073815	103.8866754
1.299075675	103.892357
1.299092517	103.8863942
1.299104653	103.8930126
1.299106358	103.8960718
1.29911713	103.8953987
1.299132213	103.8961721
1.299145951	103.8917558
1.299152895	103.8954573
1.29915901	103.8933038
1.299161041	103.8908271
1.299166666	103.8962454
1.299176611	103.8955784
1.299177299	103.8934939
1.299180828	103.8956531
1.299185598	103.8896337
1.299188336	103.8964217
1.299196703	103.8892941
1.299199766	103.8963502
1.299209539	103.8906626
1.299209952	103.8912453
1.299213443	103.8957563
1.299214863	103.8857911
1.299226531	103.886125
1.299231711	103.8936673
1.299243663	103.8928754
1.299246235	103.8945227
1.299251167	103.8965277
1.299251273	103.8945928
1.299253606	103.8902534
1.299256102	103.8958148
1.299269725	103.8966074
1.299278446	103.8946917
1.299289489	103.8886935
1.299290754	103.8938509
1.299296475	103.894762
1.299306224	103.8967073
1.299308132	103.8959347
1.29931445	103.8940311
1.299315005	103.8892916
1.299319257	103.8973687
1.299326565	103.895986
1.299328839	103.8967799
1.299332404	103.890513
1.299334031	103.8948733
1.299345289	103.892477
1.299348928	103.8917808
1.299351542	103.8949448
1.299354121	103.8961052
1.299362797	103.8933857
1.299364078	103.8961824
1.299386525	103.894186
1.299392665	103.8896344
1.299393117	103.8950475
1.299402024	103.8962913
1.299416724	103.8893576
1.299418077	103.8906547
1.299418099	103.895125
1.299425024	103.8912448
1.299425826	103.8936041
1.299426949	103.8963527
1.29944067	103.8968864
1.299445681	103.8964597
1.299449739	103.895223
1.299454137	103.8944535
1.299454814	103.892749
1.299461145	103.891581
1.299481151	103.8945129
1.29948415	103.8903609
1.299486804	103.8922973
1.299491707	103.8952831
1.299494746	103.896526
1.29950031	103.8954057
1.299507913	103.8966409
1.29952083	103.8933359
1.299522287	103.8946186
1.299524828	103.8893784
1.299530041	103.8946931
1.299539399	103.8967147
1.299539743	103.8954621
1.299551718	103.8939317
1.299562681	103.8955809
1.299563305	103.8923286
1.299563305	103.8923286
1.299563305	103.8923286
1.299564093	103.8915482
1.29958797	103.8917961
1.299589911	103.8948665
1.299591984	103.8968696
1.299594623	103.8887258
1.299597894	103.8935506
1.299600754	103.8947977
1.299627788	103.8957684
1.299628431	103.8949757
1.299635241	103.8912414
1.299646507	103.8895961
1.299648563	103.8956199
1.29965144	103.8968562
1.299652053	103.8958226
1.299680168	103.8933981
1.299680437	103.8959391
1.299684443	103.8938118
1.299685156	103.8894409
1.299697077	103.8952178
1.299698461	103.8960136
1.299700489	103.8938807
1.299708665	103.8928082
1.299710078	103.8904664
1.299710591	103.8892178
1.299711481	103.8950123
1.299728269	103.8922308
1.299728653	103.8951174
1.299738597	103.8857673
1.299738603	103.8857673
1.299739825	103.8903397
1.299745805	103.8953301
1.299755636	103.8953952
1.299755886	103.8961167
1.299760139	103.8961897
1.299763544	103.8910761
1.299765619	103.887357
1.299772685	103.8914315
1.299775113	103.8898659
1.299786066	103.8906762
1.299792112	103.8906723
1.299794387	103.8963093
1.299796573	103.8869212
1.299799379	103.890199
1.299810371	103.8917498
1.299814499	103.8926158
1.299824908	103.8881603
1.299825746	103.89551
1.299826045	103.8955791
1.299827522	103.8912564
1.299831297	103.8865545
1.299831603	103.8966519
1.299836219	103.8861742
1.299837203	103.8887412
1.299850329	103.8938391
1.299851607	103.8943104
1.299865658	103.8943969
1.299887557	103.8957569
1.299887756	103.896838
1.299892471	103.8956838
1.299894878	103.8944974
1.299906015	103.8960461
1.299910555	103.8958678
1.29992239	103.88988
1.299922908	103.8894386
1.299924018	103.8896759
1.299930253	103.8959317
1.299936697	103.8926758
1.299936718	103.8892618
1.29993746	103.8966494
1.299939555	103.894687
1.299943099	103.8895152
1.299969576	103.8936022
1.299970265	103.8933501
1.299981773	103.8969126
1.299982667	103.8947396
1.299984425	103.8925193
1.299986992	103.8936579
1.300000462	103.8945291
1.300001705	103.8961128
1.300005165	103.8937143
1.300010725	103.8920618
1.300010751	103.8949206
1.300016496	103.8966413
1.300017668	103.8951001
1.300018008	103.8962829
1.300021674	103.8948537
1.300023339	103.89377
1.300041512	103.8938249
1.300059686	103.8938802
1.30006982	103.8950262
1.300077481	103.8939355
1.300079794	103.8942396
1.300085252	103.8969066
1.300090733	103.8893004
1.300100889	103.8943118
1.300123798	103.8962506
1.30012761	103.8966281
1.300132914	103.8887682
1.300138384	103.8952141
1.300145032	103.8925821
1.300151939	103.8952786
1.30015287	103.8970177
1.300157098	103.8953989
1.300171045	103.8944951
1.300172077	103.8943871
1.300179725	103.895459
1.300190086	103.8946024
1.300198172	103.893528
1.300208412	103.8966386
1.300215967	103.8935836
1.300219233	103.8946715
1.300225627	103.8948714
1.300234898	103.8936397
1.300242754	103.8957394
1.300245705	103.8955683
1.300253071	103.8936954
1.300254293	103.8858496
1.300270866	103.893751
1.300275817	103.8956349
1.300282374	103.8947778
1.300286078	103.8871475
1.30028726	103.896884
1.300289039	103.893806
1.300304403	103.8949655
1.300306615	103.8938627
1.30031773	103.8966193
1.300330131	103.8950211
1.300332673	103.8958055
1.300340402	103.8866838
1.30034203	103.8968816
1.300346545	103.8959175
1.300347563	103.89323
1.300362745	103.8906039
1.30036323	103.8910187
1.300368975	103.8951355
1.300375931	103.8952022
1.300386012	103.8959754
1.300396088	103.8966166
1.300399819	103.8936037
1.300409394	103.8916508
1.300412146	103.8961013
1.300413053	103.8874626
1.300439473	103.8961707
1.300440377	103.8953821
1.300448698	103.8861988
1.300453093	103.8941163
1.300462635	103.8953024
1.300464048	103.890327
1.300471079	103.8968701
1.300476254	103.8910108
1.300477578	103.8941987
1.300491599	103.8962837
1.300500662	103.8954897
1.300501313	103.8938025
1.300503277	103.8966079
1.300503561	103.8904986
1.30051464	103.8955536
1.300531298	103.8956721
1.300532102	103.896877
1.300535138	103.8943038
1.300552974	103.8943578
1.300559263	103.8957375
1.300570501	103.8944854
1.30057157	103.8901773
1.300572123	103.8966173
1.30058233	103.8945465
1.300593081	103.8958399
1.300603859	103.8909704
1.300609508	103.8891368
1.30061306	103.8959168
1.300623837	103.8946687
1.300638855	103.8937658
1.300641825	103.8947225
1.300648863	103.8968489
1.300655513	103.896016
1.300655648	103.890562
1.300656978	103.8942623
1.300666471	103.8940634
1.300672467	103.8948335
1.30067843	103.8960857
1.300682841	103.8912218
1.300685163	103.8909549
1.30068646	103.894124
1.300690435	103.8919499
1.300694111	103.8966173
1.300698414	103.8949139
1.30071035	103.8897753
1.300716237	103.896845
1.3007293	103.8961918
1.300742294	103.8962749
1.300743239	103.8942999
1.300754334	103.8914744
1.300756238	103.8950894
1.300757765	103.8920821
1.300758113	103.8966167
1.300763901	103.895016
1.300771986	103.8944125
1.30078134	103.8894761
1.300786204	103.891761
1.300790357	103.8891723
1.300799917	103.8944781
1.300800953	103.895189
1.300809528	103.8952534
1.300809586	103.8922557
1.300823317	103.8890427
1.300840941	103.8909603
1.300842601	103.8945849
1.300859202	103.8946577
1.300863906	103.8953726
1.300877824	103.8968546
1.300894266	103.8947738
1.300897536	103.891836
1.300901955	103.8948387
1.300902402	103.8955449
1.300910527	103.8966137
1.300919796	103.8883358
1.300925004	103.8919375
1.300943137	103.895402
1.300952516	103.8949385
1.300953525	103.895606
1.300961319	103.8892145
1.300970932	103.8923336
1.300972347	103.8880985
1.300973183	103.895013
1.300977139	103.8957132
1.300983831	103.8920368
1.300987629	103.8914073
1.300990701	103.891192
1.300993946	103.8890863
1.300994031	103.8888526
1.301008155	103.8951278
1.301009536	103.8924676
1.301010268	103.8957775
1.301012009	103.888558
1.301015873	103.8969101
1.301024387	103.8921853
1.301026286	103.890925
1.30102777	103.8958972
1.301028359	103.8951895
1.301032664	103.8927443
1.301036261	103.8961695
1.301040573	103.8959639
1.301066211	103.895301
1.301067227	103.8883164
1.301080146	103.8960861
1.301084849	103.8876028
1.301087942	103.8917048
1.30109464	103.8928648
1.301099744	103.896888
1.301104324	103.8961436
1.301113264	103.892934
1.301118043	103.8866645
1.301119963	103.8954801
1.301123378	103.8959516
1.301129176	103.8962527
1.301133101	103.8902208
1.301135341	103.8918837
1.301137569	103.8955567
1.301141253	103.8866846
1.301143695	103.889524
1.301148415	103.8895838
1.301160753	103.895333
1.301164246	103.8963261
1.30116523	103.8914607
1.301176024	103.8861943
1.301177742	103.8893575
1.301182947	103.8956485
1.301186962	103.8909549
1.301188452	103.893051
1.301191746	103.8964303
1.301196938	103.8880159
1.30119811	103.8894179
1.301199517	103.8957225
1.301201086	103.8920597
1.301207833	103.8931239
1.301217423	103.8891399
1.301219485	103.8968994
1.301224046	103.8892281
1.30122898	103.8958378
1.301232312	103.8922206
1.301232452	103.8872057
1.301240371	103.8964931
1.301247879	103.8966129
1.301250231	103.8959023
1.301267889	103.8898756
1.301291599	103.8969102
1.301292044	103.8960076
1.301316506	103.8960851
1.30133071	103.8933938
1.301343449	103.8961932
1.301345511	103.8916256
1.301351394	103.8914246
1.301363825	103.8962561
1.30137144	103.896251
1.301376781	103.8923668
1.301395753	103.8918531
1.301398169	103.896893
1.301404196	103.8939792
1.301406415	103.8963628
1.30141628	103.8964436
1.301445292	103.8919819
1.301457112	103.8965406
1.301468499	103.8925616
1.301472496	103.8927153
1.301477036	103.8966152
1.301483492	103.8969037
1.301489112	103.8921982
1.301518191	103.8928617
1.301548691	103.893076
1.301557925	103.89294
1.301569966	103.8946207
1.301573267	103.8948101
1.301574915	103.8945549
1.301578856	103.8934342
1.301580956	103.8882027
1.301595151	103.8942612
1.301598213	103.8908645
1.30160924	103.8937926
1.301628645	103.8909761
1.301641859	103.8910712
1.301653325	103.8931824
1.301675465	103.8897869
1.301680991	103.8937696
1.301681722	103.8888115
1.301698475	103.8949988
1.301709227	103.8886823
1.301714761	103.8889653
1.301726115	103.8891117
1.301732846	103.8885127
1.301742827	103.8939087
1.30175023	103.8933855
1.301750555	103.8912113
1.301753723	103.8893093
1.30175637	103.8881756
1.301775205	103.8895187
1.301778267	103.8902771
1.301778648	103.8952037
1.301783259	103.8913867
1.301804116	103.8953876
1.301805017	103.8941839
1.301813243	103.8936741
1.301820164	103.895446
1.301832612	103.8937359
1.301846731	103.8955228
1.301852937	103.8908628
1.301863653	103.8955781
1.301868109	103.8943995
1.301880446	103.8945641
1.301892103	103.8948993
1.301898076	103.8877976
1.301902364	103.8915399
1.301906092	103.8911813
1.301912374	103.8883394
1.301920787	103.8959712
1.301938364	103.8913575
1.301944987	103.8917174
1.301946383	103.895746
1.301950266	103.8947034
1.30195998	103.8885652
1.301963014	103.894753
1.301967461	103.8918737
1.301970719	103.8883372
1.301990861	103.8919945
1.301995874	103.8960905
1.301997682	103.88875
1.302009105	103.8907871
1.302015015	103.8921121
1.30201741	103.8922274
1.3020257	103.8950418
1.302025829	103.8924738
1.302030829	103.8926281
1.302037968	103.8923545
1.302040928	103.8900782
1.302044626	103.8861792
1.302051187	103.8875138
1.302051192	103.8875138
1.302063512	103.8951863
1.302066217	103.8911547
1.302072915	103.8927924
1.302087792	103.8883236
1.302091287	103.8952964
1.302093561	103.8962994
1.302096098	103.8903442
1.302101365	103.8913304
1.30210944	103.8953552
1.302125689	103.8965475
1.302128451	103.8954348
1.302131772	103.8931221
1.302145964	103.8954931
1.302150238	103.8883228
1.302162855	103.8932876
1.302165495	103.8936597
1.302169015	103.8929549
1.3021742	103.8896501
1.302175241	103.8893635
1.30217578	103.8918336
1.30217831	103.8890084
1.302183182	103.8955773
1.30219139	103.8900017
1.302193152	103.8956403
1.30220026	103.8901278
1.302205277	103.8885655
1.302207146	103.8957537
1.302223077	103.8903307
1.302223692	103.8911392
1.302227737	103.8958927
1.30223778	103.8915688
1.302251165	103.8920116
1.302258824	103.8913165
1.302260997	103.8960175
1.302272579	103.8922119
1.302274849	103.8883296
1.302291992	103.8924108
1.302305757	103.8936225
1.302331857	103.8883266
1.302332673	103.8921199
1.302333549	103.8941025
1.302342318	103.8938834
1.302343532	103.8941534
1.302349208	103.890329
1.302356436	103.8942406
1.302360203	103.8964459
1.30236021	103.8964459
1.302365375	103.8942918
1.302368196	103.8936099
1.302369988	103.8962318
1.302395054	103.8906638
1.302403915	103.8931367
1.302408503	103.8908104
1.30241368	103.8943999
1.302420433	103.8911202
1.302422913	103.8909564
1.302455288	103.8898379
1.302467484	103.8947391
1.302473648	103.8903146
1.302475027	103.8927746
1.302480225	103.8925359
1.302494116	103.8935774
1.302497268	103.8949768
1.302498726	103.8920602
1.30250331	103.8862343
1.30250826	103.8927072
1.302510328	103.895079
1.302510487	103.8925924
1.302515467	103.8928961
1.30252768	103.8912902
1.302527707	103.8945325
1.302534673	103.8922081
1.302538279	103.8952055
1.302543007	103.8952892
1.302543859	103.8924194
1.302554842	103.8935684
1.302570211	103.8954172
1.3025737	103.895483
1.302580582	103.8870198
1.302590508	103.8860255
1.302592849	103.8955801
1.302594103	103.8884154
1.302595	103.8861233
1.30259668	103.8956489
1.302615873	103.893749
1.302621602	103.8857966
1.302629198	103.8938082
1.302630167	103.8866653
1.302635191	103.8957871
1.302638361	103.8938909
1.302638544	103.8863447
1.302645937	103.8959231
1.302647615	103.8930865
1.302647815	103.8868003
1.302648824	103.8939497
1.302651972	103.8865115
1.302655918	103.8940443
1.302656158	103.8871322
1.302660177	103.8884125
1.302662832	103.8941017
1.302675296	103.8935317
1.302684009	103.8942449
1.302687799	103.8941829
1.302689481	103.8960998
1.302690081	103.8943292
1.30269853	103.8961615
1.302699235	103.8943869
1.30270722	103.8944716
1.302707713	103.8946484
1.302712486	103.8877076
1.302716532	103.8945297
1.302717408	103.8962563
1.302723163	103.8873439
1.302723793	103.8967339
1.302723793	103.8967339
1.302726198	103.8963175
1.302738488	103.8947932
1.302744681	103.8934507
1.302761573	103.8850679
1.30277514	103.8949516
1.302777107	103.8879334
1.302779363	103.8889264
1.302779363	103.8889264
1.302780858	103.8951865
1.302784563	103.888644
1.302784578	103.8964476
1.302785524	103.8884172
1.30279093	103.8890517
1.30279243	103.895275
1.302793675	103.8967431
1.302793675	103.8967431
1.302808222	103.8887849
1.302819111	103.890018
1.302820875	103.8891878
1.302824857	103.8901733
1.302831888	103.8893231
1.30283505	103.895527
1.302835235	103.8906238
1.302836326	103.8967351
1.302839325	103.8903164
1.302846508	103.8866893
1.302851299	103.8884138
1.302871289	103.8897459
1.30287655	103.8898549
1.302878778	103.8958966
1.302888224	103.8967285
1.302888224	103.8967285
1.302909886	103.8961004
1.302911155	103.8895221
1.302929228	103.8962673
1.302931442	103.8967225
1.302931442	103.8967225
1.302936882	103.8864628
1.30293944	103.8860831
1.302940611	103.896442
1.302949511	103.8877114
1.302950099	103.8910757
1.302954152	103.8877755
1.302954666	103.886339
1.302957701	103.8907743
1.302960155	103.8909862
1.302960918	103.8908915
1.30296909	103.8884755
1.302975214	103.8966783
1.302981024	103.8966962
1.302981024	103.8966962
1.302981875	103.8922967
1.303001116	103.8875256
1.303005295	103.8872149
1.303009178	103.8906091
1.30301174	103.8870915
1.303011788	103.896628
1.30301184	103.8901054
1.303020288	103.8874331
1.303024716	103.8912452
1.303038072	103.8866213
1.303042333	103.8915269
1.303044357	103.8966817
1.303045838	103.886757
1.303049152	103.8933911
1.303049211	103.8883712
1.303065265	103.8887864
1.303072368	103.8886421
1.303108685	103.8924115
1.303109435	103.889236
1.303113085	103.8920761
1.303113905	103.8888985
1.303123302	103.8878814
1.303139299	103.8925516
1.303144655	103.8890275
1.303148406	103.8926854
1.303152594	103.8899967
1.303158538	103.8894453
1.303158817	103.8902392
1.303161369	103.8930229
1.303162617	103.8901016
1.303164309	103.8937484
1.303165561	103.8928554
1.303173269	103.8895769
1.303180101	103.8939517
1.303186807	103.893529
1.30320107	103.8897236
1.303220393	103.889849
1.303223263	103.894296
1.303223463	103.8909219
1.303223528	103.8940714
1.303223956	103.8966174
1.303223957	103.8966174
1.303226293	103.8944367
1.303227052	103.8941699
1.303234438	103.8933885
1.303238952	103.8910544
1.303243421	103.8944892
1.303247319	103.8949088
1.303254263	103.8959316
1.303255054	103.8852319
1.303261337	103.8946145
1.303263615	103.8947348
1.303265892	103.8957397
1.303269685	103.8948002
1.303270076	103.8957925
1.303270245	103.8905422
1.303281687	103.8906565
1.303281832	103.8952754
1.303287021	103.8953335
1.303291387	103.8907621
1.303293425	103.8951402
1.303299523	103.8966037
1.303299523	103.8966037
1.303313779	103.8950163
1.303316427	103.8902233
1.303324299	103.895418
1.303329703	103.895479
1.303331182	103.8915677
1.30333219	103.8912234
1.3033324	103.8849424
1.303334419	103.8955723
1.303339476	103.8959201
1.30334023	103.8956309
1.303350692	103.8914392
1.303353487	103.8966178
1.303353487	103.8966178
1.303359072	103.8962184
1.303361357	103.8961133
1.303364564	103.8962835
1.303368578	103.8849468
1.303373293	103.8960487
1.303375922	103.8916992
1.303384294	103.8918354
1.30339122	103.8919524
1.303399812	103.892043
1.303407851	103.8966026
1.303407851	103.8966026
1.303413993	103.8939018
1.303415767	103.8928533
1.303418283	103.8878599
1.303425485	103.8921344
1.303427074	103.8923176
1.303434381	103.8922223
1.303435299	103.8924084
1.303435307	103.8957223
1.30343863	103.8965055
1.303439614	103.8957868
1.303439998	103.8857245
1.303440006	103.8957542
1.303444844	103.8958507
1.303449332	103.8965907
1.303450074	103.8959143
1.303463748	103.8933623
1.303463748	103.8933623
1.303469689	103.8860621
1.30347469	103.8859545
1.303483696	103.886255
1.303483802	103.8865787
1.303489789	103.8864478
1.303490704	103.8866743
1.303494364	103.8861643
1.303494652	103.893537
1.303496816	103.8885463
1.303497111	103.8869344
1.303497681	103.8867701
1.30350149	103.8965706
1.30350149	103.8965706
1.303521801	103.8945849
1.303526136	103.893696
1.30353107	103.8937607
1.303532673	103.8878529
1.30353334	103.8942295
1.303536341	103.8872837
1.303538304	103.8925536
1.303538516	103.8943019
1.303541764	103.8965557
1.303541765	103.8965557
1.303555718	103.894088
1.303561956	103.8874959
1.303579496	103.8928451
1.303582949	103.8876486
1.303584181	103.894404
1.303587644	103.8948819
1.3035884	103.8965287
1.303589035	103.8949915
1.3035909	103.8944891
1.303596604	103.8965423
1.30360108	103.895557
1.303607829	103.8933539
1.303607829	103.8933539
1.30360833	103.8894751
1.303610982	103.8951423
1.303611752	103.8952688
1.303617591	103.8953489
1.303617728	103.8886788
1.303637402	103.8965294
1.303637402	103.8965294
1.303659116	103.8958464
1.303662349	103.8852651
1.303670095	103.8962164
1.303674955	103.8878446
1.303679077	103.8885323
1.303679085	103.8889568
1.303691221	103.8965115
1.303691221	103.8965115
1.303693588	103.8848848
1.303694782	103.8960193
1.303694883	103.8891713
1.303709027	103.8897156
1.303710836	103.8869768
1.303720451	103.8901722
1.303726325	103.8899652
1.303733454	103.8957063
1.303733468	103.8960825
1.303733731	103.8964982
1.303733731	103.8964982
1.303747077	103.8859495
1.303757931	103.8857489
1.30377825	103.8864375
1.303784791	103.896482
1.303784791	103.896482
1.303807465	103.8861203
1.303812427	103.8878001
1.303814245	103.8862684
1.303817946	103.8865741
1.303825161	103.8964633
1.303825161	103.8964633
1.303833554	103.8963638
1.303842878	103.8908338
1.303843208	103.8910987
1.30384495	103.8886113
1.303846144	103.8867209
1.303848002	103.8913837
1.303853561	103.8872825
1.303853931	103.8876239
1.303855286	103.8912402
1.303859267	103.8909656
1.3038602	103.8905207
1.303861842	103.8915198
1.30386898	103.8850283
1.303873936	103.8850069
1.303876164	103.8964475
1.303893445	103.8874657
1.30389391	103.8916542
1.303901934	103.8917397
1.303907449	103.8856735
1.303914268	103.8964059
1.303914268	103.8964059
1.30391455	103.8918865
1.303915908	103.8926361
1.303918069	103.8846194
1.303921295	103.8920916
1.303934473	103.8924761
1.303940628	103.8923261
1.303947564	103.8886122
1.303961827	103.8927367
1.303962018	103.8963826
1.303962018	103.8963826
1.303962408	103.8891187
1.303971895	103.8888874
1.303973507	103.8928178
1.303974152	103.890007
1.303976454	103.8922046
1.303976454	103.8893888
1.303988043	103.8878227
1.304000318	103.8892488
1.3040171	103.8846153
1.304018947	103.8905815
1.304031996	103.8937233
1.304032406	103.892967
1.304049493	103.8936512
1.304055956	103.893476
1.304061565	103.8935471
1.304069078	103.8896898
1.304081718	103.8878112
1.304083251	103.8933038
1.304086513	103.8849242
1.304092969	103.8938965
1.304099169	103.8885534
1.304099466	103.8938334
1.304104223	103.8846017
1.304109261	103.8886924
1.304112318	103.8963367
1.304117603	103.8943683
1.304121724	103.8911948
1.304121865	103.8944286
1.304122693	103.8940383
1.304130732	103.8947263
1.304132497	103.8942143
1.304133257	103.8913241
1.304133297	103.8945455
1.304136543	103.8947865
1.304139055	103.894608
1.30414534	103.8914536
1.304163909	103.8919872
1.304164466	103.896327
1.304164466	103.896327
1.304164466	103.896327
1.304169305	103.8907945
1.304171037	103.8954239
1.304171465	103.8921136
1.304175992	103.8908902
1.304180024	103.8899454
1.304182759	103.8909824
1.3041895	103.8910781
1.304193371	103.890125
1.304205804	103.8904146
1.30420661	103.8927923
1.304207381	103.8956878
1.304211154	103.8963123
1.304211154	103.8963123
1.304212204	103.8858592
1.304213345	103.8905381
1.304215448	103.8958164
1.304217658	103.8949293
1.304218837	103.8951234
1.304221707	103.8906706
1.30422496	103.8952092
1.304232915	103.8918345
1.304239669	103.8923462
1.304239782	103.8960208
1.304241493	103.8849465
1.304243632	103.8924121
1.304251892	103.8925376
1.30425618	103.8926023
1.304257826	103.8962976
1.304257827	103.8962976
1.304267457	103.8922184
1.304274242	103.8932675
1.304278987	103.8933321
1.304283726	103.8933968
1.304285849	103.8865481
1.304288462	103.8934615
1.304293211	103.8935261
1.304302944	103.8862009
1.304304499	103.8962825
1.304304499	103.8962825
1.30431632	103.8915498
1.304318358	103.8917434
1.30432448	103.8916573
1.304337163	103.8875118
1.304341388	103.8871271
1.304349283	103.8858494
1.304350637	103.8868467
1.304351799	103.8962674
1.304351799	103.8962674
1.304354358	103.8877827
1.30435464	103.8856211
1.304366306	103.8927485
1.30437191	103.8936616
1.304373506	103.8938377
1.304380111	103.8929366
1.304394476	103.8939805
1.30439621	103.8863793
1.304398061	103.8962526
1.304398061	103.8962526
1.304400934	103.8940597
1.304410567	103.8851488
1.304412982	103.8875072
1.304413543	103.8877788
1.304415156	103.8866561
1.304418122	103.8945225
1.304423575	103.8941554
1.304424064	103.8945875
1.304426738	103.8942361
1.304428563	103.8943808
1.304434083	103.8949093
1.304439036	103.8932544
1.304443781	103.8933191
1.304444727	103.8962382
1.304444727	103.8962382
1.30444852	103.8933838
1.304453257	103.8934485
1.304458005	103.8935131
1.304468292	103.894684
1.304471203	103.8881422
1.304475408	103.8947697
1.304480463	103.8882825
1.304481194	103.8951665
1.30448334	103.8858305
1.304483629	103.8861977
1.304488786	103.8953703
1.304491175	103.8962226
1.304491175	103.8962226
1.304498198	103.8954978
1.304514221	103.8845562
1.304522381	103.8959675
1.304523185	103.8877721
1.30453677	103.887118
1.304536862	103.8958146
1.304537503	103.8886375
1.304537725	103.8962076
1.304537725	103.8962076
1.30453775	103.8956538
1.304538158	103.8874983
1.304552187	103.8900708
1.304555829	103.8887465
1.304564599	103.8889398
1.304577091	103.888859
1.304583205	103.8877694
1.304587095	103.8961925
1.304587095	103.8961925
1.30458995	103.8890532
1.304598845	103.8892044
1.304609211	103.8856848
1.30461321	103.8848009
1.304613496	103.887493
1.304635802	103.8961763
1.304635802	103.8961763
1.304636852	103.8897441
1.304637551	103.8894035
1.304645243	103.8899015
1.304652144	103.8882318
1.304674969	103.8896229
1.304676516	103.8861391
1.30468372	103.8961603
1.30468372	103.8961603
1.304687189	103.8877549
1.304689069	103.8862711
1.304698891	103.8864158
1.304705756	103.8869363
1.304721517	103.8900462
1.304743421	103.8961258
1.304743422	103.8961258
1.304745239	103.8865418
1.304745824	103.8875103
1.304751549	103.8877488
1.304754796	103.8857281
1.30476328	103.8882227
1.304802885	103.8932341
1.304804998	103.8884277
1.304825609	103.8844774
1.304835572	103.8907128
1.304840345	103.8869265
1.304840755	103.888722
1.304858328	103.8877541
1.304872474	103.894819
1.304890811	103.8881907
1.304891198	103.8874913
1.304897203	103.8892576
1.304899117	103.8889186
1.304899138	103.8939439
1.304900937	103.8940091
1.304904652	103.8899957
1.304908248	103.8941374
1.304908341	103.8890525
1.304913068	103.8935883
1.304913289	103.8942072
1.304914282	103.8893963
1.304914476	103.8896166
1.304914975	103.8933742
1.304916294	103.8877474
1.304921647	103.8894889
1.304922214	103.8934515
1.30493326	103.8937346
1.304934811	103.8856338
1.304934915	103.8932399
1.304938851	103.8945581
1.304944879	103.8946434
1.304950669	103.8943777
1.304956167	103.8897617
1.304957698	103.8887626
1.304963184	103.8898571
1.304981521	103.8937966
1.304982891	103.8869687
1.304994548	103.8884172
1.304994939	103.8881838
1.304996014	103.8948098
1.305003664	103.887426
1.305006996	103.8932342
1.305027043	103.8865239
1.305028293	103.8875311
1.305038866	103.8861136
1.305044688	103.8862469
1.305054954	103.8863929
1.305056272	103.8957995
1.305059508	103.8950977
1.305068235	103.8952058
1.305076519	103.8953214
1.305078137	103.8955259
1.305091548	103.8916532
1.30509189	103.887724
1.305144868	103.8932641
1.305148251	103.8875218
1.305155836	103.8947887
1.305164844	103.8942001
1.305165085	103.893892
1.305168237	103.8939396
1.305173776	103.8874114
1.305175441	103.8940354
1.305177297	103.8943353
1.305178469	103.8940832
1.305190511	103.8935775
1.305193953	103.8855553
1.305195528	103.8903171
1.305196959	103.8945264
1.30519937	103.8937112
1.305212818	103.8857777
1.305225272	103.8884166
1.30523336	103.8864594
1.3052496	103.8890025
1.305254662	103.8881293
1.305256398	103.8933892
1.305256923	103.8861974
1.30525902	103.8888446
1.305259151	103.8868741
1.305276816	103.8903721
1.305299265	103.8952114
1.305304293	103.8857633
1.305314495	103.8959381
1.305323421	103.894775
1.305339894	103.89543
1.305346673	103.8861869
1.30535996	103.8932068
1.305370838	103.8891405
1.305371471	103.8952078
1.305389332	103.8894231
1.305389389	103.8892769
1.30539163	103.8935606
1.305397862	103.8888464
1.30540194	103.8936975
1.305408962	103.8896936
1.305411038	103.8895582
1.305412292	103.8903921
1.305425599	103.8932014
1.305436758	103.8956084
1.305444264	103.8898739
1.305455672	103.8902968
1.305458367	103.8934012
1.305466203	103.8956738
1.305504351	103.8937698
1.30552068	103.8950587
1.305526496	103.8951268
1.305530711	103.8952218
1.305535991	103.8952905
1.305537497	103.8953843
1.305541369	103.8954475
1.305602209	103.8932628
1.305611773	103.8939767
1.305616204	103.8940384
1.305625017	103.8940973
1.305627713	103.8941995
1.305628051	103.893672
1.30563316	103.8944768
1.30563748	103.8942997
1.305642438	103.8943602
1.305647264	103.8896866
1.305649742	103.894653
1.30565542	103.8935162
1.30568428	103.894782
1.30568926	103.8948474
1.305718527	103.8932546
1.305759015	103.8902807
1.305772173	103.8896774
1.305796303	103.8934102
1.305813918	103.889747
1.30583104	103.890273
1.305841	103.8904665
1.305849517	103.89053
1.305853269	103.8906612
1.305860017	103.8907241
1.30587305	103.8950409
1.305877832	103.8951019
1.305880514	103.8957906
1.305880515	103.8957906
1.305882867	103.8953501
1.305885019	103.8954055
1.305885479	103.8955404
1.305891682	103.8954852
1.305901752	103.8952135
1.305910136	103.895204
1.305938866	103.8957752
1.305938866	103.8957752
1.305949842	103.8934985
1.305965338	103.8936377
1.305968909	103.8902566
1.305971429	103.8937207
1.305979015	103.8957591
1.305979015	103.8957591
1.306023362	103.8938409
1.306026279	103.8938913
1.306030154	103.8957405
1.306030155	103.8957405
1.306033517	103.8939824
1.306036979	103.8940325
1.3060433	103.8902488
1.306048931	103.894133
1.306052246	103.8942412
1.306056472	103.8943022
1.306070368	103.8957238
1.306070368	103.8957238
1.30607138	103.8944736
1.306086506	103.8904315
1.306087764	103.8953039
1.3060884	103.8946821
1.306096744	103.8947924
1.306102173	103.8933158
1.306105928	103.8904988
1.306110734	103.8906279
1.306117967	103.8906924
1.306121535	103.8957057
1.306121536	103.8957057
1.306162017	103.8956901
1.306162017	103.8956901
1.306193451	103.8935025
1.306197038	103.8937011
1.306197702	103.8936474
1.306214544	103.8956733
1.306214545	103.8956733
1.306227416	103.8953376
1.306264601	103.8932565
1.30626724	103.8956785
1.30626724	103.8956785
1.306307835	103.8942428
1.306312249	103.8938915
1.306314156	103.8956609
1.306314156	103.8956609
1.306321451	103.8940707
1.306326899	103.8947481
1.306329988	103.8931831
1.306349251	103.8943864
1.306356218	103.8956236
1.306356218	103.8956236
1.306377911	103.894628
1.306398119	103.895609
1.306398119	103.895609
1.306414658	103.8952949
1.306431165	103.8902785
1.30644275	103.8903941
1.306453009	103.8956048
1.306497737	103.8905476
1.306504999	103.8955827
1.306514089	103.8906629
1.306543881	103.8955629
1.306543881	103.8955629
1.306543881	103.8955629
1.306543881	103.8955629
1.306543881	103.8955629
1.306543881	103.8955629
1.306543881	103.8955629
1.306580919	103.8912437
1.306602243	103.8955504
1.306602243	103.8955504
1.306602243	103.8955504
1.306602244	103.8955504
1.306623423	103.8917416
1.30662637	103.8910616
1.306628574	103.8918169
1.306631006	103.8915565
1.306635922	103.8914114
1.306638174	103.8919214
1.306643884	103.8919888
1.306652541	103.893264
1.306653089	103.8930887
1.30665338	103.8920938
1.306659109	103.8921692
1.306669876	103.8922666
1.306675667	103.8923368
1.306687289	103.8934018
1.306691864	103.8905953
1.306692723	103.8934755
1.306700404	103.893589
1.306705581	103.8936599
1.306711777	103.8926451
1.306713541	103.8937739
1.306722535	103.8939093
1.30672964	103.894066
1.306736194	103.8942389
1.306739117	103.8916507
1.306744329	103.894353
1.306747207	103.8927799
1.306748886	103.8924862
1.30675057	103.8954698
1.30675057	103.8954698
1.306767363	103.8944731
1.306774298	103.8945576
1.306784966	103.894689
1.306790566	103.8947566
1.306792146	103.8951466
1.306796628	103.8951962
1.306797537	103.8954486
1.3068007	103.8908862
1.306804066	103.8948813
1.306809639	103.8905836
1.306812107	103.8909775
1.306815725	103.8949791
1.306818684	103.8911475
1.3068207	103.895034
1.30683637	103.8954346
1.306843411	103.8913706
1.306852193	103.8918786
1.306868334	103.8920736
1.306872131	103.8905784
1.306883752	103.8954164
1.306885539	103.8916889
1.306886533	103.8915896
1.306891087	103.8915262
1.306898387	103.8923062
1.306910724	103.8904785
1.306913292	103.8930406
1.306922143	103.895401
1.306924359	103.8931014
1.306932228	103.8925568
1.306932939	103.8927383
1.306933554	103.893227
1.306938299	103.8932807
1.306960378	103.8935799
1.306963647	103.8933997
1.306964364	103.8953754
1.306969231	103.8938457
1.306969555	103.8934684
1.306983701	103.8936452
1.307004288	103.894017
1.307007309	103.8953659
1.307012515	103.8940989
1.307022309	103.894275
1.307036793	103.8946567
1.307043034	103.8944351
1.307044845	103.8947608
1.30704689	103.8949286
1.30705261	103.8945548
1.307055662	103.8953427
1.307055662	103.8953427
1.307074945	103.8950213
1.307083384	103.8948546
1.307091122	103.895087
1.307104614	103.8953229
1.307104614	103.8953229
1.30715222	103.8953034
1.30715222	103.8953034
1.307200034	103.8952838
1.307200034	103.8952838
1.307243816	103.8917883
1.307243886	103.8917301
1.307247788	103.8952639
1.307247788	103.8952639
1.307267923	103.8916405
1.307269943	103.8920096
1.307277943	103.8921083
1.30728374	103.8918928
1.307304582	103.895239
1.307304582	103.895239
1.307311644	103.8922655
1.307335645	103.8924584
1.307350886	103.8926773
1.307364135	103.8931792
1.307371559	103.8932443
1.307382014	103.8930417
1.307390588	103.8933948
1.307399173	103.8937757
1.307401349	103.8935901
1.307403302	103.8938446
1.307458786	103.8944111
1.307460296	103.8939867
1.307465962	103.8940609
1.307472915	103.8942052
1.307474456	103.8945084
1.307477178	103.8946261
1.307477857	103.8942753
1.307483112	103.8951728
1.307483113	103.8951728
1.307486268	103.8946948
1.30749877	103.8949029
1.307504712	103.894811
1.307507251	103.8918312
1.307509731	103.8920597
1.307510872	103.8922548
1.307528795	103.8951489
1.307528795	103.8951489
1.30755923	103.8924293
1.307566201	103.8925274
1.307569517	103.8926957
1.307572181	103.8951251
1.307572181	103.8951251
1.307594665	103.893029
1.307599679	103.8930181
1.307613877	103.893587
1.307614096	103.8950991
1.307614096	103.8950991
1.307614213	103.8931934
1.307629035	103.893335
1.307635055	103.8934205
1.307656376	103.8950725
1.307656377	103.8950725
1.307658314	103.8939717
1.307673728	103.8940542
1.307683535	103.8942288
1.307683536	103.8942288
1.307683536	103.8942288
1.307683536	103.8942288
1.307685955	103.8938379
1.307698624	103.8950466
1.307698624	103.8950466
1.307704212	103.8946216
1.307713841	103.8943997
1.307719126	103.8944908
1.307725096	103.8946963
1.307740503	103.8950201
1.307740503	103.8950201
1.307782886	103.894994
1.307782887	103.894994
1.307825387	103.8949681
1.307825388	103.8949681
1.307867539	103.8949419
1.307867539	103.8949419
1.307908906	103.8920355
1.307909947	103.894916
1.307909948	103.894916
1.307911755	103.8930599
1.307923491	103.8932391
1.307925201	103.8921706
1.307930404	103.8925186
1.307944508	103.8927037
1.307950521	103.8948882
1.307950521	103.8948882
1.307964556	103.8929522
1.30798097	103.8931273
1.308010269	103.8933522
1.308013168	103.8935137
1.308020052	103.8936018
1.308033369	103.8937228
1.30803912	103.8938155
1.308044263	103.8939891
1.308055704	103.8923505
1.3080587	103.8941605
1.308064143	103.8942423
1.308075537	103.8944629
1.308084715	103.8945777
1.308087995	103.8943646
1.308101428	103.892592
1.308112432	103.8946794
1.30814325	103.8931797
1.30816495	103.8921779
1.308169295	103.8929864
1.308205992	103.8935076
1.308206564	103.8932965
1.308210183	103.8925839
1.308212551	103.8935837
1.308213121	103.8933783
1.308228128	103.8937092
1.308234952	103.8938032
1.308247384	103.8939738
1.308254891	103.8941626
1.30828355	103.8945254
1.308283551	103.8945254
1.308312226	103.892293
1.308413384	103.8923639
1.30843374	103.8926353
1.308489322	103.89263
1.308511783	103.8924546
1.30851534	103.8931684
1.308523543	103.8932596
1.308526252	103.8929974
1.308535353	103.8938102
1.308543452	103.8926257
1.308563611	103.8936394
1.308580991	103.8935099
1.308597584	103.8926213
1.308606842	103.8945619
1.308607427	103.8938016
1.308609553	103.8940786
1.308617547	103.8942011
1.308622078	103.8942592
1.308622383	103.8941393
1.308623576	103.8943442
1.308627227	103.8946568
1.308651636	103.8926167
1.30866986	103.8931429
1.308689313	103.8945426
1.308689313	103.8945426
1.308689313	103.8945426
1.308691505	103.8937969
1.308701037	103.8935768
1.30870311	103.8929542
1.3087225	103.8926326
1.30873315	103.8931273
1.308743037	103.8945212
1.308743037	103.8945212
1.308743037	103.8945212
1.308761049	103.8937939
1.308773795	103.8935717
1.308796338	103.8944995
1.308796338	103.8944995
1.308796382	103.8944996
1.308797246	103.8941492
1.308850215	103.8944783
1.308850215	103.8944783
1.308850215	103.8944783
1.308850532	103.8931523
1.308850996	103.8941439
1.308888568	103.8935101
1.308903728	103.894457
1.308903728	103.894457
1.308903728	103.894457
1.30890654	103.8937286
1.308907784	103.8931465
1.308909029	103.8941399
1.308945518	103.8934882
1.30895748	103.8944358
1.30895748	103.8944358
1.30895748	103.8944358
1.308960663	103.8941194
1.308963754	103.8931433
1.308965247	103.8937384
1.308975627	103.893224
1.308982802	103.8929287
1.309011146	103.8944143
1.309011146	103.8944143
1.309011146	103.8944143
1.309015472	103.8934843
1.309019092	103.89412
1.309023443	103.8931389
1.309030565	103.8944568
1.30903288	103.8937268
1.309064829	103.894393
1.309064829	103.894393
1.309064829	103.894393
1.309073104	103.8941083
1.309077654	103.8934807
1.309085224	103.893144
1.309096329	103.8937276
1.309118529	103.8943717
1.309118529	103.8943717
1.30911853	103.8943717
1.309124407	103.89408
1.309148595	103.8934893
1.309172083	103.8943498
1.309172083	103.8943498
1.309172083	103.8943498
1.309174891	103.8937141
1.309178692	103.8940699
1.309196584	103.8934972
1.309236846	103.8940517