1.344442822	103.7758013
1.344621428	103.7757071
1.344621435	103.775707
1.344636186	103.7757119
1.344691176	103.779738
1.344854273	103.7754955
1.344858176	103.7754968
1.344919858	103.7755267
1.344985388	103.7755549
1.344986554	103.7755546
1.345095582	103.7760456
1.345240149	103.7761655
1.345308553	103.7759566
1.345356602	103.7759184
1.345431804	103.7762897
1.345445091	103.7758456
1.345494487	103.775806
1.345549702	103.7762049
1.345563621	103.7757542
1.345603085	103.7761701
1.345618617	103.775721
1.345695116	103.7761048
1.345740539	103.7760659
1.34581899	103.7760264
1.345869089	103.7759937
1.345942271	103.7758549
1.345943247	103.775915
1.346126366	103.7734718
1.346192811	103.77674
1.346192811	103.77674
1.346192811	103.77674
1.346194756	103.7767445
1.346246397	103.7769705
1.346246397	103.7769705
1.346246397	103.7769705
1.346247021	103.7769703
1.346309934	103.777189
1.34631194	103.777189
1.34631194	103.777189
1.34631194	103.777189
1.346439058	103.7773816
1.346439058	103.7773816
1.346439058	103.7773816
1.346439642	103.7773817
1.346443383	103.7768074
1.346443383	103.7768074
1.346443383	103.7768074
1.346444001	103.7768074
1.346518078	103.7736602
1.346519182	103.7809602
1.346519183	103.780789
1.34659123	103.7775538
1.346595978	103.7775586
1.346595978	103.7775586
1.346595978	103.7775586
1.346596759	103.7769764
1.346596759	103.7769764
1.346596759	103.7769764
1.346597377	103.7769765
1.346707152	103.777418
1.346743863	103.7764237
1.346751803	103.7771458
1.346751803	103.7771458
1.346751803	103.7771458
1.346752421	103.7771458
1.346767801	103.7731967
1.346772321	103.776376
1.346802272	103.7763225
1.346834167	103.7762771
1.346888658	103.7762222
1.346946582	103.7721588
1.347027033	103.7766016
1.347036142	103.7727523
1.347055566	103.7765539
1.347087131	103.776501
1.347094743	103.7757826
1.347115233	103.7764523
1.347152502	103.7764043
1.347177859	103.7763545
1.347205197	103.776308
1.347260291	103.7733208
1.347342118	103.775864
1.34776995	103.7729258
1.347918622	103.7717765
1.348067034	103.7742195
1.348275803	103.7745407
1.34829521	103.7723028
1.348323213	103.7742494
1.348352717	103.7765847
1.348454927	103.7714633
1.348477382	103.7741133
1.348560832	103.7738578
1.34876778	103.7722216
1.348807408	103.7745055
1.348849833	103.7737339
1.348923937	103.7718383
1.348961233	103.7740578
1.34914222	103.7706882
1.349174958	103.7740363
1.349332434	103.7741895
1.349461245	103.7705851
1.34953748	103.7707284
1.349615895	103.7708846
1.349718664	103.7705477
1.349793778	103.7707312
1.349798178	103.7707386
1.349867095	103.7708753
1.35003632	103.7707779
1.350095623	103.7709757
1.351904645	103.7770984
1.354647389	103.7695199
1.357701929	103.7685178
1.357730502	103.7681377
1.357749788	103.7688081
1.357752198	103.7688707
1.357755141	103.7689441
1.357755146	103.7692158
1.357757556	103.7690075
1.357759729	103.7684593
1.35776006	103.7690806
1.357762565	103.7691447
1.357768129	103.7692798
1.357772596	103.7681059
1.357811035	103.7680806
1.357812656	103.7684174
1.357853087	103.7680494
1.357868499	103.7683774
1.357891494	103.7680225
1.357922188	103.768334
1.357933766	103.7679918
1.35793985	103.7692472
1.357955706	103.7687721
1.357967525	103.7686346
1.357969732	103.7687058
1.357969769	103.7679659
1.357973851	103.7688421
1.357978702	103.768908
1.357981134	103.7689759
1.357982743	103.7682969
1.357985324	103.7690416
1.357987936	103.7691151
1.357990361	103.7691786
1.358001904	103.7692497
1.358010642	103.7679353
1.358037319	103.7682587
1.358048881	103.7679104
1.358091348	103.7678793
1.358093956	103.7682164
1.358131361	103.7678498
1.358148701	103.7681825
1.358198723	103.7681387
1.358249653	103.7692063
1.358258737	103.7680999
1.358286598	103.7684823
1.358303685	103.7688774
1.35831739	103.7680571
1.358350164	103.7684452
1.358376368	103.7680243
1.35843049	103.7679837
1.358431455	103.7691747
1.358449501	103.768362
1.358504617	103.7688271
1.358521161	103.7683402
1.358527975	103.7685258
1.358614494	103.769158
1.35864495	103.7682884
1.358655354	103.7679684
1.358699747	103.7684695
1.358710061	103.7682958
1.35872056	103.7679633
1.358721801	103.7687946
1.358775424	103.7691272
1.358790342	103.7679523
1.358845217	103.768279
1.358855165	103.767945
1.358868679	103.7684571
1.358913303	103.7682604
1.358921716	103.7688044
1.358923601	103.7679264
1.358971618	103.767677
1.358993575	103.7679283
1.359029587	103.7676688
1.359033616	103.7682556
1.359062212	103.7679199
1.35906652	103.7684622
1.359072021	103.7676682
1.359092138	103.7682493
1.35911008	103.7687919
1.359111682	103.7686196
1.359128929	103.7676599
1.359128985	103.7679128
1.359170557	103.7676538
1.359201223	103.7679044
1.359206682	103.7689217
1.359228439	103.7676464
1.359263837	103.7678908
1.359269272	103.7676411
1.359310665	103.7690463
1.359322988	103.7676377
1.359337862	103.7678884
1.359360466	103.7676313
1.359374902	103.7681502
1.359382048	103.7682087
1.359404653	103.7678805
1.359412515	103.7683416
1.359415503	103.7676179
1.359418906	103.768395
1.359424772	103.7685336
1.35943247	103.7685872
1.35946018	103.7676192
1.359511519	103.7687268
1.359551961	103.7687911
1.359553471	103.7678501
1.359569075	103.76761
1.359580929	103.7681381
1.35958374	103.768194
1.3596019	103.7683179
1.35960984	103.7676042
1.35961123	103.768965
1.359613343	103.7683971
1.359614576	103.7678467
1.359632785	103.7685209
1.35964049	103.7685815
1.359640949	103.7688964
1.359664977	103.7675947
1.359705225	103.7675914
1.359745443	103.7678476
1.35976063	103.7675854
1.359782408	103.7687682
1.359802858	103.7675794
1.359818983	103.7678487
1.35984046	103.7687668
1.359860918	103.7675776
1.359868267	103.7681732
1.359905659	103.7675803
1.359909276	103.7689064
1.359932927	103.7684829
1.359932937	103.7684829
1.359934978	103.768163
1.359935634	103.7678389
1.359954748	103.7675721
1.359995199	103.7689155
1.359998141	103.7678374
1.359999127	103.7675509
1.360060214	103.7681627
1.360103168	103.7678971
1.360114594	103.7689417
1.360116373	103.7681588
1.360123711	103.7675424
1.360128447	103.7678348
1.3601648	103.7675376
1.360169367	103.7686166
1.360183634	103.7689535
1.360189939	103.767833
1.360195027	103.7684526
1.360221842	103.7675306
1.360253126	103.7681556
1.360263179	103.7675205
1.360305517	103.7689681
1.360315968	103.7678293
1.360321616	103.7675201
1.36032615	103.7681516
1.360364029	103.7675141
1.360373648	103.768972
1.360377057	103.7686437
1.360382915	103.7678265
1.360405076	103.7684591
1.360422843	103.7675071
1.360445305	103.7681491
1.36044692	103.7769826
1.360464341	103.7674997
1.360500318	103.7689926
1.360502739	103.7681452
1.360514315	103.7678229
1.360520417	103.7674948
1.360560462	103.7674856
1.360573375	103.7689842
1.36057746	103.7678205
1.360579614	103.7686565
1.360618739	103.7674825
1.360624656	103.7684875
1.360639552	103.7681406
1.36069065	103.7678646
1.360692858	103.768979
1.360700629	103.7681451
1.360719378	103.7678156
1.36075943	103.7689905
1.360779427	103.7686674
1.360787133	103.7678207
1.36082022	103.7684789
1.360841309	103.7681402
1.360841399	103.7689862
1.360883879	103.768999
1.360895298	103.7681498
1.360923649	103.7678387
1.360959917	103.7689935
1.360974063	103.7686987
1.360983274	103.7685402
1.360987352	103.7678512
1.360994869	103.7684772
1.361027387	103.7681829
1.361064637	103.7674741
1.361087879	103.7681926
1.361115489	103.7678746
1.36117432	103.7678864
1.361442082	103.7678342
1.361483628	103.7678392
1.36154163	103.7686985
1.361891692	103.7684633
1.361903607	103.7679364
1.361907834	103.7679497
1.36226202	103.7698994
1.362344868	103.7674183
1.362362679	103.768247
1.36237948	103.7682242
1.362406202	103.7682568
1.362409996	103.7682251
1.362888457	103.7677809
1.364083567	103.772345