1.294569657	103.8420496
1.294571721	103.8420518
1.294621699	103.8420339
1.294668532	103.8420127
1.294670764	103.8420157
1.294719306	103.8419978
1.29477034	103.8419804
1.294824603	103.841966
1.294867742	103.8419337
1.294930642	103.8419327
1.29498203	103.8419124
1.295028937	103.8418827
1.295082155	103.8418671
1.295082155	103.8418671
1.295082155	103.8418671
1.295082155	103.8418671
1.295082652	103.8418681
1.29513409	103.8418475
1.295187723	103.8418324
1.295236971	103.8418076
1.295281233	103.8417727
1.295281233	103.8417727
1.295281624	103.8417735
1.295336125	103.8417602
1.295387665	103.8417392
1.2954385	103.8417178
1.295462942	103.842257
1.295489011	103.8416959
1.295631027	103.8416151
1.295771063	103.8425709
1.295785232	103.8421037
1.295949025	103.8378072
1.295989651	103.8412619
1.296011318	103.8428307
1.296020332	103.8381566
1.296029334	103.842341
1.296109707	103.8385065
1.296123716	103.837597
1.296137936	103.8420306
1.296162049	103.8400534
1.296162818	103.8400734
1.296162818	103.8400734
1.296162818	103.8400734
1.296162818	103.8400734
1.296162818	103.8400734
1.296162818	103.8400734
1.296162818	103.8400734
1.296162818	103.8400734
1.296162818	103.8400734
1.296196537	103.8408732
1.296228666	103.8430796
1.296228786	103.8430755
1.296228786	103.8430755
1.296228786	103.8430755
1.296228786	103.8430755
1.296276955	103.8430176
1.296276955	103.8430176
1.296276955	103.8430176
1.296276955	103.8430176
1.296280694	103.84302
1.296317833	103.8400956
1.296317833	103.8400956
1.296317833	103.8400956
1.296317833	103.8400956
1.296317833	103.8400956
1.296317833	103.8400956
1.296317833	103.8400956
1.296317833	103.8400956
1.296317833	103.8400956
1.296322454	103.8400863
1.296324256	103.8414516
1.296326951	103.8425337
1.296334599	103.8429542
1.296334599	103.8429542
1.296334599	103.8429542
1.296334599	103.8429542
1.296334875	103.8429581
1.296356172	103.8379911
1.296382186	103.8428951
1.296382186	103.8428951
1.296382186	103.8428951
1.296382186	103.8428951
1.296387919	103.8428976
1.296453322	103.8401837
1.296456478	103.8401805
1.296456478	103.8401805
1.296456478	103.8401805
1.296456478	103.8401805
1.296456478	103.8401805
1.296456478	103.8401805
1.296456478	103.8401805
1.296456478	103.8401805
1.296456478	103.8401805
1.296499513	103.8404719
1.296499513	103.8404719
1.296499513	103.8404719
1.296499513	103.8404719
1.296499513	103.8404719
1.296499513	103.8404719
1.296499513	103.8404719
1.296499513	103.8404719
1.296499513	103.8404719
1.29650352	103.841837
1.296516874	103.842807
1.296516874	103.842807
1.296516874	103.842807
1.296516874	103.842807
1.296521153	103.8428129
1.296548173	103.8403156
1.296555212	103.8403144
1.296555212	103.8403144
1.296555212	103.8403144
1.296555212	103.8403144
1.296555212	103.8403144
1.296555212	103.8403144
1.296555212	103.8403144
1.296555212	103.8403144
1.296555212	103.8403144
1.296573405	103.8395154
1.29658018	103.8404723
1.296593466	103.8427759
1.296594745	103.8427761
1.296594745	103.8427761
1.296594745	103.8427761
1.296594745	103.8427761
1.296595789	103.8423939
1.29660443	103.8388425
1.296610703	103.8385837
1.296663281	103.8427327
1.296663281	103.8427327
1.296663281	103.8427327
1.296663281	103.8427327
1.296667288	103.8427386
1.296705265	103.8419026
1.296718641	103.8381733
1.296739268	103.8427018
1.296740325	103.8427017
1.296740325	103.8427017
1.296740325	103.8427017
1.296740325	103.8427017
1.296742012	103.8403187
1.296746403	103.8403188
1.296746403	103.8403188
1.296746403	103.8403188
1.296748364	103.8414998
1.296755041	103.8404006
1.296758897	103.8404018
1.296758897	103.8404018
1.296758897	103.8404018
1.296760384	103.8402097
1.296764418	103.8402136
1.296764418	103.8402136
1.296764418	103.8402136
1.296768692	103.8404931
1.296772601	103.8404928
1.296772601	103.8404928
1.296772601	103.8404928
1.296781569	103.8405776
1.296785576	103.840579
1.296785576	103.840579
1.296785576	103.840579
1.296812613	103.8411909
1.296856351	103.8410273
1.296858988	103.8402402
1.296858988	103.8402402
1.296858988	103.8402402
1.296861283	103.8402435
1.29687153	103.8398558
1.29687153	103.8398558
1.29687153	103.8398558
1.29687153	103.8398558
1.29687153	103.8398558
1.296887863	103.8406165
1.296887863	103.8406165
1.296887863	103.8406165
1.296890574	103.8406126
1.29689177	103.8398407
1.296945573	103.8402307
1.296946335	103.8392507
1.29694775	103.8402335
1.29694775	103.8402335
1.29694775	103.8402335
1.296973257	103.8406341
1.296973257	103.8406341
1.296973257	103.8406341
1.29697795	103.8406387
1.296986874	103.841165
1.297052829	103.8412495
1.297079658	103.8418199
1.297079658	103.8418199
1.297080256	103.8419318
1.297080256	103.8419318
1.297081967	103.8418185
1.297082984	103.8419332
1.297086646	103.8410375
1.297150368	103.8421827
1.297152743	103.8421802
1.297152743	103.8421802
1.297152743	103.8421802
1.297258917	103.8426683
1.297259067	103.8422163
1.297259067	103.8422163
1.297259067	103.8422163
1.297260732	103.8401007
1.297261993	103.8422124
1.29726676	103.8403703
1.297272947	103.8389403
1.297273912	103.8398344
1.297275314	103.8385339
1.297275314	103.8385339
1.297302904	103.84105
1.297316167	103.8385413
1.297328508	103.8401135
1.297365497	103.8410684
1.297383999	103.8398253
1.297407971	103.8401279
1.297423323	103.8422555
1.297425698	103.842253
1.297425698	103.842253
1.297425698	103.842253
1.297455103	103.8398382
1.297470182	103.8411031
1.29748099	103.8401409
1.297532023	103.8422891
1.297532023	103.8422891
1.297532023	103.8422891
1.297532608	103.8398543
1.297534949	103.8422851
1.297553583	103.8401561
1.297589951	103.8396053
1.297594117	103.8411377
1.297607215	103.8398663
1.297610629	103.8407029
1.297621734	103.8416754
1.297668056	103.8407196
1.297720559	103.8411728
1.297768396	103.8407321
1.297786399	103.840247
1.297788499	103.8391647
1.297791924	103.8425075
1.297793908	103.8425076
1.297793908	103.8425076
1.297793908	103.8425076
1.29780021	103.8401976
1.297814973	103.8401448
1.29782901	103.8400946
1.29784533	103.8412074
1.297852982	103.8399418
1.297864277	103.8387173
1.297864278	103.8387173
1.297864278	103.8387173
1.297864278	103.8387173
1.297866428	103.8398937
1.297868635	103.840054
1.29788188	103.8424361
1.29788188	103.8424361
1.29788188	103.8424361
1.297882576	103.8400041
1.297884516	103.8424372
1.29792779	103.8387624
1.297927791	103.8387624
1.297957968	103.8407605
1.297962694	103.8387946
1.297969265	103.8412423
1.297974221	103.8396898
1.297999503	103.8388229
1.29801315	103.8423345
1.298015134	103.8423346
1.298015134	103.8423346
1.298015134	103.8423346
1.298035984	103.838851
1.298072887	103.8388789
1.298072887	103.8388789
1.298075531	103.8398427
1.298103105	103.8422631
1.298103105	103.8422631
1.298103105	103.8422631
1.298105404	103.8397901
1.298105741	103.8422642
1.298110228	103.8389065
1.298110599	103.8413164
1.298116545	103.8394692
1.298142028	103.8396918
1.298147613	103.8389338
1.298148913	103.8393813
1.298161131	103.8408753
1.298163068	103.839385
1.298170223	103.8396497
1.298185704	103.8389615
1.298198727	103.8392628
1.298206569	103.8407277
1.298223978	103.8392292
1.298231051	103.8421693
1.298233373	103.8421696
1.298233373	103.8421696
1.298233373	103.8421696
1.298248107	103.8391957
1.298250457	103.8402662
1.298250457	103.8402662
1.298250457	103.8402662
1.298250457	103.8402662
1.298250457	103.8402662
1.298250457	103.8402662
1.298250457	103.8402662
1.298250457	103.8402662
1.298250457	103.8402662
1.298250457	103.8402662
1.298250457	103.8402662
1.298250457	103.8402662
1.298250457	103.8402662
1.298250457	103.8402662
1.298250457	103.8402662
1.298250457	103.8402662
1.298250457	103.8402662
1.298250457	103.8402662
1.298250457	103.8402662
1.298253527	103.8405722
1.298272078	103.8391607
1.298277643	103.8390075
1.298311378	103.8390341
1.298320633	103.8420963
1.298320633	103.8420963
1.298320633	103.8420963
1.298323169	103.8420973
1.298338911	103.8390585
1.298358704	103.8402679
1.298369623	103.8390833
1.298369623	103.8390833
1.298373162	103.8394008
1.298383827	103.8393565
1.298394122	103.8391197
1.298395721	103.8399354
1.298417338	103.8414054
1.298426333	103.8391478
1.298428851	103.8393131
1.298448939	103.839964
1.298459977	103.8391732
1.298471897	103.8407821
1.298471897	103.8407821
1.298471897	103.8407821
1.29847434	103.8407845
1.298493874	103.8391978
1.298502405	103.8399944
1.298527333	103.8392251
1.298550872	103.8400222
1.298566771	103.8396376
1.298603955	103.8404979
1.298604121	103.8400531
1.298615385	103.8396651
1.29864667	103.8408992
1.29864667	103.8408992
1.29864667	103.8408992
1.29864667	103.8408992
1.29864667	103.8408992
1.29864667	103.8408992
1.29864667	103.8408992
1.29864667	103.8408992
1.29864667	103.8408992
1.29864667	103.8408992
1.29864667	103.8408992
1.29864667	103.8408992
1.29864667	103.8408992
1.29864667	103.8408992
1.29864667	103.8408992
1.29864667	103.8408992
1.29864667	103.8408992
1.29864667	103.8408992
1.29864667	103.8408992
1.29864667	103.8408992
1.29864667	103.8408992
1.29864667	103.8408992
1.29864667	103.8408992
1.29864667	103.8408992
1.29864667	103.8408992
1.29864667	103.8408992
1.29864667	103.8408992
1.29864667	103.8408992
1.29864667	103.8408992
1.29864667	103.8408992
1.29864667	103.8408992
1.29864667	103.8408992
1.29864667	103.8408992
1.29864667	103.8408992
1.29864667	103.8408992
1.29864667	103.8408992
1.29864667	103.8408992
1.29864667	103.8408992
1.29864667	103.8408992
1.29864667	103.8408992
1.29864667	103.8408992
1.29864667	103.8408992
1.29864667	103.8408992
1.298654182	103.8400814
1.298668177	103.8416874
1.298669508	103.839696
1.298678161	103.8393509
1.298678161	103.8393509
1.298699502	103.8407503
1.298715109	103.8393889
1.298715109	103.8393889
1.298717212	103.8397237
1.298748657	103.8403152
1.298748657	103.8403152
1.298748657	103.8403152
1.298748657	103.8403152
1.298748657	103.8403152
1.298748657	103.8403152
1.298748657	103.8403152
1.298748657	103.8403152
1.298748657	103.8403152
1.298748657	103.8403152
1.298748657	103.8403152
1.298748657	103.8403152
1.298748657	103.8403152
1.298748657	103.8403152
1.298750666	103.8394167
1.298750666	103.8394167
1.298772921	103.8397524
1.298784573	103.8394445
1.298817232	103.8394698
1.298817233	103.8394698
1.298819659	103.8397952
1.298851171	103.839496
1.298886398	103.8395251
1.298921177	103.8395501
1.298954169	103.8395782
1.298988163	103.8398419
1.298989814	103.8396044