1.375445619	103.9530679
1.375560551	103.9610727
1.375588309	103.9608397
1.375636987	103.9606441
1.375701544	103.9604053
1.375707499	103.9597599
1.375830331	103.9594822
1.375904885	103.958503
1.375904888	103.9581781
1.375918198	103.9587978
1.375951222	103.9555989
1.375952766	103.9599542
1.376081463	103.9610379
1.376091028	103.9535329
1.376105673	103.9535174
1.376176256	103.9604884
1.3762203	103.9595235
1.376225975	103.9600853
1.376234759	103.9579474
1.376343381	103.9556493
1.376358304	103.958771
1.376470343	103.9598465
1.376489485	103.9613271
1.376521174	103.9579521
1.376522511	103.9611046
1.376534024	103.960778
1.376551665	103.9593974
1.376565677	103.9552229
1.376590365	103.9556894
1.376590365	103.9556894
1.376648404	103.9588008
1.376656855	103.9556828
1.376698068	103.9551412
1.376705966	103.9597831
1.376711144	103.9599263
1.376801224	103.9579624
1.376914725	103.9550364
1.376937301	103.9588295
1.377088873	103.957966
1.377140741	103.9535991
1.377223091	103.9588458
1.377279878	103.9609951
1.377282466	103.9614562
1.377348379	103.9581522
1.377349764	103.9582351
1.377369275	103.958292
1.377377667	103.9542711
1.377427793	103.9598772
1.377469063	103.9584088
1.377499836	103.9588594
1.377500766	103.9594207
1.37752539	103.9602393
1.377623544	103.9577982
1.377623544	103.9577982
1.377628851	103.957799
1.377638618	103.9578682
1.377642181	103.957866
1.377642181	103.957866
1.377642385	103.9576529
1.377642385	103.9576529
1.377647259	103.9576514
1.377647404	103.9577162
1.377647404	103.9577162
1.377650513	103.9577152
1.377673906	103.9575774
1.377673906	103.9575774
1.377674656	103.9575804
1.377688767	103.9579348
1.37769269	103.9575199
1.377698136	103.957521
1.377698136	103.957521
1.377701317	103.957999
1.377701317	103.957999
1.377705898	103.957932
1.377705898	103.957932
1.377706995	103.9579992
1.377740056	103.9580697
1.377758063	103.9580691
1.377758063	103.9580691
1.377761484	103.9581375
1.377761632	103.9573818
1.377761632	103.9573818
1.377761632	103.9573818
1.377761632	103.9573818
1.377761632	103.9573818
1.377761632	103.9573818
1.377761632	103.9573818
1.377761632	103.9573818
1.377761632	103.9573818
1.377761632	103.9573818
1.377761632	103.9573818
1.377762568	103.9581354
1.377762568	103.9581354
1.377762718	103.9573808
1.377786775	103.9566536
1.377786775	103.9566536
1.377788213	103.9566556
1.37778944	103.9596185
1.377836693	103.958187
1.377848054	103.9581861
1.377848054	103.9581861
1.377848274	103.9603802
1.377854023	103.9566934
1.377854087	103.9566964
1.377854087	103.9566964
1.377856296	103.9570896
1.377857772	103.9582481
1.377858811	103.9582469
1.377858811	103.9582469
1.377858811	103.9582469
1.377864554	103.9583983
1.377870496	103.9609399
1.377889667	103.9584608
1.37789202	103.9615449
1.377916424	103.958523
1.377929135	103.9567229
1.377929135	103.9567229
1.377929984	103.9567263
1.377943536	103.9585861
1.377949322	103.9599671
1.37799686	103.956759
1.377997244	103.9567606
1.377997244	103.9567606
1.378072604	103.9567918
1.378074453	103.9567902
1.378074453	103.9567902
1.378122176	103.9602343
1.378138844	103.9568235
1.37813946	103.9568233
1.37813946	103.9568233
1.378155426	103.9617044
1.378167404	103.9572482
1.378210864	103.956856
1.378212504	103.9568573
1.378212504	103.9568573
1.378240837	103.9583071
1.378267737	103.9583567
1.378276883	103.9568828
1.378279359	103.9568869
1.378279359	103.9568869
1.378283036	103.9584109
1.378285036	103.9577946
1.378293806	103.9591356
1.378296496	103.9584608
1.3783094	103.9585797
1.378311827	103.958515
1.378349269	103.9569246
1.378349857	103.9565914
1.378350976	103.9562951
1.37835335	103.9569228
1.37835335	103.9569228
1.37835335	103.9569228
1.378368258	103.9577854
1.378371651	103.9595817
1.378379954	103.960914
1.378423536	103.9595578
1.378438367	103.9581745
1.378440303	103.9583847
1.378462531	103.9574886
1.378468437	103.9589526
1.378472791	103.9613125
1.378475103	103.9595346
1.378477194	103.9581793
1.37848367	103.9582192
1.378509038	103.9572282
1.378510493	103.9583985
1.378521777	103.9595132
1.378527642	103.9592614
1.378532009	103.9596843
1.378573214	103.9594896
1.378601428	103.9570092
1.378606454	103.9569128
1.378606454	103.9569128
1.378607889	103.9569147
1.378608051	103.9570885
1.378613021	103.957012
1.378613021	103.957012
1.378617147	103.9570887
1.378617147	103.9570887
1.378617446	103.9616654
1.37862023	103.959468
1.378670748	103.9594446
1.378717087	103.9594236
1.378768759	103.9594002
1.378794488	103.959947
1.37881519	103.9593787
1.378866083	103.9593555
1.378898539	103.9596288
1.378918222	103.9593322
1.378976394	103.9593486
1.378978995	103.9481448
1.378989927	103.9608535
1.379014135	103.9613862
1.379025451	103.9601245
1.379025665	103.9603597
1.379054822	103.9610977
1.379089887	103.9605585
1.379094692	103.9613715
1.379127179	103.9554448
1.379168557	103.9583176
1.379168557	103.9583176
1.379168558	103.9583176
1.379185945	103.9617053
1.379215414	103.9613399
1.379244734	103.9616903
1.379273177	103.9613252
1.37931114	103.9616721
1.379328757	103.9607524
1.379371639	103.9616554
1.379386904	103.9612905
1.379391952	103.9636877
1.379437086	103.9609789
1.379438228	103.9616373
1.379446088	103.9612742
1.37947386	103.9634293
1.379498066	103.9642719
1.379498814	103.9616214
1.379527826	103.9634163
1.379551022	103.9642636
1.379559669	103.9612429
1.379569451	103.9616138
1.379585231	103.9634051
1.379603959	103.9642581
1.37962023	103.9612263
1.379643595	103.9633922
1.379660273	103.9642535
1.379698673	103.9633779
1.37971249	103.9484715
1.379715075	103.9642482
1.379735238	103.9622399
1.379753199	103.9633639
1.3797606	103.9630779
1.379769258	103.9642444
1.379805403	103.963351
1.379823189	103.9642392
1.37984895	103.9633277
1.379867967	103.9624531
1.379876325	103.9642353
1.379894649	103.962744
1.37989465	103.962744
1.379914787	103.960688
1.379930084	103.9642298
1.37993368	103.9633329
1.379951081	103.9629881
1.379956427	103.9603316
1.379985613	103.9642243
1.379988092	103.9633199
1.380010372	103.9641771
1.380015932	103.9609716
1.380045264	103.9633084
1.380050796	103.9639001
1.380103671	103.9632949
1.380135934	103.9642159
1.380145073	103.959287
1.380158422	103.9629837
1.380158537	103.9632801
1.380177501	103.9551507
1.38019002	103.9642093
1.380211765	103.9632687
1.380224537	103.9644461
1.380244361	103.9642041
1.38026416	103.9632571
1.380290809	103.9646746
1.380298313	103.9642011
1.380332109	103.9607182
1.380351113	103.9641943
1.38035718	103.9627122
1.38040646	103.9641899
1.380460151	103.9641846
1.380472225	103.9603661
1.380488678	103.961671
1.380513695	103.9641806
1.380559531	103.9611531
1.380570496	103.9641766
1.380610083	103.9606589
1.380626065	103.9641697
1.380669644	103.9631299
1.380681997	103.9622305
1.380836996	103.9615531
1.38090162	103.9634432
1.380910379	103.9627956
1.380921886	103.9637948
1.381006733	103.9641215
1.381096046	103.962975
1.381252403	103.9633005
1.38128931	103.9644926
1.381301781	103.9638285
1.3813942	103.9642029
1.381466596	103.9647793
1.381641685	103.9484734
1.384184509	103.946326
1.384282904	103.9460981
1.384578327	103.9456792
1.384938409	103.9425968
1.384947036	103.9434462
1.384947036	103.9434462
1.385153519	103.9447249
1.385170122	103.9440896
1.385184438	103.9444908
1.385245356	103.9419387
1.385359132	103.9444886
1.38551993	103.9424065
1.385520881	103.9423523
1.385775124	103.941599
1.385805625	103.9416732
1.385848541	103.9414449
1.385877678	103.9413429
1.385887635	103.9417561
1.385983986	103.9418046
1.38631713	103.9417826
1.386331246	103.9413865
1.386437017	103.9414193