1.379047231	103.8628945
1.379059385	103.8629483
1.379072574	103.863001
1.379085456	103.863054
1.379098592	103.8631062
1.379110328	103.8631587
1.37912366	103.8632109
1.379136401	103.8632633
1.379149652	103.8633148
1.379161467	103.8633671
1.379174085	103.8634199
1.379187639	103.8634719
1.379199368	103.863524
1.379212669	103.8635759
1.37922528	103.8636283
1.379237927	103.8636806
1.379255637	103.8637682
1.379268701	103.8638196
1.379281593	103.8638715
1.379294184	103.8639246
1.379306655	103.8639772
1.379318713	103.8640293
1.37933224	103.8640814
1.379345089	103.8641337
1.37935724	103.8641856
1.37936999	103.8642375
1.379382179	103.86429
1.379394964	103.8643424
1.379403913	103.8627871
1.379407802	103.8643943
1.379417166	103.8628398
1.37941995	103.8644466
1.379428996	103.8628925
1.379433801	103.8644987
1.379436451	103.8646071
1.379442536	103.8629445
1.379454612	103.8629964
1.379467338	103.8630482
1.379479533	103.8631007
1.379492655	103.8631531
1.379505543	103.8632054
1.379517887	103.863258
1.379528041	103.8650743
1.379530725	103.8633099
1.379543008	103.8651498
1.379543309	103.8633621
1.37954921	103.8652019
1.379555348	103.8634145
1.379559086	103.8652692
1.379565288	103.8653213
1.379568841	103.8634659
1.379573191	103.8653939
1.379577238	103.8654461
1.379578722	103.8655137
1.379580245	103.863518
1.379581197	103.8655661
1.379589894	103.8656454
1.379592621	103.8656978
1.379593786	103.8635701
1.379598467	103.8657658
1.37960079	103.8658182
1.379603059	103.8658845
1.379605383	103.8659368
1.379606348	103.8636226
1.379611237	103.8660051
1.379613561	103.8660575
1.37961669	103.8627252
1.37961714	103.8637447
1.379618127	103.8661284
1.379618256	103.8636748
1.37962045	103.8661808
1.379630363	103.8627797
1.379643233	103.8628325
1.379655959	103.8628846
1.379656289	103.8663786
1.379658629	103.8664935
1.3796646	103.8664395
1.379668569	103.8629363
1.379668895	103.8665537
1.379671746	103.8666073
1.379676262	103.8663139
1.379678573	103.8666682
1.379681283	103.8629883
1.379682189	103.8667221
1.379688804	103.8667885
1.379689162	103.8670429
1.379691924	103.8670977
1.379694179	103.8630412
1.379694947	103.8671597
1.379706956	103.8630935
1.379719689	103.8631457
1.37972008	103.8672584
1.379727398	103.8646764
1.37973247	103.863198
1.379745024	103.8632495
1.379749151	103.8642699
1.379754782	103.8641938
1.379755258	103.8645153
1.379758075	103.8633024
1.379759662	103.8634628
1.379765355	103.8633656
1.379789117	103.8644777
1.379798187	103.86996
1.379801986	103.8700158
1.379804399	103.8700682
1.379804728	103.8641277
1.379806891	103.8701234
1.379809458	103.870176
1.37981191	103.8702313
1.379812281	103.8652803
1.379812306	103.8652274
1.379812338	103.8651801
1.379812386	103.8651268
1.379814108	103.8702838
1.379814273	103.8655649
1.37981455	103.8653659
1.379814557	103.8656175
1.37981469	103.8654175
1.379814736	103.8654646
1.379814878	103.8655176
1.379815031	103.8658916
1.379815308	103.8656926
1.379815315	103.8659442
1.379815342	103.866183
1.379815367	103.8661301
1.379815399	103.8660828
1.379815446	103.8660295
1.379815448	103.8657442
1.379815494	103.8657913
1.379815636	103.8658443
1.379816855	103.870339
1.379819254	103.8703915
1.379819551	103.8644374
1.379821681	103.8704467
1.3798229	103.8705013
1.379826948	103.8705921
1.379829573	103.8706492
1.379833693	103.8707429
1.379836462	103.8707999
1.379840647	103.8708937
1.379840798	103.8640628
1.379843299	103.8709507
1.379849719	103.8710446
1.379852156	103.8710973
1.379854662	103.8711525
1.379857051	103.871205
1.379859542	103.8712602
1.379861938	103.8713127
1.379862284	103.8643809
1.379864432	103.871368
1.379866828	103.8714205
1.379869163	103.8640003
1.379869322	103.8714757
1.379871718	103.8715282
1.379874213	103.8715834
1.379876605	103.8716359
1.37987916	103.8716911
1.379881412	103.8717438
1.379885806	103.8718405
1.379888227	103.8718938
1.379892733	103.8719931
1.379894432	103.8643383
1.37989515	103.8720465
1.37989538	103.8639393
1.379899661	103.8721457
1.379902078	103.8721991
1.379906584	103.8722984
1.379909009	103.8723517
1.379913436	103.8724483
1.379915873	103.872501
1.37991838	103.8725563
1.379920416	103.8638785
1.379920766	103.8726087
1.379923259	103.872664
1.379925644	103.8727165
1.379928151	103.8727717
1.379930545	103.8728242
1.379933062	103.8728795
1.379935397	103.8729322
1.379939006	103.8642793
1.379939649	103.8730262
1.379942086	103.8730788
1.379944591	103.8731341
1.379946973	103.8731865
1.379947107	103.8638171
1.379949492	103.8732418
1.379951852	103.8673963
1.379951873	103.8732943
1.379952487	103.8673132
1.379954369	103.8733495
1.379955555	103.8652773
1.379955701	103.8672605
1.379955937	103.8652244
1.379956268	103.8651771
1.379956415	103.865944
1.379956614	103.8658442
1.379956631	103.8651238
1.379956762	103.873402
1.379956973	103.8658915
1.379957032	103.8657911
1.379957074	103.8661834
1.379957322	103.865744
1.379957456	103.8661305
1.379957731	103.8656924
1.379957787	103.8660832
1.379958149	103.8660299
1.379958245	103.8671984
1.379958714	103.8656165
1.379958912	103.8655167
1.379959256	103.8734573
1.379959271	103.865564
1.37995933	103.8654636
1.379959621	103.8654165
1.37996003	103.8653649
1.379960364	103.8671455
1.37996055	103.8663765
1.379961626	103.87351
1.379962915	103.8670835
1.379963142	103.8663202
1.379965655	103.8670256
1.379969211	103.87377
1.379971015	103.864237
1.37997275	103.8667869
1.379972883	103.8738246
1.379973687	103.8637555
1.379975385	103.8667224
1.379975434	103.8738798
1.379977794	103.8739323
1.379977815	103.8666688
1.379978847	103.8626125
1.379980345	103.8739875
1.379980592	103.8666075
1.379982715	103.87404
1.379982991	103.866554
1.379985286	103.8740952
1.379985734	103.8664927
1.379987681	103.8741478
1.379988068	103.8664393
1.379990251	103.874203
1.379991523	103.8742577
1.379991651	103.8626674
1.379995672	103.8743463
1.379999345	103.8744009
1.379999962	103.8636932
1.380001924	103.8744561
1.380004053	103.8627194
1.380004331	103.8745086
1.380006845	103.8745638
1.380009209	103.8746164
1.38001179	103.8746715
1.380013598	103.8628473
1.380014179	103.8747241
1.380016299	103.8627724
1.380016713	103.8747793
1.380017203	103.8641708
1.380018061	103.874834
1.380022099	103.8749226
1.380025592	103.8636321
1.3800258	103.8749772
1.380028285	103.8750324
1.380030688	103.875085
1.380033283	103.8751401
1.380035662	103.8751927
1.380036918	103.8641242
1.380038284	103.8752479
1.380040636	103.8753004
1.380043162	103.8753556
1.38004447	103.8754102
1.380046721	103.8755048
1.380049224	103.8755577
1.3800517	103.875613
1.380051743	103.8635709
1.380054149	103.8756654
1.380056618	103.8757207
1.380056686	103.8640776
1.380057852	103.8647881
1.380059014	103.8757732
1.380061581	103.8758284
1.380063936	103.8758809
1.380066529	103.8759451
1.380066949	103.8647397
1.380075896	103.8646921
1.38007625	103.8640314
1.380079543	103.8635083
1.380094272	103.8645935
1.380095589	103.8639858
1.380104708	103.8634438
1.38010977	103.8645426
1.380131136	103.8644723
1.380146654	103.8644213
1.380146743	103.8633449
1.380153982	103.8699429
1.380155474	103.8699988
1.380157828	103.8700514
1.380160397	103.8701065
1.380162735	103.8701591
1.380165425	103.8702141
1.38016736	103.8702666
1.380167951	103.8643513
1.380170103	103.8661385
1.380170186	103.870322
1.380172516	103.8703745
1.380174363	103.8660858
1.380175013	103.8704297
1.380175667	103.863282
1.380178183	103.8660386
1.38017848	103.8704841
1.3801825	103.8659855
1.380182521	103.870572
1.380183435	103.8643004
1.380184012	103.8706266
1.380186501	103.8706818
1.380188895	103.8707343
1.380189983	103.8658986
1.380191427	103.8707895
1.380193783	103.870842
1.380194724	103.8658447
1.380196254	103.8708972
1.380196987	103.8710414
1.380198415	103.8648133
1.380198674	103.8657977
1.380199332	103.871094
1.380199808	103.8709517
1.380201792	103.8632204
1.38020184	103.8711493
1.380203133	103.8657443
1.380204222	103.8712018
1.38020673	103.871257
1.38020776	103.8647636
1.380208385	103.8656977
1.380209112	103.8713095
1.38021162	103.8713648
1.380212611	103.8656439
1.380212969	103.8642193
1.380214002	103.8714172
1.38021651	103.8714725
1.380216897	103.8655979
1.380217051	103.8647142
1.380218892	103.871525
1.3802214	103.8715802
1.380221521	103.865545
1.380223782	103.8716327
1.380225227	103.8654982
1.38022629	103.871688
1.38022688	103.8641736
1.380228251	103.8631589
1.380228728	103.8717406
1.380229934	103.8654442
1.380232831	103.871831
1.380234799	103.8653969
1.380235175	103.8718837
1.380237683	103.8719389
1.380239274	103.8653438
1.380240065	103.8719914
1.380240917	103.8641274
1.380242573	103.8720467
1.380244955	103.8720991
1.38024552	103.8646043
1.380245919	103.8652495
1.380247463	103.8721544
1.380249845	103.8722069
1.380250179	103.8651968
1.380252353	103.8722621
1.380254	103.8651497
1.380254116	103.8630976
1.380254735	103.8723146
1.380255122	103.8640807
1.380257243	103.8723699
1.380258316	103.8650965
1.380259703	103.8724224
1.380260223	103.8645559
1.380262063	103.8724777
1.380264572	103.8725303
1.380268854	103.8726246
1.380269346	103.8640339
1.380271198	103.8726773
1.380273706	103.8727326
1.380274907	103.8645077
1.380276089	103.872785
1.380278596	103.8728403
1.380280516	103.8630359
1.380280978	103.8728928
1.380283488	103.872948
1.380285868	103.8730005
1.380288378	103.8730558
1.380289536	103.8644596
1.380290757	103.8731082
1.380293253	103.8731635
1.380295632	103.873216
1.380298154	103.8732712
1.380300594	103.8733239
1.380304189	103.8644114
1.380306767	103.8629743
1.380310363	103.8661494
1.380314464	103.8660966
1.380318123	103.8660495
1.380318882	103.8643631
1.380319846	103.8674376
1.380321957	103.8673813
1.380322236	103.8659963
1.38032272	103.873756
1.380324949	103.8673198
1.380325336	103.8738087
1.380325854	103.8659098
1.380327627	103.8672668
1.380327836	103.873864
1.380330241	103.8739164
1.380330377	103.8672049
1.380330873	103.8658559
1.380332784	103.8739717
1.38033298	103.8671519
1.380333235	103.8629122
1.3803352	103.8740242
1.380335431	103.865809
1.380335785	103.8670904
1.380337731	103.8740794
1.380338657	103.867035
1.380340148	103.8741319
1.380340636	103.8657557
1.380342704	103.8741871
1.380343852	103.8657089
1.380345141	103.8742397
1.380345682	103.864261
1.380349359	103.8656552
1.380349504	103.8743321
1.380351838	103.874385
1.380353404	103.8656092
1.380354372	103.8744403
1.380356772	103.8744928
1.380358366	103.8655563
1.380359301	103.874548
1.380359455	103.8667254
1.380359593	103.8642153
1.380360134	103.8666711
1.380361164	103.8628504
1.380361441	103.866787
1.380361725	103.8746005
1.380362508	103.8666097
1.380362731	103.8700707
1.380363128	103.8655096
1.380364255	103.8746557
1.380364414	103.8665562
1.380366269	103.8701253
1.380366677	103.8747082
1.380367065	103.8664949
1.380368204	103.8654556
1.380368778	103.8701806
1.380369198	103.8747635
1.380371166	103.8702332
1.380371655	103.874816
1.3803719	103.8654083
1.38037363	103.8641691
1.380373675	103.8702885
1.380375901	103.8749085
1.380376063	103.8703412
1.380377041	103.8653553
1.380378229	103.8749614
1.380378572	103.8703965
1.380380723	103.8750166
1.38038096	103.8704491
1.380383038	103.8664409
1.380383132	103.8750691
1.380383425	103.8705044
1.380385722	103.8751243
1.380385858	103.8705571
1.380386375	103.8627898
1.380387836	103.8641224
1.380388163	103.8751768
1.380388366	103.8706124
1.380389625	103.8652615
1.380389783	103.870667
1.380390631	103.8752321
1.380392256	103.8648496
1.380393035	103.8752845
1.380393694	103.862528
1.380393726	103.8652088
1.380393778	103.8707551
1.380395537	103.8753398
1.380397316	103.8708096
1.380397386	103.8651616
1.380398005	103.8753924
1.380399825	103.8708649
1.380401498	103.8651085
1.380401647	103.8647995
1.380402059	103.8640757
1.380402213	103.8709176
1.380402507	103.8754891
1.380404722	103.8709729
1.380404773	103.8755417
1.380405346	103.8663813
1.38040711	103.8710255
1.38040733	103.875597
1.380408762	103.8663242
1.380409619	103.8710808
1.380409763	103.8756495
1.380410872	103.8647503
1.380412007	103.8711335
1.380412264	103.8757047
1.380412701	103.8627291
1.380414516	103.8711888
1.380414679	103.8757572
1.380416903	103.8712414
1.380417211	103.8758124
1.380419412	103.8712967
1.380419631	103.8758649
1.3804218	103.8713493
1.380424309	103.8714046
1.380425726	103.8714593
1.380432809	103.8646499
1.380438033	103.8626657
1.380439457	103.8715472
1.380441915	103.8716033
1.380445023	103.8646007
1.380445724	103.8716971
1.3804485	103.8717533
1.380450736	103.8625751
1.380452012	103.8759312
1.380452772	103.8718436
1.380454106	103.8718988
1.380456203	103.8719529
1.380457226	103.8645515
1.380458673	103.8720069
1.380461168	103.8720607
1.380463627	103.8721144
1.38046587	103.8721682
1.3804685	103.8722221
1.380469237	103.8645031
1.380470629	103.8722761
1.380473181	103.8723299
1.380475541	103.8723837
1.380478093	103.8724377
1.380480265	103.8724916
1.38048134	103.8644544
1.380484261	103.8725462
1.380485033	103.872638
1.380489916	103.8726913
1.380493554	103.8644052
1.380493706	103.872785
1.380497252	103.8728395
1.380499689	103.8728927
1.380502179	103.8729472
1.380504615	103.8730005
1.380507106	103.8730549
1.380507917	103.8661711
1.380509543	103.8731082
1.380512033	103.8731626
1.38051447	103.8732159
1.380514519	103.8643194
1.38051696	103.8732703
1.380517636	103.8661185
1.380519397	103.8733236
1.380521887	103.8733781
1.380524277	103.8734313
1.380526982	103.8734851
1.380527479	103.8660726
1.380529102	103.8642715
1.380535807	103.8636326
1.380537006	103.8660194
1.380537223	103.8648765
1.38053737	103.8737455
1.380539947	103.8738
1.380542379	103.8738532
1.380543738	103.8642235
1.380544868	103.8739077
1.380545821	103.8659741
1.380546614	103.8648263
1.380547307	103.8739609
1.380549794	103.8740154
1.38055223	103.8740686
1.380554719	103.8741231
1.380555659	103.8659219
1.380555839	103.8647771
1.380557158	103.8741763
1.380558345	103.8641755
1.380559638	103.8742308
1.380562103	103.8742841
1.380563978	103.8658757
1.380565037	103.8743381
1.3805689	103.8744313
1.380571317	103.8744858
1.380573146	103.8641269
1.380573753	103.874539
1.380574006	103.8658224
1.38057624	103.8745936
1.380578675	103.8746468
1.38058019	103.8646667
1.380581166	103.8747013
1.380583519	103.8657759
1.380583601	103.8747545
1.38058609	103.874809
1.380588528	103.8748622
1.380591036	103.8749167
1.380591306	103.8674841
1.380592371	103.8646176
1.380593227	103.8657235
1.380593487	103.8749699
1.380595996	103.8750244
1.380599612	103.8674238
1.380599618	103.8674238
1.380603031	103.8656497
1.380603898	103.8751189
1.380604459	103.8645689
1.380606704	103.8751748
1.380608413	103.8673033
1.380609118	103.875228
1.380611725	103.8752825
1.38061306	103.8655964
1.380613063	103.8672479
1.380614097	103.8753357
1.380616624	103.8645199
1.380616641	103.8753902
1.380619036	103.8754434
1.38062158	103.8754979
1.380622573	103.8655499
1.380622843	103.8671268
1.380623996	103.8755511
1.380626457	103.8756057
1.380627833	103.8670657
1.38062891	103.8756589
1.380628952	103.8644702
1.380631442	103.8757134
1.380632281	103.8654975
1.380633874	103.8757666
1.380636602	103.8758213
1.380640413	103.8759168
1.380643019	103.8759742
1.380647122	103.8654225
1.380655477	103.8643618
1.380656961	103.8653703
1.38066018	103.8668072
1.38066528	103.8653241
1.380665671	103.8667457
1.38067006	103.8643139
1.380675308	103.8652708
1.380677598	103.8666278
1.380682767	103.8665687
1.380684696	103.8642659
1.380684821	103.8652243
1.38069453	103.8651719
1.380696462	103.8664496
1.380699303	103.8642179
1.38070253	103.866389
1.380714104	103.8641693
1.380716523	103.8699494
1.380717941	103.8700041
1.380720449	103.8700594
1.380722837	103.870112
1.380725346	103.8701673
1.380727734	103.87022
1.380730193	103.8702753
1.380732685	103.8703279
1.380735171	103.8703832
1.380737482	103.8704358
1.380740051	103.8704912
1.380742425	103.8705438
1.38074517	103.8705993
1.380746975	103.8693937
1.380748283	103.8706539
1.380750848	103.8693423
1.380752432	103.8649157
1.380752648	103.8707424
1.380753884	103.8707964
1.380755573	103.869282
1.380756393	103.8708517
1.38075878	103.8709043
1.380759692	103.8692295
1.380761289	103.8709596
1.380761752	103.8648662
1.380762337	103.8680139
1.380763677	103.8710122
1.380764416	103.8691692
1.380766186	103.8710675
1.380768535	103.8691166
1.380768574	103.8711202
1.380771083	103.8711755
1.380771084	103.8648167
1.380773265	103.8690563
1.380773471	103.8712281
1.38077598	103.8712834
1.380777434	103.869005
1.380778368	103.8713361
1.380780877	103.8713914
1.380784116	103.8647476
1.380784415	103.8714459
1.380787402	103.8688778
1.380789777	103.8715292
1.380791275	103.8688264
1.38079277	103.8715947
1.38079345	103.8646981
1.380794452	103.8718293
1.380795716	103.868768
1.380796442	103.8716782
1.380797253	103.8630279
1.380797553	103.8718846
1.380799372	103.8717437
1.380800023	103.8719385
1.380800422	103.8687097
1.380802415	103.8719923
1.380802758	103.8646488
1.38080454	103.8686571
1.380804801	103.8720462
1.380807254	103.8721
1.380809268	103.8685968
1.380809643	103.8721539
1.380811997	103.8722078
1.380812079	103.8645993
1.380813439	103.8685455
1.380814466	103.8722617
1.380816968	103.8723156
1.380819178	103.8622218
1.380819255	103.8723694
1.380821471	103.8645495
1.380821673	103.8724232
1.380822845	103.8684254
1.380824098	103.8724771
1.38082588	103.8725325
1.38082672	103.8683741
1.380830795	103.8645
1.380831444	103.8683138
1.380833827	103.8726241
1.380835563	103.8682612
1.38083619	103.8726757
1.380840288	103.8682009
1.380840968	103.8727694
1.380843037	103.8728233
1.380844406	103.8681483
1.380845632	103.8644214
1.380846241	103.8728777
1.380848677	103.872931
1.380849131	103.868088
1.380851169	103.8729854
1.380853304	103.8680367
1.380853605	103.8730387
1.38085485	103.8643725
1.380856096	103.8730931
1.380858532	103.8731464
1.380861023	103.8732009
1.380863459	103.8732541
1.380864163	103.8643231
1.38086595	103.8733086
1.380868387	103.8733618
1.380870877	103.8734163
1.38087336	103.8734695
1.380873609	103.864273
1.380883031	103.864223
1.380886537	103.8622683
1.38088678	103.8737304
1.380889172	103.8737835
1.380891652	103.8738381
1.380894063	103.8738912
1.380896576	103.8739458
1.380898993	103.8739989
1.380901502	103.8740535
1.380903927	103.8741066
1.380906422	103.8741613
1.380908843	103.8742143
1.380911356	103.874269
1.380913808	103.874322
1.380916269	103.8743767
1.38091872	103.8744298
1.380921204	103.8744844
1.380924572	103.8745388
1.380928588	103.8746266
1.380931177	103.8746825
1.380935183	103.8747703
1.380937738	103.8748261
1.380941732	103.8749139
1.380944322	103.8749697
1.380944896	103.8674612
1.38095168	103.8750608
1.380953412	103.8751152
1.380955898	103.8751699
1.380958324	103.875223
1.380960824	103.8752776
1.380963251	103.8753307
1.380965766	103.8753853
1.380968193	103.8754384
1.380970683	103.875493
1.380973115	103.8755461
1.3809756	103.8756008
1.380978037	103.8756538
1.380980537	103.8757085
1.380983762	103.8757629
1.380987832	103.8758516
1.380990383	103.8759074
1.380995162	103.8618837
1.381001135	103.8674685
1.381019313	103.8603463
1.381026089	103.8623201
1.381033412	103.8737966
1.381046757	103.8670952
1.381052429	103.8670311
1.381053387	103.8638054
1.381053459	103.8727497
1.381054899	103.8666568
1.381055433	103.872805
1.381057649	103.872859
1.381059866	103.872913
1.381062081	103.8729669
1.381062835	103.8674749
1.381064295	103.8730208
1.381066502	103.8730746
1.381068718	103.8731285
1.381070932	103.8731825
1.381071429	103.8619138
1.381073149	103.8732365
1.381074341	103.866467
1.381074423	103.8604224
1.381075363	103.8732904
1.381077583	103.8733445
1.381079797	103.8733984
1.38108231	103.8734534
1.381087993	103.8623446
1.381090031	103.8737929
1.381114836	103.8674814
1.381125766	103.8669228
1.381131402	103.8668569
1.381144457	103.8737906
1.38116777	103.869518
1.381174821	103.8600726
1.381179408	103.8694678
1.381191829	103.861963
1.381192902	103.8694088
1.381198738	103.8737883
1.381204665	103.8693574
1.381205571	103.8602545
1.381206688	103.8601213
1.381206923	103.8688696
1.381211154	103.868817
1.381215411	103.8687597
1.381218158	103.8692984
1.381220769	103.8687002
1.381222804	103.8623929
1.381224782	103.8686479
1.381226582	103.8604577
1.381229902	103.8685872
1.381229922	103.8692469
1.381233825	103.8615073
1.381234251	103.8685349
1.381239116	103.8684742
1.381241044	103.8605341
1.381243378	103.8684223
1.381243417	103.8691879
1.381246553	103.8619911
1.381248441	103.8683615
1.38125246	103.8683094
1.381252875	103.8737861
1.381254756	103.8691377
1.381267636	103.8667031
1.381281614	103.8605814
1.381283769	103.8665048
1.381290965	103.861545
1.381295222	103.8624158
1.381297547	103.8620253
1.381298954	103.8666455
1.38130205	103.860202
1.381306436	103.8610894
1.381307052	103.8737838
1.381307943	103.8673862
1.381314742	103.8664478
1.381323992	103.8606216
1.381335063	103.8602502
1.381335079	103.8673359
1.38134655	103.8620589
1.381346902	103.8611319
1.381358375	103.864247
1.381361427	103.8737815
1.381365944	103.8672834
1.381369397	103.8606644
1.381374087	103.8616518
1.381376766	103.8611873
1.381379871	103.8641991
1.381388664	103.8641485
1.381391332	103.8672339
1.381397996	103.8620924
1.381402365	103.8727355
1.381404935	103.8727908
1.381407151	103.8728447
1.381409367	103.8728987
1.381409425	103.8641021
1.381411425	103.8607051
1.381411582	103.8729527
1.381413796	103.8730066
1.381416004	103.8730604
1.381418092	103.8640525
1.381418219	103.8731143
1.3814186	103.8737801
1.381419426	103.8695743
1.381420434	103.8731682
1.38142265	103.8732222
1.381424304	103.8616833
1.381424865	103.8732761
1.381427085	103.8733302
1.381429298	103.8733841
1.381430106	103.8624739
1.381430676	103.8695242
1.381431304	103.8734391
1.381432381	103.8630431
1.381436833	103.8612135
1.38143837	103.8640057
1.381444112	103.8694651
1.381447475	103.8639561
1.381447611	103.8621255
1.381451826	103.8671324
1.381452358	103.8603372
1.381455782	103.8694137
1.381456305	103.8607481
1.381467979	103.8639101
1.381469219	103.8693546
1.381469898	103.8676377
1.381475988	103.8617171
1.381476523	103.8682231
1.381476582	103.8638601
1.381478304	103.8612516
1.381480889	103.8693033
1.381482677	103.8670797
1.381489215	103.8603859
1.38149286	103.8674948
1.381494324	103.8692441
1.381495263	103.8624989
1.381497451	103.8638138
1.381500152	103.8621586
1.38150542	103.8737735
1.381505872	103.869194
1.381506043	103.8637636
1.381507997	103.8607836
1.381512524	103.8670271
1.381520921	103.8675503
1.381521745	103.8617544
1.381524712	103.8612955
1.381526646	103.8637172
1.381529806	103.8663948
1.381540327	103.8669801
1.381546662	103.8621953
1.381553295	103.864291
1.38155427	103.863673
1.381555854	103.8694311
1.381562276	103.8642393
1.38156518	103.8737711
1.381565666	103.8613342
1.381570204	103.8669273
1.381576051	103.8599142
1.381582889	103.864193
1.381584154	103.8617731
1.38158768	103.8636303
1.381590402	103.8733403
1.381591816	103.8641428
1.38159738	103.86688
1.381604672	103.8762766
1.381605093	103.8622521
1.381606162	103.8599709
1.381609048	103.8604751
1.381609871	103.8663339
1.381611453	103.8613798
1.381612217	103.8640963
1.381620949	103.8640467
1.381621025	103.863588
1.381623984	103.8608246
1.381624308	103.8614564
1.381627558	103.8668277
1.381631374	103.8673321
1.381632981	103.8609059
1.381638262	103.8617976
1.381639998	103.8605224
1.381641601	103.8640003
1.381651232	103.8639482
1.3816541	103.8635452
1.381654748	103.8667803
1.381657999	103.8600042
1.381667078	103.8597297
1.381668917	103.8687726
1.381672339	103.8672593
1.381673968	103.8643273
1.381677959	103.8618504
1.381680625	103.8609461
1.381684357	103.8762897
1.381685199	103.8667274
1.381687558	103.8635027
1.381690304	103.8689256
1.381695404	103.8642794
1.381699044	103.867213
1.381703315	103.8765111
1.381703315	103.8765111
1.381703429	103.8638115
1.381704083	103.8642294
1.381714045	103.8666766
1.381717744	103.8662546
1.381719594	103.8759335
1.381720506	103.8634601
1.381722451	103.8609871
1.381722538	103.8682055
1.381724653	103.864183
1.381731138	103.8597933
1.381732587	103.8637659
1.381733438	103.8641331
1.381737534	103.8618667
1.381747	103.8615005
1.381751806	103.8626056
1.381752378	103.8606036
1.381754154	103.8634177
1.381754292	103.8640868
1.381758795	103.8671031
1.381762771	103.8640369
1.381765894	103.860097
1.381765985	103.8637234
1.381770045	103.8610282
1.38177831	103.8619182
1.381783768	103.8639882
1.381787406	103.8633749
1.381788124	103.8615365
1.381796847	103.8661944
1.381797802	103.868953
1.381799217	103.8636808
1.381799863	103.8757029
1.381800314	103.8601449
1.381803587	103.8762809
1.381804469	103.8687347
1.381809831	103.8606401
1.381810423	103.8610705
1.381810855	103.8669992
1.381813903	103.8626329
1.381820623	103.863332
1.381822062	103.8758595
1.381832336	103.8636382
1.381833935	103.8615787
1.381836203	103.8638515
1.381839825	103.8660534
1.381843096	103.8696693
1.381844745	103.8619414
1.381849926	103.8660002
1.381854064	103.8632896
1.381854666	103.8696191
1.381856379	103.8611125
1.381860708	103.8659436
1.381865495	103.863806
1.381865659	103.8635955
1.381868092	103.8695601
1.381870581	103.865893
1.381870929	103.8754959
1.381871025	103.8754958
1.381873184	103.8643566
1.381873752	103.8756344
1.381877921	103.8616174
1.381879788	103.8695086
1.381880981	103.8607287
1.381881307	103.8658363
1.381882518	103.8643046
1.381884163	103.8762945
1.381886563	103.8611513
1.381887428	103.8632474
1.381891199	103.8657849
1.381893215	103.8694496
1.381899158	103.8637635
1.381899237	103.8635531
1.381901753	103.8657295
1.381902476	103.8665563
1.381903076	103.8642579
1.381904909	103.8693982
1.381910879	103.8656745
1.381911969	103.8642086
1.38191579	103.8623344
1.381916588	103.8754176
1.381918335	103.8693391
1.381921364	103.8632012
1.381923103	103.86166
1.381926537	103.8599281
1.381927655	103.8655881
1.381929607	103.8692889
1.381931559	103.8602029
1.381931578	103.860769
1.381932153	103.8635105
1.38193241	103.8641625
1.381932457	103.8637209
1.38193438	103.8676352
1.381938299	103.8655346
1.381941061	103.8641125
1.381944398	103.8665252
1.381948859	103.8654783
1.381951732	103.8683116
1.381958574	103.8654267
1.381960932	103.8690034
1.381961713	103.8640662
1.381963777	103.8602506
1.381965623	103.863468
1.381965794	103.8636785
1.381966482	103.8616995
1.381966587	103.866813
1.381968463	103.8622799
1.381969132	103.8653706
1.381971345	103.8640141
1.381972811	103.8752865
1.381972906	103.8599604
1.381978794	103.8653187
1.381987218	103.86185
1.381987736	103.8752289
1.381989618	103.8652618
1.381989637	103.8664918
1.381992747	103.8688295
1.381994065	103.8643932
1.381998889	103.8634255
1.381999067	103.8636359
1.381999574	103.8652094
1.382009795	103.865154
1.382013098	103.8617412
1.382015548	103.8643454
1.382018506	103.8650995
1.382023127	103.8599952
1.382023972	103.8642954
1.382030865	103.8664597
1.382032331	103.863383
1.382032413	103.8612745
1.382032532	103.8635932
1.38203271	103.861182
1.382033179	103.8748289
1.382036755	103.8608473
1.382038078	103.875097
1.382044661	103.8642486
1.382048819	103.8750346
1.382050896	103.8745133
1.382050903	103.8638973
1.382053333	103.8617923
1.382053824	103.8641988
1.382057239	103.8649026
1.382060067	103.8744418
1.382060133	103.8749099
1.382061491	103.8667224
1.382062823	103.8743194
1.382063508	103.874712
1.382065646	103.8635505
1.382067127	103.8633409
1.382069106	103.8648473
1.382069414	103.8600278
1.382072137	103.8608932
1.382072524	103.8742479
1.382073824	103.8746314
1.382074326	103.8641528
1.382074956	103.8621694
1.382075331	103.8613147
1.382076259	103.8664265
1.382077693	103.8672495
1.382079493	103.8647916
1.382079948	103.8690296
1.382080018	103.8638517
1.382082294	103.874131
1.382082698	103.8641028
1.382083102	103.8697231
1.382085686	103.8739311
1.382087857	103.860314
1.382088328	103.8647394
1.382094373	103.8696729
1.382096228	103.8738587
1.382098552	103.8646833
1.382098628	103.8740493
1.382099009	103.8635082
1.382099285	103.8632939
1.382103638	103.8687783
1.382103809	103.864054
1.382107799	103.8696139
1.382108085	103.8646314
1.382113196	103.8638088
1.3821138	103.8737421
1.382118196	103.8645755
1.382119277	103.8603625
1.382119306	103.8663951
1.382119492	103.8695624
1.382119538	103.8600609
1.382121867	103.8736611
1.382129107	103.8613477
1.382129317	103.8645164
1.382129644	103.8735479
1.382130649	103.8621194
1.382132307	103.8634656
1.382132918	103.8695034
1.382136326	103.8734681
1.382141942	103.8733501
1.382143166	103.8625315
1.382144613	103.869452
1.382146557	103.86833
1.382146956	103.8637666
1.38215427	103.8732791
1.382158038	103.869393
1.382163357	103.8609782
1.382164817	103.861396
1.382165554	103.8634226
1.382165938	103.8600938
1.382169608	103.8693428
1.382179953	103.863724
1.38218367	103.8639373
1.382185093	103.864428
1.382186168	103.8676825
1.382194611	103.86248
1.382201176	103.8633785
1.38220149	103.8661779
1.382206503	103.8643794
1.382208899	103.8610156
1.382210935	103.8661262
1.382212288	103.8614363
1.3822123	103.8730468
1.382213313	103.8638918
1.382214917	103.8643294
1.382215786	103.8636798
1.382215999	103.8601278
1.382218339	103.8731322
1.382221495	103.8660699
1.382223944	103.8764109
1.382230994	103.8660183
1.382231847	103.8729438
1.382235819	103.8642835
1.382240032	103.8688288
1.382240718	103.8728538
1.382242425	103.8659623
1.382244303	103.864233
1.382246695	103.8638493
1.382246989	103.8620165
1.382250504	103.8666812
1.382250573	103.8663663
1.382251523	103.8659107
1.38225153	103.869069
1.38225338	103.8604198
1.382255737	103.8614757
1.382262754	103.8645364
1.382263019	103.8601599
1.382263517	103.8658545
1.382264395	103.872745
1.382265173	103.8641863
1.382266478	103.8760449
1.38226831	103.868349
1.382271075	103.8759873
1.382272387	103.875732
1.382272817	103.8641363
1.382275174	103.8657978
1.382276962	103.8759297
1.382279941	103.8638067
1.382282079	103.8669915
1.382283533	103.8758722
1.382283865	103.8726682
1.382287637	103.8657107
1.382293603	103.8604667
1.382296969	103.8656593
1.38229959	103.8725546
1.382302266	103.8615174
1.382303847	103.8756379
1.382306298	103.8666678
1.382306721	103.868825
1.382308095	103.862388
1.38230848	103.865603
1.382310105	103.8601903
1.382313249	103.8610973
1.382313249	103.8637641
1.382314754	103.8655511
1.382316192	103.8640972
1.382317201	103.8724733
1.382319637	103.8619646
1.382323675	103.8644498
1.38232668	103.8654951
1.382333069	103.8643982
1.382337764	103.8635894
1.382337806	103.8654441
1.382338354	103.8611489
1.382342099	103.8640523
1.382342996	103.8610434
1.382346116	103.865387
1.382348561	103.8637198
1.382349653	103.8723628
1.382349983	103.8672933
1.382350389	103.8615528
1.382353623	103.8643525
1.382356159	103.865336
1.382357466	103.8754884
1.382357994	103.8623423
1.38235904	103.8690965
1.382360249	103.8601852
1.382362239	103.8643025
1.382366539	103.8652794
1.382373716	103.8722865
1.382376901	103.8652245
1.382377903	103.8640107
1.382382979	103.8642562
1.382387802	103.8754111
1.38239153	103.8642061
1.382396059	103.8688431
1.382403154	103.8721761
1.382403967	103.8605356
1.382411121	103.8639684
1.382411688	103.8667684
1.382412264	103.8664946
1.382420276	103.8649966
1.382426737	103.8598166
1.38242745	103.8666922
1.38242969	103.8752613
1.382430084	103.8721017
1.38243115	103.8649452
1.382433386	103.8719779
1.382434067	103.8641664
1.382435072	103.8602174
1.382438574	103.8670309
1.382438893	103.8666225
1.382439607	103.8639205
1.382440189	103.8615648
1.382441023	103.8648888
1.382443027	103.8677376
1.382443235	103.8612229
1.38244782	103.87596
1.382450558	103.8683763
1.382451651	103.8648374
1.382451893	103.8664183
1.382453438	103.8662532
1.382457964	103.864121
1.382460088	103.8688575
1.382461931	103.8647811
1.382461937	103.8751686
1.382463864	103.8661982
1.382469815	103.8737315
1.382469957	103.862248
1.382470422	103.8747082
1.382470535	103.8605661
1.382472599	103.8647298
1.382473249	103.8661374
1.382476979	103.8719091
1.382480629	103.87463
1.382480942	103.8612673
1.382482173	103.8646733
1.382484974	103.8618278
1.382486118	103.8660832
1.382488213	103.8602541
1.382490018	103.8646192
1.382490224	103.8628416
1.382494838	103.8745118
1.382495766	103.8660275
1.382498745	103.8717172
1.382499353	103.8640739
1.382500222	103.8750453
1.382500625	103.8717967
1.382503938	103.8598003
1.382505115	103.865977
1.382514057	103.8698194
1.382514824	103.8659214
1.382519845	103.8744305
1.382524727	103.865871
1.382525453	103.8622049
1.382525606	103.8697692
1.382526584	103.8741214
1.38252813	103.8716042
1.382529087	103.8743119
1.382529576	103.8738431
1.382535222	103.8759426
1.382535341	103.8658156
1.382537916	103.8749667
1.382538394	103.8683932
1.382538694	103.8618997
1.38253901	103.8697102
1.382540837	103.871538
1.382541975	103.8742433
1.382544301	103.8657634
1.382545396	103.8740376
1.382547625	103.8714834
1.382548396	103.8597753
1.382550685	103.8696588
1.382552553	103.8736438
1.382555509	103.8673363
1.382558609	103.865678
1.382562471	103.8713849
1.382562952	103.8739196
1.382564088	103.8695997
1.382571146	103.8656234
1.382573336	103.8735234
1.382574428	103.8713047
1.382575763	103.8695483
1.382576931	103.8604414
1.382579031	103.8734621
1.382579685	103.8694304
1.382580847	103.8655681
1.382581461	103.8711855
1.382582966	103.8613453
1.382583751	103.8603199
1.382587192	103.8606623
1.382587431	103.8757645
1.382589166	103.8694893
1.382590293	103.8655173
1.382594417	103.8650053
1.382597925	103.8614151
1.382598361	103.8597471
1.382599026	103.8732546
1.382599978	103.8654619
1.382603668	103.8709927
1.382607574	103.8649355
1.38260976	103.8654114
1.38260988	103.873333
1.382612906	103.8643257
1.382612916	103.8711115
1.382613613	103.8709274
1.382618188	103.8643863
1.382619731	103.8644407
1.382620496	103.8653562
1.38262059	103.8756423
1.3826288	103.8607025
1.382629216	103.8648197
1.382629349	103.8653037
1.382629648	103.8671189
1.382631928	103.8644958
1.382634376	103.8645513
1.382636312	103.8621087
1.382636758	103.8730703
1.382638353	103.8603507
1.382640885	103.8731385
1.382642374	103.8647499
1.382642807	103.8597221
1.382651462	103.8708027
1.382656715	103.8673638
1.382659628	103.869298
1.382663088	103.8729405
1.382665738	103.8747029
1.382668833	103.8677619
1.382671801	103.8754881
1.382675053	103.8728776
1.382682371	103.8707354
1.382684047	103.8691904
1.382689475	103.8727577
1.38269177	103.870624
1.382692496	103.8746066
1.382692793	103.8596939
1.382695586	103.8754163
1.382696115	103.8620688
1.382699658	103.8763677
1.382701204	103.8608028
1.382707062	103.8744356
1.382711315	103.8765748
1.382711763	103.876494
1.382717731	103.8705407
1.382718759	103.8704216
1.382720715	103.874325
1.382721251	103.8762916
1.382723065	103.8726832
1.382724108	103.8725628
1.382733388	103.8688819
1.382738483	103.8604043
1.382739804	103.8742014
1.382740281	103.8596656
1.3827417	103.8650506
1.382743605	103.8703505
1.382745314	103.8760756
1.382748722	103.8741012
1.382749937	103.8702351
1.382752541	103.87248
1.382754856	103.8649808
1.382756598	103.8760009
1.382757515	103.8739717
1.382758431	103.8752906
1.38276056	103.8701685
1.382762503	103.8738839
1.38276757	103.8666265
1.3827757	103.8607479
1.382775967	103.8677999
1.382776922	103.8648637
1.382778819	103.8700453
1.382779108	103.8687548
1.382779267	103.8665631
1.382780472	103.8608184
1.382781495	103.875829
1.38278419	103.8758963
1.382785321	103.8737586
1.382786116	103.8604586
1.38278816	103.8736649
1.382790078	103.8647939
1.382793836	103.8742995
1.382796187	103.86647
1.382798284	103.8722865
1.382800903	103.8752047
1.382801483	103.8699718
1.382805861	103.8735409
1.382807935	103.8664066
1.382808579	103.8698553
1.382810811	103.8685705
1.382814918	103.873444
1.382816873	103.8683764
1.38281704	103.8609396
1.382818127	103.8646441
1.382818166	103.872371
1.3828207	103.8599494
1.382828524	103.8718168
1.382828874	103.8756994
1.382830046	103.8733357
1.38283206	103.8662629
1.382833686	103.8697855
1.382833727	103.8756458
1.38283804	103.8674023
1.382840668	103.8625486
1.382841009	103.8732712
1.382845237	103.8609929
1.382849139	103.8732093
1.382851343	103.8671649
1.382851409	103.8633748
1.382851694	103.8645855
1.382853026	103.872181
1.382853318	103.8750877
1.382853451	103.866189
1.382854313	103.8696002
1.382854376	103.8696764
1.382863552	103.8605446
1.382865216	103.8599872
1.382866155	103.8731014
1.38286959	103.8694783
1.3828704	103.8721081
1.382879435	103.8730099
1.382885036	103.8716197
1.382885885	103.8718287
1.382886771	103.8660067
1.382896987	103.8694074
1.382899771	103.8648369
1.382900683	103.8750154
1.382901042	103.875525
1.382903177	103.8600209
1.382905298	103.8589054
1.382906789	103.8754589
1.382912474	103.8605771
1.382912894	103.8728782
1.382913516	103.8650578
1.382913807	103.8727873
1.382917587	103.8659179
1.382921481	103.868817
1.382922576	103.8692897
1.382922939	103.8609161
1.382924073	103.8678063
1.382925111	103.8692195
1.382926361	103.8712723
1.382929807	103.8726554
1.38293197	103.8611003
1.382936943	103.8657195
1.382940482	103.8616904
1.3829439	103.8718397
1.382945191	103.8748747
1.382946127	103.860059
1.382953932	103.8619079
1.382955209	103.8674208
1.382959805	103.8656349
1.382960992	103.861739
1.382961753	103.8589003
1.382962312	103.8690115
1.382963246	103.8753281
1.382966032	103.8606036
1.382966392	103.8725725
1.382969933	103.8685519
1.382970109	103.8716235
1.382975018	103.8710281
1.382976034	103.868932
1.38298409	103.8600927
1.382984176	103.8747954
1.382991058	103.8724455
1.382991714	103.8688172
1.382995148	103.8654406
1.382995974	103.8752743
1.382996831	103.8687398
1.382997853	103.86113
1.382999754	103.8718503
1.382999778	103.8618869
1.383004252	103.8596449
1.383008371	103.8606442
1.383010168	103.874645
1.383014265	103.8590774
1.38301565	103.871282
1.383017922	103.8588985
1.383020553	103.8723631
1.383021284	103.8745565
1.383022785	103.8638301
1.383023863	103.8706891
1.383024483	103.8609203
1.383026248	103.8686291
1.38302655	103.8650703
1.383027036	103.8601309
1.383027549	103.874423
1.383033139	103.8678234
1.383039106	103.8638814
1.383040009	103.8710539
1.38304066	103.8743378
1.38304078	103.8591254
1.383044817	103.8722345
1.38305482	103.8660743
1.383058171	103.8606794
1.383058203	103.8718596
1.383059661	103.8721382
1.38306052	103.8740854
1.383061532	103.8596077
1.383061937	103.8663002
1.383062617	103.8639282
1.383065084	103.8601645
1.383065918	103.8672013
1.383066202	103.8591762
1.383066719	103.8704511
1.383067374	103.8659317
1.383071506	103.8639777
1.383071766	103.8665126
1.383073024	103.858902
1.383074772	103.8662268
1.383077541	103.8628817
1.383082407	103.8739905
1.383085328	103.8618482
1.383085841	103.8751429
1.383086939	103.8700409
1.383087557	103.8684135
1.383088088	103.8716425
1.383089125	103.8750875
1.383089648	103.8592218
1.383092112	103.8738514
1.38309618	103.873754
1.383096832	103.8640253
1.383105073	103.860712
1.38310618	103.8640753
1.383106477	103.8706586
1.383107953	103.8602027
1.383112978	103.87363
1.38311539	103.8592779
1.383116065	103.8609819
1.383118622	103.8735387
1.383118726	103.8713036
1.383121069	103.8698195
1.383122476	103.8648049
1.383124796	103.8718728
1.383131462	103.8618275
1.383136749	103.8734096
1.383143351	103.8704607
1.383143547	103.8631931
1.383143997	103.8764256
1.383144842	103.8733183
1.383144956	103.8749677
1.383148196	103.8602402
1.383150026	103.8609307
1.383151044	103.8657692
1.383152594	103.873312
1.383154722	103.8607463
1.383155924	103.8674375
1.38315889	103.8716777
1.383162798	103.8597532
1.383163227	103.8632537
1.383165871	103.8710678
1.383167456	103.8595542
1.383169061	103.8616838
1.383169674	103.8656609
1.383169833	103.8748891
1.383170261	103.8700551
1.383171549	103.8731901
1.383182071	103.8633129
1.383185702	103.8731045
1.383192755	103.8654939
1.383194851	103.8678314
1.383197101	103.869468
1.383199161	103.8642772
1.383200855	103.8607786
1.383201348	103.8719033
1.383202836	103.8597896
1.383203879	103.863372
1.383204243	103.872998
1.383204541	103.8698218
1.383206614	103.8713106
1.383211551	103.8683881
1.383212261	103.8729542
1.383213136	103.860298
1.383218101	103.8747206
1.38322055	103.8595398
1.38322253	103.8706936
1.383223088	103.8747829
1.383224796	103.8764308
1.383224839	103.8634314
1.383226877	103.8710903
1.383227341	103.8740581
1.383228535	103.8616707
1.38323149	103.8728443
1.383236971	103.8692717
1.383237413	103.8746038
1.383244677	103.8634891
1.38324595	103.8727789
1.383246192	103.8598274
1.383249393	103.8608152
1.383252724	103.8745255
1.383253472	103.8744064
1.383255126	103.8603337
1.383257036	103.865113
1.383257217	103.8743524
1.38325833	103.8704666
1.383259068	103.8674467
1.38325912	103.8727143
1.383262984	103.8635477
1.383270738	103.8595276
1.383272669	103.8717053
1.383273217	103.8726491
1.383277672	103.8700705
1.383282797	103.863607
1.383282845	103.8719217
1.383283871	103.8598612
1.383284272	103.8733495
1.383285857	103.8689531
1.383287054	103.867232
1.383287758	103.8694933
1.383288149	103.8648882
1.383294457	103.8707064
1.383295702	103.8740572
1.383296591	103.872538
1.383296751	103.8608461
1.383296992	103.8588954
1.383297698	103.8679477
1.383298079	103.8603718
1.383303896	103.8636674
1.383314064	103.8687639
1.38331439	103.8698501
1.383319203	103.8692866
1.383319824	103.8613314
1.383323491	103.8637274
1.383324365	103.8713133
1.383326603	103.8595127
1.383327085	103.8598992
1.383327741	103.8704793
1.383330193	103.8724289
1.383335946	103.8604056
1.383340662	103.876438
1.383342689	103.8672546
1.383342804	103.8722259
1.383343838	103.8733887
1.383344394	103.8637874
1.383349583	103.8612826
1.383352708	103.8711003
1.383353847	103.8588905
1.383354914	103.8678113
1.383355684	103.8700876
1.383357059	103.8735518
1.383357143	103.8759025
1.383357939	103.8730365
1.383359698	103.8719391
1.383360675	103.8717117
1.383360884	103.861611
1.383362272	103.8689702
1.383363325	103.8617531
1.383364057	103.86843
1.38336468	103.8599331
1.383365433	103.8759036
1.383375689	103.8594996
1.383375997	103.8736613
1.383375998	103.8761179
1.383378948	103.8604436
1.383381767	103.866576
1.383382268	103.8736108
1.383384859	103.8757645
1.383385872	103.8728502
1.383386092	103.8761104
1.383387409	103.8698574
1.383392063	103.8713235
1.383393231	103.8757656
1.38339385	103.8733997
1.383398455	103.8688059
1.383406522	103.8588896
1.383407612	103.8597128
1.383408113	103.859971
1.383409687	103.8760531
1.383409882	103.8760531
1.383412462	103.8756272
1.383415978	103.8707056
1.383416417	103.8740624
1.38341684	103.8604774
1.383417597	103.8756213
1.383418263	103.8737209
1.383419157	103.8738302
1.383420646	103.8625897
1.38342258	103.8764412
1.383423343	103.8722693
1.38342367	103.8730519
1.383423938	103.8759845
1.383424026	103.8759846
1.383425613	103.8737793
1.383427007	103.8711112
1.383430842	103.8594848
1.383431633	103.8663719
1.383435372	103.8755553
1.383437847	103.8591116
1.383438754	103.8695104
1.383439138	103.859057
1.383440113	103.859173
1.383440729	103.8754897
1.383440737	103.8754897
1.383441563	103.8755558
1.383443688	103.8719587
1.383444012	103.8662958
1.383445774	103.8600047
1.383445816	103.8705354
1.383449806	103.873412
1.383451803	103.8758465
1.383452336	103.8758465
1.383453283	103.8754161
1.383453735	103.8684351
1.383459813	103.8605155
1.383462058	103.8728426
1.38346221	103.8588894
1.383464384	103.8693028
1.383466225	103.870103
1.38346908	103.8597084
1.383474967	103.8616388
1.383475767	103.8612175
1.383477244	103.8651469
1.383479094	103.8660877
1.38347916	103.867888
1.38347991	103.8757093
1.383479928	103.8594717
1.383480165	103.8757092
1.383481524	103.8717156
1.383481954	103.8730647
1.383486722	103.874067
1.383487451	103.8674904
1.383488267	103.8724688
1.38348915	103.8600428
1.383490394	103.8665633
1.383496404	103.8649438
1.383497508	103.8615618
1.383497718	103.8605493
1.383499817	103.873423
1.383502694	103.871358
1.383507439	103.8659988
1.383511548	103.8698792
1.383512705	103.8728535
1.383514974	103.8588889
1.383517735	103.8690126
1.383519378	103.8596949
1.3835225	103.8611806
1.383526456	103.8695261
1.383527113	103.8672745
1.383528246	103.8707319
1.383528804	103.8704808
1.383529438	103.8658122
1.383531878	103.860078
1.383535081	103.8594569
1.38353872	103.8657351
1.383538799	103.8610326
1.38353989	103.8723016
1.383540185	103.8756475
1.383540331	103.8711368
1.383540683	103.8605874
1.383541478	103.8753549
1.383541478	103.8753549
1.38354232	103.8730793
1.383543051	103.8764102
1.383548188	103.8687996
1.383549973	103.87011
1.383555361	103.871736
1.383555776	103.8734353
1.383555838	103.87251
1.38355591	103.8621709
1.383556332	103.869328
1.383567196	103.8655931
1.383567585	103.8644258
1.383568655	103.8728658
1.383570672	103.8588883
1.383574761	103.8719861
1.383574777	103.8615282
1.383575265	103.8596799
1.383577232	103.865539
1.383578487	103.8609664
1.383580855	103.860625
1.383580989	103.8698954
1.383581944	103.8755129
1.383584017	103.871374
1.383584167	103.8594438
1.383589286	103.8654854
1.383589357	103.8684553
1.383590883	103.8666758
1.383592328	103.8730903
1.383592486	103.8621338
1.383593121	103.8629741
1.383594967	103.8754471
1.383604733	103.8707515
1.383605294	103.8725225
1.383609729	103.8689893
1.38361592	103.8734397
1.383618662	103.8728768
1.383621517	103.8711451
1.383621907	103.8688105
1.383623498	103.8588881
1.383625563	103.8596663
1.383627276	103.8666162
1.383627369	103.8590609
1.383628054	103.859125
1.383633397	103.8764115
1.383634666	103.8705617
1.383635087	103.8615144
1.38363755	103.8723136
1.383640702	103.8751587
1.383646472	103.8606832
1.383648291	103.8731026
1.383655253	103.8695427
1.383657072	103.8720037
1.383657495	103.8750951
1.383658439	103.8664281
1.383660685	103.8701308
1.383661678	103.8621296
1.383661964	103.8725333
1.383666234	103.8717722
1.383669508	103.8760049
1.383672031	103.8728887
1.383676684	103.8707642
1.383678914	103.8663143
1.383679174	103.8588873
1.383679472	103.8651939
1.383685234	103.8641961
1.383688445	103.8607188
1.383691938	103.8684738
1.38369339	103.874974
1.383693841	103.8699091
1.383696759	103.8620926
1.383698306	103.8731136
1.383698369	103.867923
1.383702945	103.8693455
1.383705826	103.8661663
1.38370584	103.8713766
1.383708906	103.8705653
1.383711936	103.8725443
1.38371256	103.874112
1.383715627	103.8749086
1.383724797	103.8649721
1.383726703	103.8748073
1.383728994	103.8711617
1.383730256	103.8701339
1.383731414	103.860757
1.383734226	103.8690133
1.383734962	103.8588924
1.383735122	103.8593443
1.383736462	103.8660358
1.383738095	103.8720119
1.383738452	103.8695584
1.383742245	103.8747421
1.383747797	103.87593
1.383748215	103.8717733
1.383751245	103.861554
1.383751466	103.8737606
1.383752046	103.8624275
1.383754278	103.8731259
1.383755453	103.8658583
1.383756291	103.8593973
1.38375747	103.8740655
1.383761058	103.8601063
1.383763427	103.8594543
1.383764265	103.8729089
1.383766931	103.872325
1.383766999	103.8699046
1.383767909	103.8725566
1.383768135	103.8763723
1.383768186	103.8620889
1.383769323	103.8607907
1.383769778	103.8595049
1.383769856	103.8637543
1.383770064	103.865784
1.383774204	103.8611373
1.383776196	103.8714106
1.383776913	103.8595619
1.38377738	103.868843
1.383783264	103.8596126
1.383784521	103.8746313
1.383785875	103.8736894
1.383789912	103.8744382
1.383790399	103.8596695
1.383791429	103.8693548
1.383794109	103.8740153
1.383794486	103.8755291
1.383795371	103.8745594
1.383796208	103.8615261
1.383796544	103.8759052
1.383796749	103.8597202
1.383798736	103.8707738
1.383801427	103.867266
1.383803883	103.8597771
1.383804079	103.8711787
1.383804243	103.8731369
1.383804334	103.8656009
1.383805251	103.8620523
1.383807486	103.8679539
1.383809786	103.864183
1.383810234	103.8598278
1.383811705	103.8624379
1.383812297	103.8608288
1.383812679	103.8601001
1.383814686	103.8729199
1.38381659	103.8720347
1.383818364	103.8725675
1.383822517	103.8684939
1.383823357	103.861412
1.38382759	103.8705887
1.383827952	103.867532
1.383829281	103.8736558
1.383831865	103.8689869
1.383834047	103.8743688
1.383834076	103.8652208
1.383837597	103.8644642
1.38384046	103.8642193
1.383841016	103.8739876
1.3838461	103.8723654
1.383847125	103.870161
1.383850205	103.8608626
1.383851307	103.8763398
1.383858423	103.8688292
1.38386534	103.8718243
1.383867921	103.8707842
1.383868005	103.8736139
1.383870015	103.8600931
1.383870602	103.8729322
1.383871165	103.8731324
1.383875217	103.8620477
1.383876909	103.867274
1.383878706	103.8613114
1.383879399	103.8714381
1.383884045	103.8623759
1.38388494	103.8739533
1.38389057	103.8754685
1.383890597	103.8758302
1.383890894	103.8699342
1.383892435	103.8706059
1.383893174	103.8609007
1.383893935	103.872052
1.38389977	103.8613581
1.383902347	103.8735758
1.383903936	103.869584
1.383910602	103.8725878
1.383912404	103.8684904
1.38391324	103.8620098
1.38392061	103.8729432
1.383921062	103.8649956
1.383921472	103.8711915
1.383921637	103.8600868
1.383921702	103.8701653
1.383923199	103.8615241
1.383924773	103.8670744
1.383928331	103.8739203
1.383931109	103.8609345
1.383931329	103.8693881
1.383931509	103.8588792
1.38393308	103.874982
1.383939683	103.8735329
1.383941207	103.8757986
1.383941236	103.8638489
1.383943157	103.862387
1.383944583	103.8718153
1.383954113	103.8669317
1.38395518	103.86996
1.383956587	103.8723965
1.38396099	103.872599
1.383962527	103.8738734
1.383966906	103.871452
1.383974044	103.8734944
1.383974429	103.8690439
1.383974729	103.8609799
1.383975918	103.8720698
1.38397626	103.8695955
1.383976572	103.8729555
1.38398177	103.8667441
1.383981974	103.8615101
1.383985356	103.8762675
1.383986919	103.8588743
1.383993943	103.8712043
1.383994304	103.8707943
1.383996369	103.8666505
1.384001489	103.8753975
1.384003852	103.8748597
1.384012643	103.86887
1.384013349	103.8693993
1.384013767	103.8724087
1.3840159	103.8623243
1.384015984	103.8706097
1.384016753	103.8726113
1.38401835	103.8679951
1.384026152	103.8757095
1.38403699	103.8729636
1.384037789	103.8734253
1.384042672	103.8737803
1.384042828	103.8588737
1.384044048	103.8701951
1.384048153	103.8663767
1.384049443	103.8664458
1.384051625	103.8762632
1.384053753	103.8685256
1.384054004	103.8690713
1.384058249	103.8708122
1.384058592	103.8675987
1.384059241	103.8590388
1.38405937	103.8718511
1.384059887	103.8663151
1.384059947	103.8590973
1.384060116	103.8753489
1.384064822	103.8662181
1.384065539	103.8747652
1.384066347	103.859198
1.384066692	103.8714654
1.384066797	103.8726222
1.384068033	103.8674292
1.384071195	103.8724215
1.384071669	103.8592496
1.384071887	103.8733863
1.384074297	103.8661683
1.38407775	103.873733
1.384078581	103.8623356
1.384079475	103.8642705
1.38407996	103.874442
1.384081079	103.8699615
1.38408594	103.8756614
1.384086303	103.8688812
1.384087262	103.8593069
1.384088444	103.8645109
1.38409078	103.8706111
1.38409391	103.8593594
1.384095615	103.8660702
1.384095646	103.8588732
1.384102541	103.8594183
1.384106368	103.8720815
1.384107822	103.8594712
1.384109517	103.8733434
1.384111169	103.8712156
1.384112324	103.8672901
1.384114476	103.8595304
1.38412039	103.8595829
1.38412081	103.8702015
1.384121939	103.8696177
1.384122198	103.8737005
1.384122938	103.8726346
1.384125501	103.8743615
1.384126675	103.8596387
1.384141122	103.8718636
1.384143158	103.8597493
1.38414327	103.8733049
1.384145795	103.865785
1.384147323	103.8658724
1.38414754	103.8752885
1.384147875	103.876168
1.384149592	103.8671298
1.384149744	103.8598058
1.384151239	103.8588721
1.384152714	103.8685488
1.384154764	103.8714629
1.384155926	103.8598582
1.384158416	103.8699731
1.384159003	103.8694275
1.384162566	103.8599169
1.384164272	103.8669979
1.384166376	103.8736663
1.384168228	103.8599693
1.384169177	103.8755856
1.384172281	103.8600667
1.384172764	103.8726456
1.384178433	103.8708278
1.384178846	103.8601199
1.384179757	103.8741315
1.384180835	103.8732621
1.384186882	103.8712241
1.384187723	103.872439
1.384192738	103.8721081
1.384192877	103.8667789
1.384194491	103.8736186
1.38419844	103.8761047
1.384204368	103.8588834
1.384207485	103.8706515
1.384209409	103.8747746
1.384209775	103.8666867
1.384212903	103.8655898
1.384212933	103.8752398
1.3842138	103.869084
1.384214951	103.8732233
1.384220847	103.8696273
1.38422739	103.8702216
1.384228584	103.8726595
1.384230532	103.8746154
1.384231432	103.8639106
1.384232238	103.8741787
1.384233574	103.8755372
1.38423584	103.8694367
1.384237637	103.8735826
1.384237832	103.8611166
1.384242136	103.8688915
1.384242273	103.8611709
1.384243144	103.8653762
1.384244642	103.8719005
1.384248546	103.8708428
1.384248757	103.8661959
1.384249331	103.8612279
1.384256464	103.8612821
1.38425916	103.8759725
1.384259378	103.8588825
1.384260154	103.8714966
1.384265604	103.866457
1.384270677	103.8646132
1.384272756	103.8706669
1.384273523	103.8724436
1.384273755	103.8735413
1.384274767	103.8721166
1.384275872	103.8699953
1.384277361	103.8731535
1.384278532	103.8663852
1.384281614	103.8691278
1.3842846	103.8637823
1.384286247	103.8650675
1.384290008	103.8591709
1.384292133	103.8642929
1.384296121	103.8759372
1.384296324	103.8592222
1.384298393	103.8726587
1.384301089	103.8685457
1.384306556	103.8615079
1.384307412	103.8645086
1.384308313	103.8593167
1.384309808	103.8712471
1.384310954	103.8734888
1.384311083	103.8751711
1.384311341	103.8637432
1.384311504	103.8731148
1.38431479	103.870234
1.384314853	103.8619034
1.384315149	103.859371
1.384315674	103.8588884
1.384317267	103.8754672
1.384319306	103.8742612
1.384320695	103.866034
1.384321506	103.8657606
1.384321581	103.8594232
1.38432586	103.8745549
1.384328754	103.8594797
1.384332319	103.8759026
1.384333857	103.8718964
1.384334324	103.8595305
1.384341234	103.8595874
1.3843451	103.8715183
1.384345721	103.8751103
1.384346333	103.8700115
1.384347711	103.8596375
1.384349302	103.8730722
1.384351707	103.872143
1.384353758	103.8696519
1.384362757	103.8597557
1.384364769	103.8708767
1.384366739	103.8754313
1.384367818	103.8654492
1.384369718	103.8598066
1.384371004	103.8734107
1.384373994	103.8688991
1.384376137	103.8598626
1.384376917	103.8761092
1.384378885	103.8658608
1.384380586	103.8694635
1.384382688	103.8599134
1.384383262	103.8730339
1.384384173	103.8685688
1.384385181	103.871258
1.384385466	103.8657718
1.384387102	103.8743248
1.384389344	103.8599702
1.384395453	103.8600209
1.384398035	103.8706607
1.38439954	103.8636512
1.384401026	103.8611966
1.384401116	103.8724843
1.384401285	103.8588955
1.384402454	103.8600768
1.384407061	103.8733676
1.384408666	103.8601266
1.384413517	103.8760745
1.384415377	103.8601823
1.384419414	103.8655567
1.384420785	103.8702444
1.384421048	103.8729913
1.384421445	103.8602335
1.384425447	103.8643215
1.384428979	103.8721605
1.384432274	103.8603276
1.38443568	103.8696679
1.384439525	103.8603813
1.38444219	103.8708928
1.384443208	103.8719598
1.384444463	103.875041
1.384445119	103.8691531
1.384445408	103.8604321
1.384448583	103.8758184
1.384448767	103.8733292
1.384452229	103.860489
1.38445377	103.8715095
1.384455015	103.872953
1.384456526	103.861189
1.3844575	103.870021
1.384457725	103.8588896
1.384458612	103.8605403
1.384459784	103.8760504
1.384461683	103.868041
1.384464413	103.8739617
1.384464959	103.8605963
1.384465705	103.8744238
1.384471049	103.8606466
1.384474296	103.8689167
1.384475239	103.8753583
1.384477926	103.8607028
1.384479463	103.8706616
1.384482294	103.8750048
1.384483794	103.8757826
1.384484229	103.869474
1.384484353	103.8607543
1.384487787	103.8613489
1.384488579	103.8673785
1.384491266	103.8738798
1.384492797	103.8729104
1.384495587	103.8614041
1.384496709	103.8760151
1.384498092	103.8652681
1.384498094	103.8652681
1.384498687	103.8725024
1.384498711	103.8733001
1.384502826	103.861892
1.384503369	103.871276
1.384503903	103.8702574
1.384505086	103.8614995
1.384507662	103.8721749
1.384509199	103.8744809
1.384512618	103.8588891
1.384513113	103.8615518
1.384513224	103.8611822
1.384516246	103.8753247
1.384519731	103.8719412
1.384520897	103.8691421
1.38452141	103.8650478
1.384523529	103.8677116
1.384524864	103.8757526
1.384526237	103.8738374
1.384526764	103.8728721
1.384533025	103.8715551
1.384534061	103.8685819
1.384534525	103.8732585
1.384537059	103.8759841
1.384537133	103.8700358
1.384540431	103.8674987
1.384558503	103.8708855
1.384561399	103.8640724
1.384561718	103.8732091
1.384563651	103.861176
1.384564739	103.8737978
1.384566134	103.8588887
1.38456631	103.8688898
1.384567231	103.8728277
1.384567969	103.8634109
1.384573315	103.8759494
1.384576991	103.8749076
1.384578069	103.8712956
1.384583078	103.8696949
1.384591242	103.8706851
1.384596657	103.8646491
1.384597022	103.873167
1.38460473	103.8672395
1.384605932	103.8737608
1.384606919	103.8752322
1.384607717	103.8685932
1.384608199	103.8702853
1.384610228	103.8759145
1.384615965	103.8727877
1.384616484	103.8748731
1.384616563	103.867148
1.384621273	103.8588884
1.384621838	103.8611718
1.38462729	103.869492
1.384627724	103.8709248
1.384628039	103.8719672
1.384628165	103.8591428
1.384635036	103.8591968
1.3846352	103.8741704
1.384640551	103.8644181
1.384641095	103.8680707
1.384641437	103.8592484
1.384642614	103.8731328
1.384646676	103.87588
1.384646957	103.8737237
1.38464816	103.859305
1.384652611	103.8669396
1.38465472	103.8593563
1.384656013	103.8700525
1.38466094	103.8751801
1.384661217	103.8722206
1.384661497	103.859414
1.384662938	103.8668634
1.384667934	103.869703
1.384668196	103.8594646
1.384670082	103.8757525
1.384671894	103.8706836
1.384672504	103.8746617
1.384674796	103.8588879
1.384675264	103.8595206
1.384677521	103.8632594
1.384678333	103.8691883
1.384680777	103.8639172
1.38468078	103.8736825
1.384680818	103.8595724
1.384683751	103.8702924
1.384687439	103.8741328
1.384695741	103.868984
1.384697257	103.8727083
1.384700118	103.8730441
1.384704661	103.8618811
1.384707233	103.8597867
1.384710612	103.8719387
1.384711688	103.873634
1.384712574	103.8695028
1.384712588	103.8746968
1.384713273	103.8598372
1.384714307	103.8665222
1.384716298	103.8666221
1.384719268	103.8642692
1.384719378	103.8598935
1.384721951	103.8662372
1.384722788	103.8700627
1.384723898	103.8611613
1.384724197	103.8740915
1.38472544	103.8677315
1.384726001	103.8599442
1.384729657	103.8588872
1.384730825	103.8720918
1.384732289	103.8600002
1.38473673	103.8659245
1.384738511	103.8600507
1.384739315	103.8750858
1.384739323	103.8726605
1.384745048	103.8601066
1.384745382	103.8691992
1.384746724	103.8686751
1.384747533	103.8722616
1.384749663	103.8756983
1.384750951	103.8601569
1.384752343	103.8730111
1.384757619	103.8602131
1.384760566	103.8740505
1.384763955	103.8602638
1.384774592	103.8603575
1.384777512	103.8729601
1.384778983	103.8611538
1.384780207	103.8675497
1.384781523	103.8604083
1.384782806	103.8641669
1.384783153	103.8588876
1.384783962	103.8726112
1.384786461	103.8735671
1.384788088	103.8739903
1.384788137	103.8604654
1.384790507	103.8750476
1.384790954	103.8748011
1.384791142	103.8674497
1.384792351	103.8681024
1.38479236	103.8659344
1.384794727	103.8605168
1.384799545	103.8703134
1.384801468	103.8605733
1.384805328	103.8630122
1.384808435	103.8606234
1.384811572	103.8729162
1.384814859	103.8606797
1.384815242	103.8697268
1.384819795	103.8721356
1.384821984	103.86073
1.384825218	103.8735144
1.384825822	103.8636924
1.384828249	103.8607867
1.384830959	103.8672696
1.384835002	103.8608377
1.384836062	103.8611465
1.384836776	103.8689735
1.384838172	103.8588869
1.384846184	103.8700835
1.38484828	103.8720797
1.384849161	103.8695371
1.384849958	103.8591165
1.384852716	103.8671874
1.384852744	103.8656914
1.384854724	103.8614094
1.384857047	103.8591703
1.384857162	103.8713849
1.384857777	103.8739206
1.384860369	103.8734722
1.384861347	103.8728875
1.384863482	103.8592222
1.384863488	103.8748226
1.384866673	103.8755599
1.384868489	103.8756621
1.384868732	103.8713012
1.384870934	103.8592789
1.38487116	103.8652826
1.384872219	103.8720364
1.384876506	103.8593302
1.384876687	103.8669889
1.384880173	103.8728309
1.384880579	103.8703244
1.384883876	103.8593869
1.384886313	103.8686451
1.384886724	103.8611409
1.384888298	103.8754199
1.384889081	103.8734243
1.384889114	103.8711057
1.384889652	103.8594383
1.384894642	103.8711898
1.384895354	103.8588919
1.384895629	103.8738767
1.384897134	103.8594946
1.384898745	103.8707274
1.384900386	103.8659534
1.384901435	103.8719835
1.384901491	103.8640154
1.38490248	103.8697394
1.384903337	103.8595457
1.384904222	103.866899
1.384911309	103.869233
1.384912245	103.8700934
1.384913811	103.8724577
1.38491524	103.8722361
1.384917673	103.8744658
1.384922798	103.8709924
1.384925072	103.8738294
1.384925141	103.8733828
1.384925489	103.8719402
1.384927558	103.8749101
1.384928964	103.8597587
1.384931885	103.8689961
1.3849331	103.8728043
1.384933251	103.8652545
1.384933549	103.8709234
1.384934627	103.8618303
1.384935333	103.8724072
1.384935495	103.8598096
1.384942239	103.8598658
1.384942766	103.8695428
1.384943222	103.8723495
1.384943602	103.8655119
1.384943811	103.8611337
1.384944006	103.8666629
1.38494588	103.8634986
1.384946647	103.8735472
1.384948375	103.8599166
1.384954306	103.8718874
1.384955073	103.8599729
1.384956016	103.8659634
1.384956349	103.874432
1.384961347	103.8600237
1.384963667	103.8639075
1.384965792	103.8749733
1.38496859	103.8600799
1.384969104	103.8727636
1.384969505	103.8723027
1.384970705	103.8737961
1.384971155	103.866552
1.384974338	103.8601307
1.384975523	103.8650603
1.384975781	103.8626489
1.384978336	103.8718441
1.384978354	103.8692439
1.384978806	103.8733549
1.384979835	103.8588796
1.384980374	103.8717286
1.384980781	103.8686775
1.384981526	103.8601868
1.384982464	103.8681347
1.384984349	103.8743813
1.38498724	103.8602379
1.384987879	103.87541
1.384990666	103.8663715
1.384994473	103.8611281
1.384994891	103.8722529
1.384995252	103.8703414
1.38499919	103.8603309
1.385001038	103.8716163
1.385001442	103.8625393
1.385003181	103.870747
1.385005593	103.8603815
1.385007681	103.8628097
1.385008397	103.8733095
1.385010643	103.8648595
1.385012103	103.8604378
1.385012874	103.8635112
1.385014976	103.8737618
1.38501845	103.8604885
1.385019169	103.8715411
1.385021188	103.8722046
1.385025302	103.8605448
1.385031815	103.8701022
1.385031831	103.8605956
1.385033884	103.8690104
1.385036146	103.8588729
1.385037333	103.874356
1.385037476	103.8732483
1.385038548	103.8606519
1.38504534	103.8607026
1.38504867	103.8697502
1.385050717	103.8737178
1.385051556	103.8611209
1.385051656	103.8607588
1.385052624	103.8621256
1.385054921	103.8637776
1.385056437	103.8613915
1.385057885	103.8608104
1.385060689	103.8721625
1.385061089	103.8743029
1.385062196	103.862392
1.385065463	103.8703467
1.385070547	103.8753275
1.385072891	103.8714271
1.385074082	103.8686651
1.385078273	103.8687403
1.385084638	103.8695682
1.385086232	103.8721102
1.385088521	103.8713382
1.385091298	103.8588724
1.385099868	103.8742629
1.385102223	103.8611153
1.385103387	103.8736324
1.385105062	103.8746644
1.38510762	103.8711939
1.385109373	103.8701247
1.38510981	103.8752625
1.385113275	103.8677566
1.385120338	103.8645377
1.385123592	103.8707807
1.385127581	103.8632637
1.385129744	103.8720124
1.385134016	103.8692416
1.385136098	103.8742231
1.385140931	103.8617726
1.385144702	103.8588718
1.385146947	103.8735861
1.385149428	103.8697822
1.385151059	103.8636432
1.385154854	103.8710344
1.385155437	103.8719655
1.385156386	103.874168
1.385157401	103.867588
1.385157873	103.8709577
1.385159306	103.861108
1.385163384	103.8690374
1.385164975	103.8746282
1.385170514	103.8681416
1.385181896	103.8719174
1.385183452	103.873545
1.385184794	103.8695831
1.385188325	103.8590852
1.385188447	103.8751851
1.385188804	103.8631238
1.385189261	103.8725735
1.385189261	103.8725735
1.385190995	103.874128
1.385191444	103.8674014
1.385192087	103.8745787
1.385195258	103.8591366
1.385199719	103.8588712
1.385201325	103.8591931
1.38520811	103.859244
1.385208357	103.8718693
1.385208901	103.8672563
1.385213965	103.8611031
1.385214844	103.8593008
1.385217855	103.8692641
1.385219046	103.870803
1.38522183	103.8593523
1.385223051	103.8635454
1.385228031	103.85941
1.385229157	103.8745382
1.385229798	103.8746848
1.385233096	103.8718211
1.385233969	103.8687103
1.3852348	103.8594611
1.385235995	103.8735181
1.385239316	103.8643352
1.385239709	103.8751194
1.385241469	103.8595171
1.385242292	103.8670904
1.385248032	103.8595681
1.385253092	103.858871
1.385255991	103.8634973
1.385258474	103.8734643
1.385262902	103.8596881
1.385265462	103.8669861
1.385267517	103.872591
1.385267517	103.872591
1.385267738	103.8690428
1.385268527	103.8597392
1.385272323	103.8740646
1.385273812	103.8717791
1.385275827	103.8597955
1.385281369	103.8598463
1.385284061	103.8745103
1.385288923	103.8599025
1.385294605	103.8599533
1.385295242	103.8739974
1.385299658	103.8646269
1.385300562	103.8717387
1.38530177	103.8600096
1.385303598	103.8734329
1.385303844	103.8667431
1.385304183	103.8726618
1.385304183	103.8726618
1.385307805	103.8600603
1.385308329	103.8588704
1.385314513	103.8601166
1.38531469	103.8610854
1.385316395	103.8666741
1.385317281	103.868739
1.385320789	103.8601676
1.38532555	103.8633915
1.385328932	103.8650501
1.385332479	103.8717001
1.385332522	103.8602606
1.385338351	103.8744254
1.385338425	103.8603117
1.385345636	103.8603679
1.385345839	103.8739688
1.385350339	103.8629033
1.385351696	103.8604187
1.385353256	103.8703882
1.385354368	103.8678208
1.385354464	103.8664686
1.385356535	103.8727032
1.385356535	103.8727032
1.385359071	103.8604749
1.385361687	103.8588699
1.385363138	103.8703276
1.385364605	103.8605258
1.385369083	103.861076
1.385371786	103.8743696
1.385372013	103.860582
1.385372449	103.870267
1.385374133	103.8641438
1.385374477	103.8626836
1.385377224	103.8606329
1.385383613	103.8676116
1.38538497	103.860689
1.385386839	103.87016
1.385390749	103.8607407
1.38539078	103.8681796
1.385392414	103.8670485
1.385393354	103.8700866
1.385394687	103.8739385
1.385403733	103.8590635
1.385405532	103.8738751
1.385409908	103.8591139
1.385410098	103.8673381
1.385410895	103.874334
1.385415594	103.8727483
1.385415595	103.8727483
1.385416843	103.8591705
1.385416849	103.8588691
1.385418017	103.8612373
1.385418521	103.8671936
1.385418983	103.8674342
1.385423019	103.8592209
1.385424842	103.8612935
1.385425779	103.8632637
1.385426005	103.8610681
1.385427494	103.8699623
1.385429953	103.8592775
1.385430322	103.8698815
1.385436129	103.8593279
1.385436196	103.861387
1.385440661	103.8742839
1.385442143	103.8738342
1.385443021	103.8614432
1.385443063	103.8593846
1.385444082	103.8623825
1.3854452	103.8748867
1.385449239	103.859435
1.385449911	103.8643468
1.38545435	103.8714742
1.385455995	103.8639599
1.385456045	103.8697594
1.385456173	103.8594916
1.385456241	103.8714021
1.385456353	103.8724392
1.385461606	103.8651711
1.38546235	103.859542
1.385467669	103.8727896
1.385467669	103.8727896
1.385472262	103.8712788
1.385473031	103.8588746
1.385473975	103.8696757
1.385475217	103.8742425
1.385475582	103.8596515
1.385477807	103.8723888
1.385480854	103.8695687
1.38548105	103.8610611
1.385481758	103.859702
1.385484084	103.8737981
1.385486157	103.871081
1.385487149	103.8711955
1.385488693	103.8597586
1.385489015	103.8617284
1.385491905	103.8670548
1.385494559	103.8708207
1.385494869	103.859809
1.385497029	103.8710045
1.385499452	103.8723381
1.385501803	103.8598656
1.385503165	103.8728305
1.385503389	103.8694833
1.385506099	103.8619284
1.385507978	103.859916
1.385514914	103.8599726
1.385515277	103.8693704
1.385519535	103.8638802
1.385520015	103.8748398
1.385520152	103.8649696
1.385520544	103.8728395
1.38552106	103.8722881
1.385521089	103.8600231
1.385522651	103.8704128
1.385522812	103.8621954
1.385523034	103.8692958
1.385526631	103.872835
1.385528024	103.8600797
1.385531145	103.8667929
1.385532812	103.8737667
1.385534199	103.8601301
1.385534932	103.8742095
1.385542186	103.8722378
1.385546073	103.8602233
1.385547958	103.8666957
1.38555046	103.8630045
1.385552249	103.8602738
1.385554417	103.8691844
1.385559184	103.8603304
1.385560627	103.8721866
1.385561707	103.8691017
1.385565359	103.8603808
1.385570885	103.870833
1.385572294	103.8604374
1.385574424	103.8689883
1.385575062	103.8644825
1.38557847	103.8604878
1.385578615	103.8728764
1.385582912	103.8737496
1.385583232	103.8728738
1.385583268	103.8651991
1.385583643	103.8747424
1.385585404	103.8605444
1.385586043	103.8721374
1.385587616	103.8682145
1.385591349	103.8628001
1.38559158	103.8605949
1.385591586	103.8741369
1.38559468	103.8720828
1.385595933	103.8689113
1.38559691	103.8687962
1.385597383	103.870421
1.385598514	103.8606515
1.385601323	103.8649838
1.38560469	103.8607019
1.38561067	103.8665394
1.385620481	103.8718283
1.385629729	103.8651305
1.385631726	103.872926
1.385633012	103.8625618
1.385633172	103.8609367
1.38563495	103.8687221
1.385637015	103.874092
1.385637643	103.8729216
1.385640715	103.8609915
1.385641699	103.8640407
1.385645448	103.8720379
1.385647574	103.861048
1.385652205	103.8746624
1.385652906	103.8611028
1.385656589	103.8645638
1.385659753	103.8612072
1.385666572	103.8612656
1.385669319	103.8715151
1.385673113	103.8740505
1.385674171	103.8640884
1.385676355	103.8714226
1.385678769	103.8613554
1.385679415	103.871837
1.385679524	103.8697511
1.385685589	103.8614139
1.385686815	103.858855
1.385688292	103.8636088
1.385690025	103.8682338
1.385690978	103.8729641
1.385695437	103.8713111
1.385697666	103.8729575
1.385699278	103.8623679
1.385705252	103.8712295
1.38570608	103.8740057
1.385711937	103.8641372
1.385712416	103.8709045
1.385717705	103.8674408
1.385717747	103.8704455
1.385717921	103.8617042
1.385717945	103.8725552
1.385721457	103.8726774
1.385722713	103.8726179
1.385728043	103.8679144
1.38572868	103.8711228
1.385729975	103.867777
1.385733287	103.8718438
1.385739395	103.8739627
1.385740857	103.8621533
1.38574446	103.872737
1.38574574	103.8641857
1.385746255	103.861869
1.385751961	103.8725106
1.385753393	103.8635645
1.385753809	103.8710407
1.385754841	103.8588318
1.385766242	103.8676053
1.385773963	103.8724589
1.385774835	103.8646676
1.385777194	103.8642391
1.385780731	103.8739176
1.385785169	103.8718753
1.385790524	103.8704576
1.38579363	103.8650743
1.385797502	103.8746114
1.385798169	103.8672844
1.385808136	103.8687728
1.385816378	103.8708714
1.385817216	103.8642831
1.38582552	103.8637154
1.385842942	103.8671957
1.385843839	103.8718599
1.385847751	103.8724281
1.385849094	103.8745683
1.385854983	103.8643335
1.385858715	103.8592131
1.385858793	103.8637578
1.385861096	103.8722577
1.38586516	103.8682615
1.385867755	103.8592842
1.38587309	103.8633949
1.385873355	103.8731041
1.385877112	103.8731001
1.385877672	103.8669465
1.385882373	103.8722069
1.385882601	103.8723336
1.385882997	103.8721489
1.38588692	103.8643827
1.385887756	103.8594344
1.385896236	103.8638098
1.385897078	103.8595052
1.385897582	103.8718704
1.385898367	103.8596547
1.385900266	103.8704703
1.385908365	103.8744404
1.385913516	103.8667556
1.385917805	103.859726
1.38591815	103.8687859
1.385920489	103.8665653
1.385926252	103.864431
1.385932893	103.8598773
1.385936086	103.8731416
1.385940092	103.8638507
1.385940505	103.8702026
1.385942797	103.8599493
1.385943447	103.8679386
1.38595211	103.8718786
1.385953551	103.8631844
1.385956307	103.8731172
1.385956722	103.8678571
1.385957922	103.8644723
1.385958414	103.8690366
1.385960391	103.8682631
1.385961427	103.8600976
1.385967537	103.8721258
1.385971393	103.8601683
1.385975443	103.8638997
1.385980936	103.870484
1.385982353	103.8677319
1.385984076	103.8603225
1.38598523	103.8744023
1.385985425	103.8731933
1.385990708	103.8720797
1.385991981	103.8731889
1.385993049	103.8603891
1.385995895	103.8676364
1.385999722	103.8639568
1.386006255	103.8605398
1.386017364	103.871915
1.386020118	103.8715684
1.386029761	103.8645738
1.386034511	103.8714825
1.386037536	103.87136
1.386038077	103.8640056
1.386039141	103.867501
1.38604136	103.8606234
1.386042499	103.8587938
1.386043233	103.8708985
1.386044885	103.8732296
1.386046919	103.8629994
1.38604903	103.8732275
1.386054396	103.8674404
1.386062932	103.8646203
1.38606359	103.871287
1.386066931	103.8672981
1.386067179	103.8729548
1.386071268	103.874285
1.386072788	103.8609411
1.38607473	103.8710922
1.386080067	103.8640422
1.386083123	103.8672062
1.386083924	103.8711752
1.386091143	103.8612251
1.386091821	103.8611673
1.386091866	103.8613115
1.386092608	103.8742041
1.38609269	103.8635282
1.386093565	103.8651599
1.386096064	103.8636208
1.386097244	103.8732801
1.386097807	103.8729066
1.386098093	103.8704967
1.386098981	103.8613656
1.386099597	103.8646712
1.386102943	103.8732761
1.386105738	103.8614211
1.386111987	103.8614727
1.38611592	103.8728547
1.386118149	103.8615289
1.386123247	103.8647264
1.386126259	103.8709188
1.386128575	103.8616153
1.386128794	103.866897
1.386135544	103.8616726
1.386145368	103.8728015
1.386146078	103.8641466
1.386147742	103.8591863
1.386148436	103.8667731
1.386149386	103.860932
1.386150838	103.8695122
1.386151603	103.8718875
1.386155363	103.873317
1.386156868	103.8629048
1.38615988	103.8733144
1.386160956	103.8726946
1.386161711	103.859277
1.386162704	103.8588744
1.38616599	103.8705066
1.386171399	103.8647684
1.38617274	103.8741026
1.386175671	103.862056
1.386178892	103.8641907
1.386180244	103.8594263
1.386181675	103.8666867
1.386185554	103.8622966
1.386187094	103.8633837
1.386187185	103.8726473
1.38618879	103.8594944
1.386197588	103.874033
1.386199643	103.8665605
1.386200383	103.8682842
1.386202926	103.8626965
1.386205396	103.8648154
1.386207932	103.8596404
1.386208527	103.8733672
1.386208881	103.8638012
1.386210373	103.8725972
1.38621233	103.8664907
1.386213625	103.8733636
1.386216408	103.8642422
1.386216817	103.8597131
1.386217428	103.8661947
1.386224714	103.8725443
1.386224861	103.8709238
1.386231367	103.8633191
1.386232107	103.8606055
1.386233463	103.8719001
1.386236339	103.8600679
1.386238955	103.8598603
1.386241056	103.8588923
1.38624564	103.8648625
1.386245905	103.8724786
1.386247125	103.8599287
1.386249989	103.8642885
1.386251719	103.8602848
1.386252842	103.8660109
1.386253364	103.8657905
1.386263436	103.8601551
1.38626951	103.8734065
1.386272779	103.8723089
1.386273971	103.8734002
1.386276117	103.8716027
1.38627619	103.864914
1.386276399	103.8709333
1.386280772	103.870521
1.386282197	103.8739011
1.38628667	103.8624906
1.386287108	103.8643402
1.386287511	103.8715284
1.386287523	103.8632158
1.386293751	103.8609291
1.386298838	103.8603655
1.386300126	103.8682708
1.38630417	103.8714005
1.386311107	103.8680037
1.386311515	103.8631416
1.38631341	103.8649641
1.386318724	103.8713212
1.386318781	103.8605064
1.38631955	103.8738278
1.386319948	103.8711161
1.386321427	103.8643857
1.38632231	103.8611945
1.386324326	103.87094
1.386327432	103.8605806
1.386333061	103.8679074
1.386333794	103.8711979
1.386336162	103.8731986
1.386337966	103.8731491
1.386338105	103.8639308
1.386343389	103.8655932
1.386347076	103.8677846
1.386347513	103.8650083
1.386348553	103.8723212
1.386352026	103.8730957
1.386356142	103.8621347
1.386356607	103.8705326
1.386358905	103.8644373
1.386362032	103.871965
1.386364004	103.8676932
1.386365656	103.8609209
1.386369151	103.8639963
1.386369625	103.8730435
1.386373886	103.8654351
1.38637663	103.8588769
1.386381567	103.8729887
1.386387239	103.8630634
1.386390324	103.8675655
1.386397632	103.8644777
1.386403435	103.8729406
1.38641147	103.8674894
1.386412244	103.8653453
1.386414838	103.8621728
1.386429034	103.8709283
1.38643368	103.8630046
1.386437055	103.8673539
1.386438456	103.8719772
1.386439774	103.8651395
1.386443869	103.8728384
1.386446833	103.8727812
1.386449531	103.8652057
1.386451054	103.8672672
1.38646007	103.8736417
1.386463804	103.8588649
1.386465268	103.8641037
1.386465347	103.8645804
1.386470154	103.8622085
1.386470562	103.861577
1.386470789	103.8723186
1.386475532	103.8613922
1.386475796	103.8614446
1.386476501	103.8670828
1.386478001	103.8615053
1.38648011	103.8705281
1.386484455	103.8613357
1.386485913	103.8682915
1.386492105	103.8726803
1.386492945	103.8727379
1.386493046	103.8670095
1.386494471	103.8666555
1.386498666	103.864623
1.38650258	103.8709554
1.38650505	103.8608917
1.386505832	103.8726271
1.386506557	103.8591859
1.386507757	103.8641696
1.386508536	103.8629131
1.386513617	103.8592441
1.386521032	103.8593056
1.386523927	103.8667936
1.386525691	103.8618154
1.386528088	103.8593636
1.386528477	103.8735544
1.38653172	103.8627047
1.386533152	103.8725758
1.38653474	103.8680394
1.386535507	103.8594251
1.386536023	103.8646746
1.386539878	103.8612206
1.386539986	103.8692078
1.386540803	103.8668764
1.386542557	103.8594831
1.386546636	103.8723305
1.386547373	103.8628546
1.386548195	103.8705375
1.386549985	103.8595447
1.386552914	103.8679842
1.386552924	103.8682997
1.386553722	103.8725294
1.386557024	103.8596026
1.386563007	103.8719904
1.38656356	103.8679279
1.386564434	103.8596643
1.386569692	103.8647209
1.38657024	103.8617486
1.38657146	103.8678765
1.386571968	103.8597247
1.386574248	103.8636379
1.386576833	103.8622894
1.386579225	103.8608836
1.38657971	103.8642713
1.386582545	103.8678204
1.386586603	103.8598423
1.386593936	103.8716339
1.386594326	103.8665752
1.386594424	103.8598995
1.386595156	103.858889
1.386596954	103.8664362
1.386597845	103.86776
1.386602838	103.8599617
1.386606776	103.8647727
1.386610154	103.8600188
1.386610773	103.8715438
1.386613107	103.8627545
1.386615116	103.8662221
1.386615344	103.8676564
1.386617147	103.8600813
1.386621772	103.8635544
1.386624015	103.8601383
1.386625373	103.8675936
1.386625623	103.8663423
1.38662766	103.8709518
1.386628619	103.8734746
1.386632074	103.8602009
1.386634285	103.8675426
1.386634388	103.8713645
1.386635325	103.864347
1.386637168	103.8616491
1.386639629	103.8720012
1.386640021	103.8602576
1.386640844	103.8648188
1.386644781	103.8674857
1.386645933	103.8603199
1.386647212	103.8712828
1.386651237	103.862697
1.386653798	103.8674345
1.386654839	103.8661268
1.386655835	103.863433
1.386657515	103.8604633
1.386666029	103.8673785
1.386666162	103.873396
1.386667407	103.8605384
1.386667764	103.8615809
1.386668695	103.8588879
1.386668858	103.8723495
1.386674396	103.8673281
1.386676425	103.8660051
1.386678188	103.8648702
1.386678567	103.8709589
1.386680903	103.8701954
1.386684546	103.8705478
1.386693908	103.8625789
1.386695635	103.8614762
1.386696836	103.8633776
1.386697488	103.8644305
1.386705626	103.8684155
1.386709009	103.8649143
1.386713792	103.8659289
1.386713993	103.8614135
1.386715373	103.8732843
1.38672938	103.8608588
1.386732759	103.8644783
1.386735099	103.8709596
1.386736807	103.8657918
1.386741227	103.873202
1.386741984	103.861321
1.386744669	103.8723616
1.386751658	103.8632656
1.386752152	103.8625306
1.386758431	103.861264
1.386760676	103.8705506
1.386762287	103.8720247
1.386769861	103.8657011
1.386774462	103.8683098
1.38677707	103.8638865
1.386777197	103.8639724
1.38677877	103.8611627
1.386780855	103.8631987
1.386785038	103.8654824
1.386787152	103.8709668
1.386788111	103.8655774
1.386789171	103.8645531
1.386791888	103.8730781
1.386793221	103.8591947
1.38679831	103.8695686
1.386799659	103.8592509
1.386801385	103.8637467
1.386805373	103.8608459
1.386807104	103.8593131
1.386813985	103.8593705
1.386814489	103.8611035
1.386815295	103.8588862
1.386817048	103.8650306
1.38682107	103.8682655
1.386821431	103.8594326
1.386823854	103.8646034
1.386824756	103.8691122
1.386826266	103.8602716
1.386826849	103.8653644
1.386828305	103.85949
1.386828524	103.8730197
1.386828905	103.8652673
1.386833273	103.8624439
1.386835051	103.8619259
1.386835753	103.8595522
1.3868387	103.8720369
1.386842339	103.8596098
1.386843547	103.8709684
1.386844296	103.8636887
1.386850023	103.8671226
1.386850379	103.8596681
1.386857552	103.8670403
1.386861242	103.8623777
1.386864343	103.8669878
1.386864807	103.8651188
1.386869179	103.8597964
1.386872979	103.8728986
1.386874881	103.8646683
1.386875459	103.8598541
1.386876401	103.8705766
1.386876427	103.8669313
1.386878688	103.8716606
1.386881899	103.863574
1.386883336	103.8681216
1.386884819	103.8599156
1.386884877	103.8668804
1.386889099	103.8588861
1.386890985	103.8599736
1.386893725	103.8680737
1.386895595	103.8709759
1.386896627	103.8668241
1.386899114	103.8600352
1.386904322	103.8667731
1.38690519	103.860093
1.386905621	103.8715804
1.386908007	103.8728219
1.386912441	103.8647221
1.386913331	103.8679659
1.386914072	103.8601545
1.386914176	103.8667175
1.38691972	103.8602125
1.386921885	103.8714006
1.386922824	103.8635046
1.386923494	103.8666633
1.386924514	103.862879
1.386925979	103.8679105
1.38692784	103.8602732
1.386932951	103.8678579
1.386934875	103.8666097
1.386935114	103.8618411
1.386936742	103.8713059
1.386950858	103.8705782
1.386952349	103.8709765
1.386952625	103.872724
1.386953744	103.8677499
1.386956253	103.8664596
1.386959312	103.8603992
1.386959836	103.8633875
1.386963848	103.8617904
1.386967562	103.8604719
1.386976823	103.867809
1.386979636	103.8676452
1.386981954	103.8726463
1.38698228	103.8675903
1.386988729	103.864793
1.386991518	103.8680343
1.387000897	103.8633275
1.387002974	103.8616906
1.387004319	103.8709841
1.387007584	103.8629251
1.387011899	103.8663887
1.387014519	103.8684262
1.387018014	103.861635
1.387019401	103.8658809
1.387019663	103.8659727
1.387023517	103.8679288
1.387026425	103.872485
1.387026978	103.8621125
1.387027227	103.8588807
1.387032264	103.8615848
1.387033679	103.8677078
1.387043038	103.8724123
1.387047546	103.8615312
1.387047548	103.8683647
1.387060902	103.8709853
1.38706185	103.8614811
1.387065797	103.8662528
1.38707478	103.8620651
1.387077137	103.8614275
1.387078017	103.864337
1.387078044	103.8705709
1.387078243	103.8722862
1.387078977	103.8660633
1.387079993	103.8661921
1.38708445	103.8626379
1.387091439	103.8613773
1.387094537	103.8722135
1.387099228	103.8588803
1.387105341	103.8642705
1.387106722	103.8613238
1.387109567	103.8683735
1.38711333	103.8709937
1.387123032	103.872084
1.387123585	103.8612694
1.387137304	103.8656873
1.387139911	103.8720114
1.38714079	103.8641392
1.387142288	103.8611716
1.387142463	103.8619564
1.387147233	103.8629967
1.387151376	103.8705772
1.387151953	103.8658151
1.38715929	103.8698329
1.38715929	103.8698329
1.3871593	103.861111
1.387163127	103.8626792
1.387164347	103.8683724
1.387165272	103.8703917
1.387165276	103.8703917
1.387166039	103.8672709
1.387171367	103.8640656
1.387177257	103.8591967
1.387181186	103.8592549
1.387181835	103.8654215
1.387185473	103.8593132
1.387185575	103.8610246
1.387187308	103.867219
1.387188417	103.8693372
1.387188468	103.8593749
1.387192318	103.8594326
1.387193561	103.8639352
1.387196194	103.8619099
1.387197346	103.871725
1.387202281	103.8609708
1.387202851	103.8671661
1.387203661	103.8656313
1.387207808	103.8673837
1.387208795	103.8671097
1.387213661	103.867058
1.38721393	103.8716554
1.387214891	103.8709903
1.387219012	103.8655025
1.387224298	103.8650242
1.387224713	103.8608868
1.387225581	103.8630467
1.387233511	103.8638625
1.387233557	103.8669405
1.387238856	103.871518
1.387239813	103.8588791
1.387240863	103.8653187
1.387241066	103.8617528
1.38724147	103.8608303
1.387249098	103.8668852
1.387250514	103.8714359
1.387256291	103.8616694
1.387258252	103.8668287
1.387260599	103.870186
1.387263331	103.8607404
1.387266516	103.8598513
1.387268613	103.8705882
1.387270742	103.865239
1.387271412	103.8606678
1.387272199	103.8637488
1.38727368	103.8712965
1.387275033	103.8627678
1.387275345	103.8667777
1.387278011	103.8667211
1.387286992	103.8666698
1.387288679	103.8606077
1.387288817	103.8615646
1.387291476	103.8710014
1.387302309	103.8636712
1.387304668	103.8605521
1.387305282	103.8712046
1.38730904	103.8597896
1.387312276	103.858879
1.387313336	103.8614933
1.387321931	103.860492
1.387324545	103.8666177
1.387326672	103.8635475
1.387336963	103.8646529
1.387337588	103.8705813
1.387337988	103.8604363
1.387348141	103.8613817
1.387352454	103.8634678
1.387352858	103.8627961
1.387360545	103.8603797
1.387363742	103.8645951
1.387364736	103.8637768
1.387367695	103.869348
1.387367695	103.869348
1.3873718	103.8621933
1.387374118	103.8645407
1.387377624	103.8631066
1.3873798	103.8678447
1.387380445	103.8613117
1.387382647	103.8603386
1.387384641	103.8674101
1.387385467	103.859678
1.387389417	103.864488
1.387392652	103.864164
1.387395384	103.869136
1.387395394	103.869136
1.387395412	103.8650252
1.387403602	103.8664566
1.387404517	103.8644355
1.387404874	103.8595899
1.387406309	103.8632647
1.387406532	103.8611722
1.387406632	103.8710217
1.387415161	103.8665307
1.387419604	103.8643826
1.38742024	103.8633396
1.387432414	103.8663357
1.387434056	103.8622402
1.387434387	103.8610999
1.387438634	103.8602015
1.387441931	103.8678518
1.387444862	103.8674195
1.387449455	103.8589076
1.387453878	103.8643203
1.387453969	103.8706006
1.387457715	103.8609922
1.387460154	103.8671377
1.387461658	103.8683481
1.387463294	103.8662673
1.387466896	103.8601492
1.387468496	103.862877
1.387469796	103.8682932
1.387476935	103.86823
1.387480134	103.8609149
1.387483176	103.8661366
1.387483263	103.8681738
1.387487696	103.8641371
1.387487772	103.8621513
1.387488923	103.8681103
1.387497194	103.8667452
1.387498956	103.8680544
1.387502617	103.8660765
1.387503886	103.8595032
1.387505529	103.867847
1.38750596	103.8601015
1.387506504	103.8672403
1.387506795	103.8608048
1.387507069	103.8640863
1.387508011	103.8674297
1.387513674	103.8619836
1.387514299	103.8640312
1.387518306	103.8671446
1.387522887	103.858908
1.387526028	103.8659624
1.387527987	103.8607314
1.387529474	103.8639786
1.387538464	103.8706144
1.387538574	103.865888
1.387539798	103.8600543
1.387540336	103.8629198
1.387545394	103.8594428
1.38755825	103.8622551
1.387558686	103.8667569
1.3875594	103.8606209
1.387559801	103.8638733
1.387562352	103.8678668
1.387564633	103.8639335
1.387564682	103.8674372
1.387573081	103.8657654
1.387575285	103.8600026
1.387577524	103.863804
1.387578523	103.8605435
1.387578711	103.8620061
1.38758113	103.8671521
1.387586049	103.8649805
1.387588374	103.8657049
1.387592688	103.862353
1.387608128	103.8599548
1.387614866	103.8667651
1.387616385	103.8655908
1.38762423	103.8593289
1.387625684	103.8678758
1.387628235	103.867446
1.387638313	103.8671624
1.387643608	103.8599032
1.387647025	103.8655195
1.387651036	103.86499
1.387659594	103.8665597
1.387662694	103.8589103
1.387666106	103.8592652
1.387675732	103.8664896
1.387676455	103.8598554
1.387678731	103.8653961
1.387678908	103.8615223
1.387679053	103.8667732
1.387680372	103.8620832
1.387682927	103.8624229
1.387684549	103.8674553
1.387687018	103.8678807
1.387692659	103.8663604
1.387695336	103.8653304
1.387700912	103.8671731
1.387702699	103.8603642
1.387706286	103.8662997
1.387728041	103.8679015
1.38773256	103.8615755
1.387733033	103.8603156
1.387734039	103.8621215
1.387735647	103.8589095
1.387744294	103.8597566
1.387747332	103.8667522
1.387747666	103.8674648
1.387750867	103.8661759
1.387751887	103.8624648
1.387758196	103.8671801
1.387760986	103.8661145
1.387764934	103.8612714
1.387776048	103.8602532
1.387777135	103.8597088
1.387786668	103.8659889
1.38779147	103.8650059
1.387804398	103.8674738
1.387806292	103.8629339
1.387809492	103.8622309
1.387809552	103.8647271
1.387809555	103.8602041
1.387809563	103.8663273
1.387810377	103.8659276
1.387812618	103.8596572
1.387818694	103.864675
1.387820858	103.8671894
1.387826051	103.8616401
1.387840426	103.8658039
1.387843843	103.8613199
1.387845458	103.8596094
1.387850926	103.8601409
1.387859839	103.8650153
1.387862943	103.8647983
1.387869936	103.8645167
1.387870861	103.8646283
1.387872845	103.8644518
1.387873954	103.8657502
1.387877095	103.867198
1.387880424	103.861693
1.387881263	103.8595589
1.387881364	103.8645754
1.38788314	103.8656175
1.387884379	103.8600891
1.387889336	103.8608476
1.387898536	103.8655539
1.387900715	103.8642634
1.38790128	103.8622957
1.387902039	103.8643207
1.387911246	103.8642096
1.387915008	103.8595097
1.387921729	103.864156
1.387925676	103.8654281
1.387927486	103.8614175
1.387927712	103.8682314
1.387929733	103.8596651
1.387932271	103.8641018
1.387937946	103.8608977
1.387939818	103.868148
1.387943117	103.864048
1.387945449	103.863993
1.387949278	103.8594582
1.387957984	103.8638757
1.387964092	103.8639408
1.387967452	103.8617808
1.387971484	103.8599692
1.387982113	103.8594104
1.387984138	103.8680343
1.387986584	103.8614543
1.387999219	103.8653743
1.388003828	103.8679636
1.388005956	103.859919
1.388015609	103.8668283
1.388018178	103.8626124
1.388029332	103.8640102
1.388035948	103.8618179
1.388040161	103.8651546
1.388045472	103.8678396
1.388047894	103.8609993
1.388050682	103.8598568
1.388052557	103.8650831
1.388057578	103.8604821
1.388057824	103.8593288
1.388060477	103.8677607
1.388075031	103.8615452
1.38808172	103.8676353
1.388082816	103.8592639
1.388083092	103.8598077
1.388094423	103.8649696
1.388096717	103.8668389
1.388100851	103.8610455
1.388111997	103.8665401
1.38811524	103.8666092
1.388118309	103.8592122
1.388120478	103.8675539
1.388122301	103.8615865
1.388123954	103.8648984
1.388125838	103.8605467
1.388127987	103.8597456
1.388150817	103.8664235
1.388151158	103.8591644
1.388151219	103.8619139
1.388156449	103.8663499
1.388159166	103.8647833
1.388160373	103.8604673
1.388160508	103.8596968
1.388166325	103.8603032
1.388169603	103.8674331
1.388172289	103.8647142
1.388174043	103.8624559
1.388175984	103.867359
1.388186281	103.8645968
1.388186652	103.8591128
1.388193255	103.8662373
1.388201653	103.8596327
1.388204024	103.8645257
1.388207811	103.8672283
1.388208426	103.8661709
1.388216248	103.8611153
1.388219488	103.859065
1.388223112	103.8616514
1.388227584	103.8671585
1.388227763	103.8587405
1.388234323	103.8595793
1.388235042	103.8644153
1.388237322	103.8668363
1.388244987	103.866061
1.388245443	103.8619653
1.388250261	103.8643553
1.388254986	103.8590133
1.388256709	103.8603628
1.388259119	103.8622595
1.388261348	103.8659876
1.388270276	103.8617105
1.388273993	103.8611647
1.38828317	103.8642399
1.388286801	103.8656594
1.388287821	103.8589655
1.388291109	103.8601203
1.388300593	103.8641755
1.388302213	103.8627239
1.388307513	103.8594745
1.38832407	103.864059
1.388328257	103.8657541
1.388340313	103.8594166
1.388346291	103.863995
1.388352813	103.8612535
1.38836255	103.8668418
1.388367231	103.8656927
1.388370268	103.8638858
1.388375297	103.8655643
1.388376361	103.8617839
1.388381008	103.8601769
1.388382654	103.8593587
1.3883905	103.8666322
1.388393675	103.86082
1.388400981	103.8638169
1.388401584	103.8655077
1.388417973	103.8593111
1.388418251	103.8612997
1.388420806	103.8653784
1.388423473	103.8618255
1.388428006	103.8607695
1.388432349	103.8664563
1.388433136	103.8599407
1.388441847	103.8653184
1.38844451	103.8662997
1.388452587	103.8652023
1.388458913	103.8662375
1.388461344	103.859249
1.38849182	103.8651211
1.388495321	103.8592002
1.388497303	103.8613772
1.388506476	103.8661188
1.38850679	103.8599959
1.388511702	103.861296
1.388522433	103.8660492
1.388525211	103.8650078
1.388525893	103.8606298
1.388534168	103.863458
1.388537296	103.8591388
1.388539764	103.8628742
1.388542899	103.864943
1.388543858	103.8614317
1.388550072	103.8597521
1.388556023	103.8598692
1.388559497	103.8620362
1.388562907	103.85908
1.388568735	103.8605609
1.388570828	103.8626368
1.388572038	103.8622472
1.388576458	103.8648274
1.388578956	103.8647619
1.388584202	103.8610333
1.388592747	103.8658277
1.388618162	103.864639
1.388618948	103.8657733
1.388630236	103.8598084
1.388633451	103.8645773
1.388637909	103.8604403
1.388646666	103.8614987
1.388648538	103.8656272
1.388649767	103.8609197
1.388668967	103.8655687
1.388670119	103.8644606
1.388672145	103.8643799
1.388676632	103.8595602
1.388680977	103.8648548
1.38868653	103.8653763
1.388686921	103.8654416
1.388688129	103.8615595
1.388696919	103.8603841
1.388711581	103.8642707
1.388713322	103.8607877
1.388714423	103.8629592
1.388728054	103.8642033
1.388735445	103.8652238
1.388747789	103.8651721
1.3887566	103.8640864
1.388760329	103.8596284
1.388760952	103.8607192
1.388775462	103.862708
1.388781762	103.8640118
1.388792438	103.8593916
1.388799214	103.865055
1.388799371	103.858771
1.388805282	103.8639013
1.388821671	103.8649967
1.388824054	103.8638288
1.388833689	103.8648022
1.388837381	103.8648594
1.388859484	103.8636982
1.388864882	103.860611
1.388866155	103.8601323
1.388878697	103.8636173
1.388881227	103.8617924
1.388883954	103.8646819
1.388901886	103.8594404
1.388905249	103.8612777
1.388908756	103.8600707
1.388919969	103.8646282
1.388928307	103.8605272
1.388932997	103.8631331
1.388942404	103.8644881
1.388955651	103.861994
1.388961043	103.8644218
1.388975983	103.8611716
1.388981334	103.8642966
1.388982316	103.8642301
1.388989611	103.8622892
1.388989632	103.862924
1.389003016	103.8599546
1.389030414	103.8640777
1.389038122	103.8627085
1.389048635	103.8598811
1.389072035	103.8603081
1.389074715	103.8610352
1.389075688	103.8640285
1.389077859	103.861695
1.389107761	103.8639076
1.389107768	103.8639075
1.38910779	103.863842
1.389118237	103.8602262
1.38912737	103.8597448
1.389136121	103.862389
1.389150812	103.8617031
1.389174535	103.8596904
1.389199377	103.8610166
1.389202462	103.8600984
1.389214113	103.8613235
1.389218256	103.8608464
1.389222751	103.8591946
1.389223547	103.8620938
1.389224273	103.8600163
1.38922907	103.862
1.389240975	103.8634889
1.389245036	103.8595603
1.38924832	103.862162
1.389259422	103.8633887
1.389260632	103.8622608
1.389271958	103.8607685
1.389286532	103.8613673
1.389287138	103.8632686
1.389295091	103.8619307
1.389312165	103.8617588
1.389320742	103.8594853
1.389323732	103.8631997
1.389336892	103.8630831
1.389338788	103.860652
1.38934024	103.8598965
1.389362645	103.8598079
1.389376363	103.8630101
1.389390225	103.861774
1.389395056	103.8606041
1.389421398	103.8611348
1.389435837	103.8613879
1.389444182	103.8589074
1.389458741	103.8627454
1.389464654	103.8604721
1.389470466	103.8596779
1.389485183	103.8626307
1.389498049	103.8612308
1.38950266	103.8625203
1.389502919	103.8614263
1.38950385	103.8596088
1.389520037	103.8624536
1.389536338	103.8604275
1.389550613	103.8623421
1.389554718	103.8609693
1.389559751	103.8610494
1.389568784	103.8622578
1.389610004	103.8621587
1.389627018	103.8620845
1.38964177	103.8607753
1.389661914	103.8619648
1.389671016	103.860716
1.389680312	103.8619001
1.389715927	103.8617891
1.389736793	103.8617069
1.389754488	103.8594304
1.389757066	103.8605645
1.389765333	103.8616
1.389786954	103.8615338
1.389818915	103.8614185
1.389834477	103.8613446
1.389869323	103.8612261
1.389883006	103.8598395
1.389888216	103.8611602
1.389921613	103.8610423
1.389923222	103.8597806
1.389944407	103.860977
1.389956436	103.8590525
1.389971901	103.8608583
1.389996503	103.8607921
1.390025946	103.8606738
1.390045066	103.8606077
1.390045301	103.8606073
1.390053906	103.8599067
1.390162503	103.8603024
1.390201948	103.860066
1.390233649	103.8600615
1.39030427	103.8594713