1.368208395	103.8299873
1.368288725	103.8291665
1.368471026	103.8286429
1.369478118	103.8280753
1.369517152	103.8278624
1.369557149	103.827658
1.369919303	103.8279107
1.369957081	103.8289295
1.369971244	103.8292039
1.370010038	103.8289322
1.370027292	103.8281241
1.37003559	103.8291537
1.370065007	103.828933
1.370081296	103.8294597
1.370088333	103.8291775
1.370091121	103.8296419
1.370094871	103.8295299
1.370105041	103.8298057
1.370106911	103.8296946
1.370114523	103.8297494
1.370121565	103.8289176
1.370122583	103.8295829
1.370134105	103.8300229
1.370140134	103.8300866
1.370144274	103.8291708
1.370149516	103.8301804
1.370156317	103.8298543
1.370163145	103.8299087
1.37016438	103.8302946
1.370167399	103.8303508
1.37017024	103.8299631
1.370176387	103.8289239
1.370189139	103.8305672
1.370190723	103.8305111
1.370194282	103.8304011
1.370199661	103.8291706
1.370204603	103.8302344
1.370222447	103.8307286
1.370224647	103.8307873
1.370227997	103.8308861
1.370229691	103.8306174
1.370230791	103.8304518
1.370230913	103.8289315
1.37023777	103.8306716
1.370254593	103.8291754
1.370257971	103.8309447
1.370258275	103.831055
1.370288501	103.8289561
1.370296804	103.8309954
1.370308901	103.8314914
1.370309382	103.829176
1.370311253	103.8311039
1.370316323	103.8313258
1.370318843	103.8311582
1.370326281	103.8312124
1.370333606	103.8312667
1.37034056	103.8314318
1.37034058	103.8315648
1.370346593	103.8316199
1.370348328	103.8313753
1.370365348	103.8291806
1.370372501	103.8316955
1.370380728	103.8297752
1.370389625	103.8295749
1.37038969	103.8289498
1.370419604	103.8291883
1.370450684	103.8295682
1.370450705	103.8289497
1.370460169	103.8297838
1.370462258	103.8299083
1.370474027	103.8291976
1.37047566	103.8300172
1.370482299	103.8300717
1.370482853	103.8298511
1.370485919	103.8281728
1.370489093	103.830126
1.370491112	103.82996
1.370495667	103.8301804
1.370497022	103.8281692
1.370497022	103.8281692
1.370502249	103.8302347
1.370504623	103.8295785
1.370505222	103.8289592
1.370509075	103.8302891
1.370522185	103.8303958
1.370535894	103.830504
1.370537507	103.8292042
1.370543074	103.8305608
1.370560875	103.8289556
1.370561161	103.8303379
1.370563084	103.8295476
1.370586101	103.8306641
1.37059155	103.8309413
1.370593653	103.8306098
1.370609872	103.8307735
1.370609896	103.8307178
1.370616123	103.8289545
1.370618074	103.829552
1.370622831	103.8308823
1.370627542	103.8308266
1.370629155	103.8292443
1.370643061	103.8310463
1.370644546	103.8313836
1.370648138	103.8309895
1.370649136	103.8310989
1.370659254	103.8316119
1.370659851	103.8314461
1.370666047	103.8316662
1.370670171	103.8289677
1.370670346	103.8295877
1.370679175	103.8315541
1.370694262	103.8292028
1.370706001	103.831495
1.370706207	103.8311658
1.370724066	103.8289871
1.370728003	103.829561
1.370734484	103.831712
1.370748179	103.8292057
1.370760427	103.8297855
1.370767401	103.8317638
1.370775239	103.8318313
1.370779021	103.8299554
1.370779609	103.8289847
1.370782841	103.8295654
1.370787048	103.8300092
1.370788518	103.8298986
1.37079183	103.830118
1.370799247	103.8298421
1.370805436	103.829202
1.370809466	103.8300622
1.370810812	103.8303376
1.370811204	103.830227
1.370811423	103.8301718
1.370821601	103.8302809
1.370828603	103.8303912
1.370833992	103.8289953
1.37083549	103.8295944
1.370837436	103.8305091
1.370855001	103.8306011
1.370857945	103.8292306
1.370872505	103.8304424
1.370890581	103.8289913
1.370895503	103.8296048
1.370899654	103.8317685
1.370901452	103.8315356
1.370903091	103.8309333
1.370904095	103.8307676
1.370904871	103.8306571
1.370911351	103.8307115
1.37091138	103.8318666
1.37091459	103.8292202
1.370918781	103.8309869
1.370924816	103.8308203
1.370931179	103.8308747
1.370934778	103.8282415
1.370935639	103.8312054
1.370946469	103.8289805
1.370950932	103.8310378
1.37096675	103.8312669
1.370968855	103.8292437
1.370973237	103.8311457
1.370983654	103.8310892
1.370984406	103.8315758
1.371001023	103.8289823
1.371011475	103.8318947
1.371023202	103.8292468
1.371049777	103.8316256
1.371061558	103.82898
1.371078004	103.8292539
1.371100132	103.8295908
1.371118578	103.8299148
1.371121548	103.8319422
1.371125522	103.8299691
1.37113233	103.8300235
1.371132348	103.8292524
1.37114579	103.8301319
1.371148555	103.8298028
1.371156222	103.8295954
1.371157098	103.8316675
1.371164626	103.8301848
1.371165663	103.8298524
1.37117986	103.8304037
1.371182309	103.8300727
1.371185814	103.8292758
1.371186581	103.8304582
1.371188109	103.8302923
1.371194934	103.8303467
1.371207843	103.8302355
1.371210693	103.8296069
1.371220076	103.8319707
1.371221089	103.8307294
1.371236708	103.8305075
1.371244141	103.8305707
1.371245219	103.8309474
1.371251255	103.8310019
1.371253102	103.8306611
1.371257168	103.8310563
1.371263316	103.8296384
1.371266144	103.8316914
1.371266464	103.8292918
1.371271239	103.8308892
1.3712728	103.8307786
1.371281893	103.830834
1.371303428	103.828997
1.371305864	103.8311051
1.371307968	103.8311595
1.371317061	103.8320421
1.371319066	103.8296326
1.371322238	103.831214
1.371325968	103.8289654
1.371329896	103.8288993
1.37133278	103.8289031
1.371336706	103.8313223
1.371356855	103.831265
1.371372178	103.8290544
1.371372485	103.8290618
1.371374893	103.8296272
1.37138166	103.8313751
1.371383526	103.8317052
1.371421212	103.8320686
1.371431002	103.8296179
1.371433116	103.829093
1.371438867	103.8290894
1.371443703	103.8301029
1.37145576	103.8299069
1.371460821	103.8298499
1.371462269	103.8301691
1.371473728	103.8291613
1.371473879	103.8291611
1.371483283	103.8296538
1.371483851	103.8317208
1.371492183	103.8302784
1.371496566	103.8305295
1.371497843	103.8307131
1.371499512	103.8303379
1.371511588	103.8304562
1.371519329	103.832137
1.371534713	103.8306377
1.371538425	103.8296576
1.371543269	103.8308082
1.371547152	103.8291755
1.371552756	103.8291723
1.371554066	103.8308866
1.371564533	103.8318471
1.371579941	103.8292553
1.371579986	103.8292552
1.371581226	103.8311714
1.371586604	103.831053
1.37159515	103.8309942
1.371595179	103.8296169
1.371596773	103.831244
1.371622436	103.832165
1.371649544	103.8314547
1.37165298	103.8313515
1.371653232	103.8292741
1.371653346	103.8292739
1.371684585	103.8318352
1.371708433	103.829314
1.371716427	103.8293069
1.371725357	103.8322079
1.371744523	103.8326313
1.371756974	103.8281799
1.371782023	103.8325952
1.371802584	103.831841
1.371802794	103.8296753
1.371804239	103.8293568
1.371808342	103.8293446
1.371808342	103.8293446
1.371808342	103.8293446
1.371823271	103.8325547
1.371827875	103.8322507
1.371849699	103.8298804
1.371856332	103.8296957
1.371859243	103.8325194
1.37187463	103.8299508
1.371875937	103.8302527
1.371877315	103.8300587
1.371881457	103.8301344
1.371882938	103.8303367
1.371892679	103.8304375
1.37189943	103.8318716
1.371899571	103.8305036
1.371900501	103.8324789
1.371913262	103.8296776
1.37191656	103.8306301
1.371931322	103.8306919
1.371932479	103.8308005
1.371936458	103.8324436
1.371944404	103.8308611
1.371947993	103.8289009
1.371957789	103.8289068
1.371960017	103.8309877
1.371962357	103.8310556
1.371967928	103.8296868
1.371977753	103.8324031
1.371980741	103.8311651
1.371982059	103.8312319
1.372001686	103.8313445
1.372002823	103.8319182
1.372005016	103.8314109
1.372014085	103.8323669
1.372020664	103.8297074
1.372027781	103.8315255
1.372047985	103.8323236
1.372076612	103.8316095
1.372076877	103.8296972
1.3720788	103.8329201
1.372097747	103.8319775
1.372107429	103.8328815
1.372125173	103.8321821
1.372125333	103.8328262
1.372132237	103.829707
1.372140634	103.8327788
1.372158118	103.8327234
1.372166439	103.8301221
1.372167088	103.8304627
1.372168412	103.8321998
1.372174116	103.8306125
1.372180252	103.8326778
1.372181155	103.8302355
1.372181604	103.830721
1.372183388	103.8303509
1.372187217	103.8297115
1.372190315	103.8300123
1.372196683	103.8308362
1.372198511	103.8309361
1.372201174	103.831933
1.372211282	103.8326227
1.372217332	103.8299071
1.372224719	103.8322167
1.37222499	103.8310549
1.372230058	103.8316219
1.372239318	103.8319923
1.372240691	103.8297278
1.37224795	103.8312693
1.372248748	103.8311531
1.37226186	103.8313739
1.372269481	103.8314883
1.372271864	103.832233
1.3722957	103.8297434
1.372306493	103.8319672
1.372308536	103.8329345
1.372319496	103.8290182
1.372325893	103.8322588
1.372336257	103.8328764
1.372353211	103.8316987
1.372358999	103.8319843
1.372361593	103.8327955
1.372374351	103.8322757
1.372380737	103.8327407
1.372396769	103.8326923
1.372411439	103.8320013
1.372414654	103.8326382
1.372429527	103.8322941
1.372430435	103.8325853
1.37246387	103.8320183
1.372477532	103.8323097
1.372498134	103.8305934
1.372512362	103.8320473
1.372514159	103.8279071
1.372532657	103.8323283
1.372557163	103.8320898
1.372570723	103.8281886
1.372572339	103.8307311
1.372580812	103.8323434
1.372584155	103.8296081
1.372586527	103.8296029
1.37261576	103.8310455
1.372616255	103.8309354
1.372617511	103.8320805
1.372632364	103.8311264
1.372650814	103.8296273
1.37265082	103.829627
1.372656184	103.8313526
1.372657498	103.8278513
1.372659246	103.8321297
1.372660706	103.8314349
1.372662088	103.8315464
1.37266337	103.8298579
1.372663558	103.8300108
1.372666978	103.8299092
1.372667796	103.8308699
1.372669395	103.8323736
1.372675702	103.8316222
1.372697196	103.8317529
1.37270007	103.8329089
1.372701938	103.8302054
1.372709138	103.8301518
1.372716018	103.8328476
1.372718348	103.829621
1.37271836	103.8296208
1.37271845	103.8323884
1.372719854	103.8318292
1.372725983	103.8321032
1.372731663	103.8328005
1.372743505	103.8302878
1.372749032	103.8327449
1.372761259	103.8281681
1.372765146	103.8326973
1.372774364	103.8324046
1.372777107	103.8303321
1.372777605	103.8321199
1.372783526	103.8296039
1.372785892	103.829609
1.372808057	103.8277768
1.372815299	103.8311049
1.372818117	103.832249
1.372821818	103.8324214
1.372836427	103.8308249
1.372852571	103.8277167
1.372853434	103.8296091
1.37285571	103.8296047
1.372870862	103.8303955
1.372873722	103.8328523
1.37287462	103.832163
1.3728769	103.8324396
1.372884259	103.8298751
1.372884557	103.8315292
1.37288655	103.8311255
1.372891957	103.830843
1.37291825	103.8322193
1.372918479	103.8296463
1.372920575	103.8300956
1.372920913	103.8296551
1.372925056	103.8324544
1.372932511	103.8328468
1.372934001	103.8318059
1.372935833	103.8308875
1.372952928	103.8276657
1.372974387	103.8322242
1.372979994	103.8324733
1.372982935	103.8304463
1.372985897	103.8276052
1.37298687	103.831823
1.372988627	103.8296093
1.37298953	103.8308984
1.372990949	103.8296041
1.372991213	103.8328419
1.373008321	103.8315683
1.373011681	103.8298617
1.373019012	103.8311849
1.373020054	103.8299549
1.373022499	103.829871
1.373023562	103.8299648
1.373028428	103.8322354
1.373028524	103.8324868
1.373029586	103.8283155
1.373034247	103.8300444
1.373035698	103.828002
1.373041529	103.8318336
1.373041688	103.8309167
1.373046303	103.830039
1.373046306	103.830039
1.37305039	103.8328355
1.373054048	103.8289583
1.373055265	103.8289475
1.373064078	103.8301256
1.373078055	103.8296332
1.373079468	103.8296309
1.37308137	103.831184
1.373081698	103.8275327
1.373083153	103.8325067
1.373083994	103.8301206
1.373086565	103.8283127
1.373089433	103.8322606
1.373091742	103.8318569
1.373099547	103.8304982
1.373101317	103.8309115
1.373104086	103.8280147
1.373105641	103.8328425
1.373120573	103.8316101
1.373120713	103.8274876
1.373131653	103.8325214
1.373140442	103.8301849
1.373141193	103.8301816
1.373141562	103.8283109
1.373144166	103.8318738
1.373145475	103.8283866
1.373153456	103.8309284
1.373157535	103.8279801
1.37316808	103.8328521
1.373174311	103.8305085
1.373192753	103.832274
1.373192971	103.8273871
1.373196911	103.8283124
1.373198325	103.8309687
1.373199853	103.8318918
1.373200667	103.8312464
1.373210537	103.8302375
1.373212139	103.8278143
1.373213609	103.8279984
1.373213748	103.8302396
1.373220757	103.832551
1.37322352	103.8273357
1.373236203	103.8323107
1.373236216	103.8316811
1.373248333	103.8282374
1.373252583	103.8283217
1.373255482	103.8312496
1.373256131	103.8309914
1.373267313	103.832867
1.373267445	103.8305547
1.373268512	103.8325663
1.3732687	103.8279958
1.373270326	103.8272327
1.373281481	103.832348
1.373286277	103.8302796
1.373287475	103.8277904
1.373289674	103.8302738
1.373299744	103.8319348
1.373300107	103.8271725
1.373306305	103.8282915
1.373324245	103.832583
1.373324257	103.8280036
1.373337684	103.8305846
1.373340665	103.8323468
1.373349366	103.8319523
1.37335317	103.8310131
1.373355533	103.8270604
1.373359918	103.8316731
1.373360715	103.828277
1.373364136	103.8270008
1.373367841	103.8277863
1.373368876	103.8303092
1.373370998	103.8303131
1.373371659	103.8325995
1.373372284	103.8312875
1.373374869	103.8268976
1.373378624	103.8279873
1.373382163	103.8268296
1.373395961	103.8323527
1.373403769	103.8319696
1.373405116	103.8267335
1.373407964	103.8266649
1.373408061	103.8310357
1.373415804	103.8282741
1.373423539	103.8277836
1.373427076	103.832617
1.373433399	103.8279894
1.373434453	103.8265115
1.373436659	103.8318667
1.373440824	103.831311
1.37344665	103.832376
1.373446688	103.8306346
1.373453587	103.8274835
1.373453951	103.8303499
1.373455604	103.8319829
1.373460313	103.8310532
1.37347046	103.8317139
1.373470848	103.8282713
1.373474583	103.8326334
1.373474924	103.8283528
1.373479367	103.8277865
1.373487771	103.8279807
1.373498137	103.8323937
1.373498362	103.8306508
1.373508321	103.8320043
1.373512841	103.830369
1.37351298	103.8310695
1.373518376	103.8274708
1.373527193	103.8282942
1.373530206	103.8326502
1.373533973	103.8277847
1.373544441	103.8279922
1.373550504	103.8264462
1.373551293	103.8272726
1.373558283	103.8313434
1.373560924	103.8320177
1.373560998	103.8323868
1.373565806	103.830379
1.373566354	103.8310836
1.373574041	103.8274646
1.373577575	103.832667
1.373581793	103.8282826
1.373588843	103.8277754
1.373590954	103.8317562
1.373600025	103.8279793
1.373613169	103.8320354
1.373616618	103.8272367
1.373618658	103.8306906
1.373619784	103.8303902
1.373623079	103.8310875
1.373625008	103.8313695
1.373629115	103.8274769
1.373633156	103.8326839
1.373637233	103.8282858
1.373643777	103.8277726
1.373652946	103.8279775
1.373670353	103.8320457
1.373671111	103.8272543
1.373674884	103.8304006
1.373676687	103.832707
1.373678262	103.8310923
1.373681819	103.830674
1.37368421	103.8274746
1.373691432	103.8282693
1.373695693	103.8283548
1.37369723	103.8317799
1.37369881	103.8277699
1.373701858	103.8324366
1.373703197	103.8268056
1.373709008	103.8279729
1.373729716	103.8272522
1.373737023	103.8297123
1.373737452	103.8265218
1.37373859	103.8274577
1.373743095	103.8304267
1.373747305	103.8311392
1.373748642	103.8282859
1.373754301	103.8277783
1.373754783	103.8314268
1.373755806	103.8324711
1.373756409	103.8300349
1.373764064	103.8279702
1.373774181	103.8269077
1.373778989	103.8326971
1.373780829	103.8320835
1.373782994	103.8272485
1.373790199	103.8293133
1.373792913	103.8296842
1.373794366	103.82747
1.373801717	103.8282721
1.373808572	103.8266298
1.37380934	103.8277733
1.373810659	103.8299224
1.37381089	103.8324717
1.373810903	103.831815
1.373816487	103.8307434
1.373818975	103.827965
1.373820814	103.831422
1.373839278	103.8272717
1.373840775	103.832698
1.37384817	103.8296842
1.373848227	103.8274467
1.373850477	103.8304407
1.373852941	103.8282744
1.373856609	103.8283474
1.373858004	103.8311544
1.373859771	103.8320783
1.373863957	103.8277619
1.373865694	103.8300168
1.373873313	103.8279654
1.373876222	103.8324733
1.373893515	103.8272521
1.373897264	103.8326991
1.373899044	103.8307428
1.373903147	103.8274409
1.37390336	103.8296844
1.37390344	103.826682
1.373912842	103.8304519
1.373913838	103.832097
1.373919034	103.8277588
1.373920649	103.8312294
1.373920843	103.8300435
1.373922859	103.8311372
1.373926793	103.8317851
1.373930021	103.8279572
1.373934502	103.8314318
1.373937182	103.8269386
1.373950355	103.8272434
1.373958724	103.8274489
1.373964889	103.8327009
1.373965076	103.8282643
1.373967845	103.8304583
1.373972501	103.8324756
1.37397415	103.8277562
1.373974293	103.8267091
1.373975171	103.832083
1.37397605	103.8300269
1.373977498	103.8311603
1.373984311	103.8279599
1.374001604	103.8272414
1.374009124	103.8269379
1.374011267	103.8314332
1.374013773	103.8274462
1.374014322	103.8296827
1.374014957	103.8307345
1.374022072	103.832701
1.374023415	103.8304371
1.374023848	103.8282624
1.374029204	103.8277533
1.374031085	103.8300524
1.374031357	103.8324805
1.374033295	103.8311636
1.374039589	103.8279615
1.37405313	103.8317892
1.374060147	103.8272392
1.374067707	103.8297039
1.374068417	103.8274352
1.374078052	103.8304569
1.374079064	103.8282544
1.374079188	103.8320913
1.374084346	103.826728
1.374084405	103.827756
1.374085714	103.8324617
1.374088144	103.8311427
1.374091165	103.8300228
1.37409243	103.8327023
1.374092481	103.8279494
1.374095043	103.8307335
1.374114828	103.8272462
1.374119683	103.8269429
1.374120534	103.8314305
1.374124076	103.8296853
1.37412944	103.8274302
1.374132948	103.8304668
1.374133382	103.8282366
1.374134495	103.8320981
1.37414167	103.8324938
1.374144357	103.8311383
1.374144545	103.8277519
1.374148126	103.8267535
1.374149803	103.8279444
1.374150797	103.8327035
1.374156223	103.8323815
1.374156281	103.831791
1.374179123	103.8296855
1.374185916	103.8269209
1.374187349	103.8300293
1.374188497	103.8304684
1.374189283	103.8282538
1.374189586	103.8320948
1.374196923	103.8324815
1.374198051	103.830729
1.374198165	103.8311554
1.374200298	103.8314513
1.374220855	103.8327052
1.374224971	103.8272368
1.374234098	103.8296867
1.374237311	103.8274368
1.374243666	103.8282311
1.374244615	103.8320988
1.374251029	103.8277416
1.374251333	103.8300476
1.374251334	103.8311597
1.374251613	103.8304651
1.374252943	103.8324827
1.374261247	103.827947
1.374275434	103.8307357
1.374275741	103.8267602
1.374276441	103.8327166
1.374279836	103.8269304
1.374280801	103.8272342
1.374288007	103.8318174
1.374289392	103.829686
1.374290731	103.8274296
1.37429819	103.8320866
1.374301106	103.8282596
1.374306422	103.8300358
1.374306971	103.827749
1.374307638	103.8324442
1.374309246	103.8314228
1.374317165	103.8279535
1.374335852	103.8272316
1.374342264	103.8267557
1.374345822	103.8304657
1.374346611	103.8296748
1.374346742	103.8274447
1.374351438	103.8269291
1.374352971	103.8312183
1.374354834	103.8282567
1.37435491	103.8320996
1.374361452	103.8300517
1.374362068	103.8277465
1.374365621	103.832445
1.374372435	103.8279375
1.374381119	103.8307402
1.374386438	103.8317946
1.374390978	103.8272282
1.37439433	103.831436
1.374398488	103.8296863
1.374401106	103.8274295
1.374408302	103.8304657
1.374410076	103.8320955
1.37441028	103.8282501
1.37441652	103.8277328
1.374417974	103.8300203
1.374418916	103.8311725
1.374426651	103.8279334
1.374429664	103.8327218
1.374437541	103.8267529
1.374446075	103.8272261
1.374450427	103.826921
1.37445453	103.8307423
1.374455933	103.8274219
1.374463506	103.8304771
1.37446473	103.8324899
1.374465257	103.828247
1.374470493	103.8300208
1.374472002	103.8277384
1.374473468	103.83117
1.374473804	103.8320953
1.374481696	103.8279306
1.374485365	103.8327125
1.374501147	103.8272232
1.374501716	103.8296413
1.374505628	103.831797
1.374508996	103.8269177
1.374510234	103.8274033
1.374513527	103.8314479
1.374518632	103.8304773
1.374520267	103.8282438
1.374520722	103.8267484
1.374526648	103.8277274
1.37452707	103.8300551
1.37452823	103.8324484
1.374528814	103.8311657
1.374536619	103.8279253
1.374553197	103.8327156
1.374556291	103.8272215
1.37456473	103.8297049
1.374565196	103.8273972
1.374567353	103.8314488
1.374570336	103.8307819
1.374573201	103.8321019
1.374574048	103.8304693
1.374574646	103.8282335
1.374581106	103.8300552
1.374582085	103.8277326
1.37458288	103.8324929
1.374583786	103.8311722
1.374591667	103.8279225
1.374609249	103.8327144
1.374610996	103.826912
1.37461128	103.8272173
1.374616648	103.8318017
1.374619827	103.8297095
1.374621949	103.8274302
1.374628914	103.8304642
1.37462901	103.8282147
1.374630663	103.8321025
1.37463303	103.828296
1.374633249	103.8276566
1.374636677	103.8277221
1.374638526	103.8324494
1.37463856	103.831182
1.374638764	103.8307539
1.374646702	103.8279197
1.374666436	103.8272144
1.374671844	103.8327325
1.374675149	103.8297137
1.37467632	103.8274127
1.374684241	103.8304708
1.374684824	103.8282391
1.374685793	103.832103
1.374690256	103.8314355
1.374691588	103.8277194
1.37469291	103.8269059
1.374693474	103.8324709
1.374693653	103.8300622
1.374694136	103.8311691
1.374701896	103.8279197
1.374721432	103.8272114
1.374722198	103.8327326
1.374730591	103.8273963
1.374730641	103.8296907
1.37474082	103.8282277
1.37474158	103.8320991
1.374746238	103.8318175
1.374747255	103.8277309
1.374747662	103.8300559
1.374748875	103.8304806
1.374749379	103.8324958
1.374753232	103.830785
1.374754607	103.8311746
1.374757724	103.8279313
1.37475902	103.8314387
1.374777017	103.8272084
1.374780611	103.8327348
1.374785205	103.8297004
1.374787168	103.8274216
1.374795348	103.8282311
1.37479613	103.8321104
1.374801714	103.827714
1.374802358	103.8324964
1.37480282	103.8300561
1.374805247	103.8307864
1.37481174	103.8279163
1.374831182	103.8327349
1.374839151	103.8272131
1.374840643	103.8296908
1.374847887	103.8318251
1.374849237	103.8282034
1.374849837	103.8304776
1.374849903	103.8274014
1.374851425	103.8321028
1.374853103	103.8282847
1.374858156	103.8300564
1.37486121	103.8311644
1.374862654	103.827726
1.374873921	103.8324696
1.374875588	103.8279098
1.374894693	103.8314582
1.374903387	103.8297034
1.374904329	103.8282006
1.374904763	103.8304768
1.374906584	103.8321051
1.374907811	103.8282755
1.374913694	103.8300575
1.374914778	103.8311658
1.374923062	103.83069
1.374948515	103.8314598
1.374959444	103.8281984
1.37495984	103.8304791
1.374968456	103.8300566
1.374969736	103.8311727
1.374970616	103.8318142
1.374995603	103.8320435
1.375004339	103.8306916
1.37500659	103.8296924
1.375014483	103.8281959
1.375015047	103.8304815
1.375023382	103.8300566
1.37502493	103.8271661
1.375024939	103.8311686
1.375043754	103.8273875
1.375061574	103.8296928
1.375069423	103.8305057
1.375069801	103.8282042
1.375077341	103.8318164
1.375078054	103.8279067
1.375078383	103.8300568
1.375080118	103.8311701
1.375083299	103.8314644
1.375085526	103.8271626
1.375102021	103.8277043
1.375105008	103.830755
1.375105626	103.8273859
1.375116728	103.8297191
1.375124558	103.830497
1.375125075	103.8282032
1.375134189	103.831187
1.375141745	103.8314474
1.375144698	103.8279131
1.375169623	103.8271671
1.375170758	103.8307821
1.375171674	103.8297133
1.375180207	103.8304881
1.375180216	103.8282045
1.375181643	103.8300421
1.375182301	103.8328882
1.375184893	103.8328327
1.375185313	103.8329451
1.375185448	103.8330134
1.375188106	103.8327785
1.375189678	103.8277022
1.37519054	103.8311714
1.375190802	103.8327243
1.375199734	103.8279104
1.375209943	103.8325778
1.375219932	103.8273938
1.375226783	103.8297178
1.375228499	103.8330713
1.375234054	103.8271645
1.375235759	103.8282114
1.37523803	103.8325189
1.37524442	103.83005
1.375244501	103.8276985
1.375244572	103.8304905
1.375247684	103.8324627
1.375254772	103.8279078
1.375258519	103.831175
1.375266722	103.8266522
1.375270048	103.8324108
1.375270229	103.8273912
1.375282223	103.8297088
1.375283814	103.8323577
1.375288259	103.830767
1.37529042	103.828207
1.375291763	103.833095
1.375299479	103.8276958
1.375299706	103.8300491
1.375300023	103.8322964
1.375308147	103.8278913
1.375314259	103.8271607
1.375328413	103.8322078
1.375337146	103.8296946
1.375340873	103.8331183
1.375341998	103.8321464
1.375342998	103.8282061
1.375344182	103.8319198
1.37534691	103.8329286
1.375348004	103.8304871
1.375354497	103.827693
1.375354798	103.8300711
1.375356216	103.8320935
1.375358662	103.8318669
1.375364087	103.8307693
1.37536492	103.8279025
1.375368214	103.8319831
1.375372645	103.8320411
1.375373092	103.8318142
1.375377802	103.8271575
1.375383711	103.827387
1.375391006	103.833142
1.375394305	103.8329557
1.375400396	103.8297276
1.375400776	103.8304884
1.375401384	103.8317077
1.375407694	103.8266298
1.375407724	103.8268176
1.375409114	103.8276816
1.375409925	103.8300457
1.37541941	103.8278898
1.37543798	103.8316632
1.375440834	103.8331697
1.375441878	103.8329821
1.375445773	103.8273851
1.375455793	103.8304897
1.375456323	103.8316099
1.375458793	103.8271535
1.375459373	103.8314971
1.375464623	103.8300571
1.375464704	103.8276841
1.375474974	103.8278971
1.375481639	103.830777
1.375482488	103.8281985
1.375485029	103.8266255
1.37548585	103.8268134
1.375488613	103.833198
1.375489288	103.8330087
1.375491765	103.8315622
1.375499129	103.8325467
1.375499309	103.8297335
1.375501564	103.8291123
1.375504749	103.8314525
1.375510834	103.8304909
1.375513521	103.8324785
1.375515136	103.8324785
1.375519547	103.8313997
1.375519862	103.8276835
1.375520126	103.8300721
1.375521145	103.8271507
1.375528578	103.8313249
1.375530184	103.8278946
1.375533459	103.8307786
1.375535119	103.8332255
1.37553642	103.8330359
1.375538235	103.828196
1.375541019	103.8328566
1.375541966	103.8273626
1.375557902	103.8297235
1.375561689	103.8323502
1.375566118	103.8304922
1.375574935	103.827681
1.375575221	103.8300581
1.375575634	103.8322807
1.375579246	103.8266011
1.375581727	103.8332543
1.375582391	103.8328213
1.375584938	103.8278875
1.375585646	103.8330595
1.375585775	103.8268085
1.375592551	103.8281797
1.375599814	103.8273627
1.375603675	103.8271456
1.375613395	103.8296713
1.375619147	103.8321588
1.375621226	103.8304935
1.375627971	103.8332852
1.375629542	103.8330904
1.375630299	103.8276791
1.375637701	103.8320898
1.375640219	103.8278892
1.375645985	103.8265985
1.375647599	103.8281766
1.375650206	103.8327626
1.375651878	103.8282584
1.375663217	103.8319661
1.375664657	103.8268041
1.375666312	103.8271438
1.375668978	103.8297437
1.375673417	103.8333162
1.375673764	103.8331217
1.375676431	103.8304905
1.37567893	103.8318945
1.375682979	103.8311058
1.375685126	103.8276775
1.375687338	103.8300368
1.375691244	103.8327273
1.375694965	103.8278726
1.375702971	103.8281791
1.375707331	103.8273626
1.375716199	103.831061
1.375717945	103.8333474
1.375718843	103.833155
1.37572238	103.8317776
1.375723297	103.8297233
1.375728096	103.8265785
1.375733383	103.8305004
1.375740922	103.8276693
1.375741028	103.8300367
1.375747194	103.8271404
1.375749696	103.8317143
1.375750991	103.8278838
1.375758403	103.828184
1.375760989	103.8310256
1.375763237	103.8333783
1.375764089	103.8331878
1.375767383	103.8267987
1.375770872	103.8329403
1.375777511	103.827356
1.37577843	103.82972
1.375781936	103.8315917
1.375790886	103.8265749
1.375795944	103.8300817
1.37580418	103.8315249
1.375806494	103.8309908
1.375807688	103.8334116
1.375808892	103.8332179
1.375810769	103.8271376
1.375814568	103.8309288
1.375814843	103.8282006
1.375833897	103.8296749
1.375845782	103.8267948
1.375850825	103.8334457
1.375850927	103.8300371
1.375851464	103.8276644
1.375854811	103.8332506
1.375862327	103.8278797
1.375868388	103.8281753
1.37587256	103.8265617
1.375873764	103.8309039
1.375879178	103.8273495
1.375879723	103.8330543
1.375889458	103.8296947
1.375892548	103.827133
1.37589307	103.8334796
1.375900054	103.8332844
1.375904047	103.8308581
1.375906141	103.8300775
1.375907349	103.8276695
1.375917854	103.8278771
1.375923473	103.8281726
1.375926507	103.8330865
1.375930805	103.8273469
1.37593583	103.8265594
1.375937147	103.8335135
1.375942417	103.8333175
1.375942575	103.8308083
1.375945152	103.826782
1.375946702	103.829085
1.375950599	103.8287212
1.375951376	103.8328674
1.375955897	103.8271302
1.375958911	103.8300523
1.375961495	103.8293589
1.37596225	103.827664
1.375972764	103.8278711
1.375978352	103.8281652
1.375979199	103.8335508
1.375983763	103.8331112
1.375984002	103.8312138
1.375984948	103.8333511
1.375995903	103.8328315
1.37599909	103.8296949
1.376005435	103.8307406
1.376005497	103.8287158
1.376006039	103.8290811
1.376012043	103.8267787
1.376012293	103.8273544
1.376014589	103.8300412
1.376015928	103.8293571
1.376017305	103.8276601
1.376018068	103.8265482
1.376019107	103.8335879
1.376026511	103.8333882
1.376027987	103.827872
1.376034553	103.8331408
1.376034746	103.8281901
1.376035516	103.832794
1.376036185	103.8311493
1.376037427	103.8306835
1.376037672	103.8271255
1.376053969	103.8306276
1.376054119	103.829695
1.37605928	103.8336241
1.376059396	103.8320242
1.376060556	103.8287138
1.376061014	103.8290759
1.376066905	103.8331836
1.376070945	103.8293553
1.376071581	103.8334354
1.376072291	103.8276563
1.376074823	103.8327569
1.37607609	103.8305758
1.376080842	103.8265436
1.376083038	103.8278694
1.376084987	103.8318539
1.376089972	103.8281872
1.376098241	103.8300191
1.37610086	103.8271222
1.376102403	103.8310495
1.376106729	103.8273476
1.376108188	103.8332194
1.376108758	103.8305318
1.376109358	103.8296956
1.376110239	103.8320725
1.376114129	103.8327197
1.376115693	103.8287163
1.37612077	103.8290816
1.376124391	103.8293285
1.376127361	103.8276542
1.376135719	103.8267566
1.376138085	103.8278669
1.376141063	103.8332624
1.376143924	103.8281572
1.376146515	103.8309857
1.376153436	103.8326825
1.376165943	103.8297055
1.376167346	103.8265089
1.376168038	103.8305068
1.376169798	103.831843
1.376174065	103.8304432
1.376174333	103.8333085
1.376176425	103.8287119
1.376178958	103.8293427
1.376181925	103.8271184
1.376182207	103.8276486
1.376192742	103.8326453
1.376193132	103.8278643
1.376198871	103.8281581
1.37620713	103.8333533
1.376209665	103.8330676
1.376210874	103.827347
1.376213449	103.8318744
1.37621988	103.8296738
1.376221052	103.8308791
1.376224622	103.8304142
1.376227915	103.829099
1.376229191	103.8265131
1.376232049	103.8326082
1.376236181	103.829362
1.376237793	103.8276568
1.376239712	103.8333953
1.37624449	103.8271153
1.376248636	103.8278377
1.376253294	103.8281514
1.3762566	103.8282124
1.376257402	103.8319061
1.376261123	103.8273444
1.37626211	103.8308169
1.376264674	103.8267732
1.376272721	103.8334379
1.376274918	103.8296735
1.376278281	103.8287063
1.376282187	103.8290682
1.376283054	103.8328357
1.376286315	103.8330728
1.376288931	103.8321991
1.376292163	103.8339134
1.376292287	103.8276424
1.376297466	103.8303347
1.376301099	103.8319375
1.376303232	103.8278592
1.376306013	103.8334806
1.376308926	103.8281529
1.376324758	103.8313955
1.376324817	103.8302819
1.376325796	103.827112
1.376329731	103.8296962
1.376333074	103.8338782
1.376334704	103.8287094
1.376335116	103.8265531
1.376337151	103.8290663
1.376339195	103.8293315
1.376339281	103.8335233
1.376343774	103.8307253
1.376345253	103.8319693
1.376347338	103.8276396
1.376348611	103.8330593
1.37635318	103.8267803
1.376357493	103.8278409
1.37636236	103.8328207
1.376363416	103.8302417
1.376363796	103.8281452
1.376365946	103.8273292
1.376372409	103.8335661
1.376374006	103.8338426
1.376385677	103.8296734
1.376387812	103.8306719
1.376388255	103.8271078
1.376388795	103.8265849
1.376389142	103.8320009
1.376389714	103.8287028
1.376392254	103.8290643
1.376393412	103.8301958
1.376400141	103.833124
1.37640035	103.8293287
1.376401172	103.8327834
1.3764024	103.8276369
1.376404032	103.8313067
1.376406782	103.8336103
1.376407264	103.8322068
1.37641238	103.8278347
1.376415593	103.8338072
1.376418732	103.8301461
1.376422815	103.8330523
1.37642423	103.8281464
1.376425214	103.8314183
1.37642862	103.8312056
1.376432968	103.8320325
1.376434126	103.8300895
1.376437312	103.8273312
1.37644429	103.8286828
1.376446548	103.8340105
1.376447466	103.8290627
1.376456204	103.8293522
1.37645639	103.8337716
1.376458809	103.8276465
1.376459285	103.8305656
1.376463938	103.8266373
1.376470931	103.8271034
1.376471926	103.8278305
1.376477169	103.8320643
1.376477279	103.8324715
1.376480001	103.8300347
1.376480101	103.8340531
1.376482795	103.8312003
1.376483292	103.8330366
1.376497294	103.8337363
1.376500183	103.828695
1.37650259	103.8290609
1.376502799	103.8305099
1.376506542	103.83242
1.37651042	103.8293248
1.376512022	103.8266774
1.376513706	103.8340956
1.376515491	103.8315145
1.376520992	103.8320959
1.376529103	103.8311509
1.376534351	103.8270999
1.3765383	103.833701
1.376544827	103.8338984
1.376547438	103.8341382
1.376547808	103.8334514
1.376555031	103.8286943
1.376557793	103.8290593
1.376559679	103.8330388
1.376563539	103.8292613
1.376564614	103.8276301
1.376566994	103.829349
1.376568998	103.8321162
1.376570541	103.8273154
1.376576103	103.8267299
1.376576706	103.8299672
1.37657838	103.833941
1.376579785	103.8278428
1.37658043	103.8314626
1.376581004	103.8341807
1.376583292	103.8324085
1.376583572	103.8336545
1.376583817	103.8304196
1.3766022	103.8334265
1.376607565	103.8323549
1.376608012	103.8286273
1.376611985	103.8339835
1.376613971	103.8299213
1.376614615	103.834223
1.376615737	103.8270999
1.376617932	103.8310579
1.376622277	103.8293475
1.376622513	103.8330189
1.376622795	103.8290824
1.376623617	103.8267692
1.376625051	103.8276326
1.376625653	103.8281133
1.376625679	103.828113
1.376625965	103.8303558
1.376635123	103.8278352
1.376641333	103.8273144
1.376642885	103.8336362
1.376645718	103.8340261
1.376648283	103.8342656
1.376655293	103.829885
1.376663963	103.8313669
1.376664625	103.8323187
1.37666593	103.8310061
1.376666473	103.8286939
1.376676851	103.8293465
1.376679284	103.8340686
1.376679872	103.8276249
1.37668163	103.8334302
1.376681722	103.8343081
1.376682585	103.8271195
1.376690406	103.827837
1.376694861	103.8280966
1.376696971	103.8336274
1.376697086	103.8281011
1.376698166	103.8322743
1.376701051	103.8302499
1.376712895	103.834111
1.376713219	103.831319
1.376713466	103.8298677
1.376715106	103.8343504
1.376719974	103.8337769
1.376722619	103.8290538
1.376724113	103.8327319
1.376731818	103.8293224
1.37673446	103.8276184
1.376737797	103.8298124
1.376738187	103.8334042
1.376743164	103.8301965
1.376745429	103.8278343
1.376745638	103.8273071
1.376746562	103.8341536
1.376748437	103.8322318
1.376748676	103.8343928
1.376750615	103.8336186
1.376752124	103.8309123
1.376767338	103.828679
1.376767975	103.8281051
1.376768015	103.8281053
1.376773082	103.8269474
1.376774059	103.8337682
1.376774516	103.8326983
1.376776518	103.8321839
1.376776955	103.8339181
1.37677818	103.8290523
1.376779008	103.8297761
1.376780002	103.834196
1.376782258	103.8344354
1.376787201	103.8312249
1.376789468	103.8276158
1.376799035	103.8270114
1.376800509	103.8278316
1.376802069	103.8308523
1.376803027	103.8326436
1.376804358	103.83361
1.376804931	103.8273041
1.376813385	103.8342383
1.376815834	103.8344779
1.376816264	103.8317636
1.376827703	103.8337594
1.37683104	103.8339093
1.376831467	103.828662
1.376833831	103.8290635
1.376836309	103.8280898
1.376838181	103.8280932
1.376839653	103.8301092
1.376841067	103.829763
1.376844757	103.8311778
1.376845009	103.8276171
1.376846955	103.8342808
1.376848171	103.8326058
1.376849284	103.8345205
1.376852539	103.8270921
1.376854826	103.8278125
1.376857975	103.8336013
1.376869333	103.8271522
1.376877115	103.8316992
1.37687734	103.8297125
1.376880537	103.8343234
1.376881243	103.8307608
1.376881446	103.8337507
1.376882982	103.8345631
1.376884684	103.8339006
1.376884997	103.8333956
1.376885783	103.8286773
1.376889123	103.8290927
1.376900062	103.8276107
1.376900072	103.830063
1.376905395	103.8325675
1.376908747	103.8280886
1.376909572	103.8278041
1.376910273	103.8280854
1.376911025	103.8272994
1.376911835	103.8335926
1.376914113	103.8343658
1.376916517	103.8346054
1.376924396	103.8306948
1.376930899	103.8325182
1.376931466	103.8310934
1.376934546	103.8329826
1.376935064	103.8337421
1.376938427	103.8338919
1.376941196	103.8286682
1.376944507	103.8291071
1.376947563	103.8344085
1.376949577	103.8346483
1.376954091	103.833382
1.376955679	103.8276112
1.376964991	103.8278085
1.376965103	103.8335838
1.376970482	103.8316217
1.37697275	103.8299777
1.376979742	103.8280948
1.376979816	103.8280951
1.376981261	103.834451
1.376982009	103.8310465
1.376982628	103.8324786
1.376983105	103.834691
1.376986502	103.8273144
1.376988924	103.8337333
1.376989996	103.8329507
1.376992044	103.8338832
1.376996316	103.8286826
1.376998811	103.8290795
1.377010183	103.8276061
1.377012066	103.8306099
1.377014012	103.8319727
1.377014797	103.8344933
1.377016516	103.8347334
1.377018506	103.8335752
1.377020667	103.8278208
1.377027515	103.8333714
1.37703034	103.8315873
1.377033852	103.83192
1.377041305	103.8299281
1.377042192	103.8337246
1.377042338	103.832445
1.377045904	103.8338745
1.377047857	103.8345363
1.377048731	103.8347755
1.377050346	103.8280906
1.377050422	103.8280909
1.377051266	103.8286473
1.377052254	103.8290536
1.37705915	103.83056
1.377065255	103.8309571
1.377066025	103.8276102
1.377066692	103.8329526
1.377070751	103.834074
1.377072256	103.8335666
1.377075729	103.827818
1.377081421	103.8345789
1.377081633	103.8348178
1.37708813	103.8318827
1.377088346	103.8333611
1.377095595	103.833716
1.377099173	103.8338657
1.37710832	103.8286983
1.377111677	103.8314892
1.377114789	103.8346214
1.377114968	103.8348606
1.377118836	103.8280743
1.377119502	103.8309029
1.377119867	103.8318349
1.377120578	103.8280775
1.377125313	103.833558
1.377129055	103.8326398
1.377129498	103.8277873
1.377134134	103.8329459
1.377135271	103.8290188
1.377137138	103.8276205
1.377144964	103.8304654
1.377148052	103.8349034
1.377149344	103.8337073
1.377152576	103.8338571
1.377160695	103.8333476
1.377171528	103.8314456
1.377173672	103.8317975
1.377174491	103.8287221
1.377176113	103.8326885
1.377178549	103.8335491
1.377187162	103.8308131
1.377191144	103.8280734
1.377191202	103.8280737
1.377192399	103.8304149
1.377195529	103.8329173
1.377201174	103.8278093
1.377202402	103.8336987
1.377216096	103.8333223
1.377223021	103.8314422
1.377226242	103.8307448
1.377228856	103.8317737
1.377232176	103.8335401
1.377240318	103.8338433
1.377244889	103.8313513
1.377251197	103.8321283
1.377252919	103.8328939
1.377255638	103.8336898
1.377259363	103.8317128
1.377264939	103.834353
1.377277526	103.8344196
1.377277987	103.828072
1.377281025	103.8280694
1.377285112	103.8335313
1.37728555	103.8344726
1.377285951	103.8342894
1.377293717	103.8338345
1.377293778	103.8345259
1.377293827	103.8333289
1.377295818	103.8321862
1.377297012	103.8301
1.377302568	103.8345794
1.377304627	103.8342386
1.377305717	103.828821
1.377309112	103.8316882
1.377309266	103.8336809
1.377311061	103.8346326
1.377311837	103.8313085
1.377314405	103.830641
1.377319734	103.8346858
1.377323106	103.8341881
1.37732802	103.8347388
1.377336275	103.8347918
1.377336405	103.828776
1.377338268	103.8335229
1.377341641	103.8341354
1.377343092	103.8301503
1.377344507	103.8348452
1.377347046	103.8322236
1.377352432	103.8287118
1.377352801	103.834899
1.377353017	103.8328729
1.377359889	103.8305918
1.377360971	103.8349526
1.37736449	103.8340839
1.377368995	103.8350061
1.377369668	103.8333387
1.377377325	103.8350594
1.377387502	103.8340351
1.377391917	103.8322619
1.377392373	103.833514
1.377393031	103.8286737
1.377394457	103.8316029
1.377406654	103.8312219
1.377410339	103.8339861
1.377426163	103.8315541
1.377433036	103.8339368
1.377434598	103.828618
1.377434652	103.8333156
1.377436499	103.832303
1.377445787	103.8319671
1.377446303	103.8335052
1.377453939	103.8302325
1.377455147	103.831172
1.377456225	103.8338878
1.377466208	103.8315016
1.377474058	103.8323505
1.377479619	103.833839
1.377485104	103.83446
1.377499318	103.8319934
1.377500079	103.8334964
1.377501968	103.8333085
1.377502754	103.8302844
1.377502854	103.8342827
1.377502959	103.8337899
1.377504156	103.8345377
1.377514342	103.8314713
1.377515161	103.8346906
1.377519833	103.8323904
1.377525829	103.833741
1.377527978	103.8347816
1.377531205	103.832052
1.377532924	103.8342101
1.377543188	103.8310759
1.377548684	103.8336917
1.377553877	103.8334878
1.377556959	103.8324533
1.377571713	103.8336422
1.377571935	103.8314364
1.377581882	103.8320815
1.377584418	103.8322458
1.377586854	103.8349806
1.377594152	103.8303785
1.377601694	103.8310299
1.377601738	103.8313882
1.377607066	103.8355012
1.377614612	103.8321393
1.37764062	103.8355438
1.37764116	103.8304335
1.37764125	103.8352663
1.377654821	103.8321786
1.377657348	103.8313516
1.377659251	103.8341444
1.377661041	103.8310942
1.377674225	103.8355863
1.377694278	103.8352536
1.377695166	103.8340243
1.377697703	103.8322269
1.377699595	103.8313137
1.377700872	103.8350701
1.37770464	103.8318171
1.377707957	103.8356288
1.377719192	103.8309435
1.377719674	103.8305442
1.377726171	103.8354099
1.377730969	103.8328159
1.377741523	103.8356713
1.377744982	103.8312721
1.377746361	103.8322562
1.377747445	103.8352406
1.377753196	103.8317773
1.377759724	103.8354525
1.377759972	103.8328963
1.377765662	103.8305951
1.377775134	103.8357137
1.377776454	103.8317132
1.377781548	103.8309107
1.377790521	103.8312392
1.377793329	103.835495
1.377800814	103.8352274
1.377801776	103.8330193
1.377808801	103.8357563
1.37781706	103.8331097
1.377827062	103.8355376
1.377831087	103.8316829
1.37783433	103.8344259
1.377842241	103.8357988
1.377853998	103.8352146
1.377858558	103.8344993
1.377860628	103.8355801
1.377863162	103.8316291
1.377869391	103.8325867
1.377875624	103.8358411
1.377894238	103.8356224
1.377901783	103.8346345
1.37790714	103.8352014
1.377909195	103.8358835
1.377911236	103.8349934
1.377911381	103.8311458
1.377912924	103.8308967
1.377913392	103.8320321
1.377915892	103.8316025
1.377919016	103.8333371
1.377927906	103.8356651
1.377936064	103.8347007
1.37794054	103.8333983
1.377940548	103.8319794
1.377942777	103.8359261
1.37795225	103.8327536
1.377959982	103.8351883
1.377961345	103.8357075
1.377962207	103.833513
1.377967126	103.831561
1.377968255	103.8348941
1.377972733	103.831174
1.377976352	103.8359686
1.377979551	103.8308906
1.377994728	103.8357498
1.378000121	103.8318385
1.378003039	103.8353402
1.378007466	103.8319512
1.378008525	103.8335767
1.378009802	103.8360112
1.378022463	103.8353907
1.378031374	103.8311237
1.378035799	103.8318999
1.378042131	103.835441
1.378047989	103.8330128
1.378054356	103.8337153
1.378060748	103.8330948
1.378061957	103.8354912
1.378072302	103.8315143
1.378081655	103.8355415
1.378086062	103.8311242
1.37809043	103.8337821
1.378094174	103.8318674
1.378101619	103.8355917
1.378116398	103.8318118
1.378118839	103.8332149
1.37812153	103.835642
1.378122294	103.8351029
1.378126934	103.8339217
1.37812725	103.8308643
1.378131437	103.8333031
1.378140902	103.8356922
1.378145226	103.8351552
1.378149404	103.8311111
1.378150194	103.8314962
1.378151461	103.8339921
1.37816044	103.8357423
1.378160581	103.8317577
1.378173747	103.8352155
1.378179473	103.8323776
1.378179474	103.8323776
1.378179604	103.835793
1.378180318	103.833435
1.378194868	103.8308055
1.378198983	103.8358433
1.378203222	103.8352699
1.378206969	103.8310915
1.378211196	103.8314772
1.37821246	103.8335056
1.378218387	103.835894
1.378229914	103.8353289
1.378232727	103.8342324
1.378245359	103.8323138
1.378245359	103.8323138
1.378254136	103.835384
1.378256843	103.834302
1.378258394	103.8336323
1.378263454	103.8317142
1.378275384	103.8311266
1.378282503	103.8314618
1.378283258	103.8337154
1.378284576	103.835443
1.378304351	103.83444
1.378310822	103.8354967
1.378312539	103.8322487
1.378312539	103.8322487
1.378328733	103.8345094
1.378332162	103.8311015
1.378332821	103.8316953
1.378333603	103.8338506
1.37834102	103.8355562
1.378356634	103.8314574
1.378358314	103.8339197
1.378363325	103.8356106
1.37837765	103.8346466
1.378379636	103.8321834
1.37837964	103.8321834
1.378379868	103.8321835
1.378407934	103.834734
1.378413521	103.8316875
1.378444334	103.8350006
1.378445188	103.8341532
1.378445457	103.8314554
1.378449244	103.8321183
1.378449718	103.8310962
1.378456792	103.8342351
1.378461842	103.8321217
1.378464705	103.8330874
1.378486711	103.8316808
1.378490063	103.8349451
1.378496919	103.8332084
1.378511198	103.8310989
1.378539286	103.8344043
1.378540106	103.8333408
1.378543613	103.8349077
1.378557249	103.831661
1.378559393	103.8320912
1.378559477	103.8320911
1.378563291	103.8334069
1.378565422	103.8314126
1.378569578	103.8310629
1.37858688	103.8303415
1.378586886	103.8303415
1.378598208	103.8348821
1.378600629	103.8344429
1.378611513	103.8335469
1.378619659	103.8316503
1.378626116	103.8310545
1.378626179	103.8313976
1.378632391	103.8353356
1.378638568	103.8336213
1.378650905	103.8320724
1.378650906	103.8320724
1.378662444	103.8348655
1.378664848	103.8330348
1.37868263	103.8353039
1.37868341	103.8337543
1.37868777	103.8310541
1.378689818	103.8331054
1.378709741	103.8313866
1.378714073	103.8338354
1.378735304	103.8332428
1.37873853	103.8352646
1.378741002	103.8310318
1.378743466	103.8320536
1.378743466	103.8320536
1.378745476	103.8316169
1.37875564	103.833961
1.378756819	103.8348009
1.37876002	103.8333117
1.378785624	103.8352295
1.378791487	103.8313882
1.378797623	103.8340596
1.378801643	103.8344796
1.378807448	103.8310329
1.378808103	103.8334518
1.378823871	103.8347831
1.378831444	103.8335193
1.378835601	103.8320349
1.378835601	103.8320349
1.378835601	103.8320349
1.37883694	103.8316142
1.378846515	103.8351959
1.378852493	103.8313613
1.378858327	103.8344178
1.378864971	103.8310114
1.378878715	103.8336475
1.378883102	103.8347557
1.378892526	103.8351601
1.378906689	103.833729
1.378908337	103.8315943
1.378917553	103.8313474
1.378926115	103.8310094
1.378929088	103.8347119
1.378948996	103.8351222
1.378964423	103.8338623
1.378978684	103.833934
1.378981118	103.8315881
1.378983251	103.8346799
1.378985575	103.8343433
1.378993825	103.8329124
1.378994624	103.8313344
1.3789949	103.8350855
1.379017947	103.8309757
1.379023901	103.8329997
1.379034223	103.8346406
1.379050356	103.8315669
1.379058251	103.8313204
1.379065196	103.8343072
1.379077532	103.8331596
1.379094821	103.8346167
1.379107099	103.8350375
1.379107612	103.833245
1.379124531	103.8315612
1.379144563	103.8345789
1.379157142	103.835002
1.379158007	103.8333932
1.379166108	103.8319453
1.379173792	103.8342326
1.379181286	103.8328488
1.379188015	103.8334794
1.379194217	103.8315411
1.379200925	103.8345462
1.379205573	103.8329377
1.37920853	103.8320234
1.379213572	103.8349667
1.379238076	103.8341955
1.379239889	103.8336255
1.379244436	103.8315073
1.379249087	103.8345111
1.379260489	103.8349279
1.379260701	103.8330969
1.379271058	103.8337119
1.379282543	103.8321548
1.379293891	103.8331898
1.379297531	103.8315054
1.379306921	103.8322231
1.379316597	103.8348915
1.379339357	103.8333304
1.379355026	103.8341042
1.379364507	103.8348583
1.379364805	103.834463
1.379369527	103.8334168
1.379372181	103.8323557
1.379397373	103.8324226
1.379421786	103.8335633
1.379424539	103.8344325
1.37942596	103.8319109
1.379432213	103.8340893
1.379441731	103.831989
1.379446926	103.8336638
1.379455596	103.8325582
1.37948721	103.8326289
1.379511561	103.832108
1.379535112	103.8321768
1.379538176	103.8327621
1.379549916	103.8343795
1.37955364	103.8340271
1.379563309	103.8328294
1.379592162	103.8323015
1.379604607	103.834351
1.379612043	103.8329574
1.379618134	103.833973
1.379628354	103.8323745
1.379636852	103.8314657
1.379649587	103.8330343
1.379670612	103.8324944
1.379672823	103.8331702
1.379695367	103.8325615
1.3796992	103.8332479
1.379726496	103.834288
1.379742351	103.8339093
1.379748952	103.8326872
1.379772819	103.8333902
1.379772987	103.832755
1.379781546	103.834262
1.379788568	103.8335249
1.379796615	103.8317914
1.379823682	103.8328829
1.379830636	103.8338803
1.379834262	103.8320843
1.379837228	103.8318674
1.379854113	103.8329498
1.379885935	103.8330816
1.379903148	103.8320005
1.379909607	103.8342074
1.379910509	103.8331494
1.379939566	103.8338135
1.379946184	103.8332815
1.37997856	103.8341851
1.379987615	103.8333553
1.379990985	103.8322029
1.380012482	103.8337515
1.380018305	103.8322842
1.380064228	103.8340742
1.38007391	103.8324054
1.380117413	103.8340483
1.380117708	103.8324661
1.38012541	103.8336975
1.380152438	103.8326093
1.380190028	103.8336418
1.380193109	103.8326728
1.380213075	103.8328063
1.380226514	103.8328991
1.380227208	103.8339558
1.380280452	103.8339271
1.380290687	103.833028
1.380303249	103.8331007
1.380341238	103.8335649
1.380348122	103.8332397
1.380360963	103.8334867
1.380389459	103.833303
1.380501009	103.8337799
1.380555873	103.8340221