1.435473601	103.8240426
1.435849223	103.8249716
1.435924043	103.8240051
1.435949354	103.8234107
1.436213683	103.8246209
1.436300526	103.8251326
1.436645949	103.8248363
1.436694883	103.8240441
1.437030564	103.8259274
1.437030565	103.8259274
1.437055562	103.8262353
1.437076927	103.826914
1.437077588	103.8270691
1.437085907	103.8271978
1.437089819	103.8248461
1.437090548	103.8267748
1.437094031	103.8273565
1.437097088	103.8266207
1.437102465	103.8267223
1.437108798	103.8262284
1.437133585	103.8265487
1.437184638	103.8258967
1.437201273	103.8262095
1.437241637	103.8258966
1.43724977	103.8274289
1.437256637	103.8274255
1.437258633	103.826201
1.437267232	103.8271872
1.437307582	103.8272636
1.437308251	103.826886
1.437331661	103.826625
1.437338495	103.8275516
1.437338501	103.8275516
1.437348716	103.8262112
1.43736018	103.8259616
1.437393966	103.827653
1.437400995	103.826223
1.437436726	103.8273697
1.437443921	103.8269148
1.437461339	103.8277082
1.437470583	103.8266242
1.43747279	103.8259516
1.437485514	103.8262339
1.437518942	103.8259649
1.437519933	103.8266444
1.437531863	103.8262437
1.437533602	103.8273118
1.437560331	103.8276076
1.437581121	103.8272925
1.437598733	103.826908
1.437608901	103.8259948
1.437617634	103.826274
1.437629087	103.8266882
1.437660743	103.8259993
1.437670039	103.8262964
1.437685634	103.8275369
1.437689926	103.8272568
1.437787667	103.8274937
1.437796588	103.8285337
1.437809634	103.8278633
1.437814788	103.8278655
1.437827729	103.8274711
1.437829757	103.8246137
1.437846264	103.8279192
1.437848611	103.8247668
1.437855877	103.8279147
1.437872647	103.8260138
1.437872652	103.8260146
1.437878912	103.8262967
1.437880763	103.8246074
1.437899798	103.8247609
1.437920106	103.8278863
1.437924382	103.8274151
1.437927172	103.8280166
1.437931841	103.8280189
1.437932138	103.8246007
1.437932939	103.8269851
1.437944326	103.8265646
1.437946299	103.8266137
1.437946643	103.8260089
1.437950911	103.8247546
1.437954947	103.8263013
1.437959131	103.8263026
1.437963635	103.8280727
1.437972197	103.8270702
1.437984287	103.8267287
1.437985361	103.8249129
1.43800197	103.8247484
1.438002602	103.8251252
1.438016079	103.8260206
1.438016091	103.8260204
1.438021626	103.8277318
1.438025856	103.8262963
1.43802732	103.8262996
1.438028992	103.8281784
1.438029364	103.8268602
1.438030494	103.8263748
1.438034437	103.8281806
1.438036837	103.8277231
1.438065569	103.8282344
1.438071069	103.8277782
1.438075327	103.8282299
1.438081133	103.8277711
1.438083233	103.8260035
1.438086575	103.8260054
1.43810862	103.8262864
1.438109433	103.827904
1.438111889	103.8245358
1.438112196	103.8262944
1.438115312	103.8278996
1.438119555	103.8283499
1.438131018	103.8284091
1.438148077	103.8269924
1.438151671	103.8279558
1.438163375	103.8260055
1.438169203	103.8260091
1.438177675	103.8246557
1.438180498	103.8262555
1.438198516	103.8271324
1.438208922	103.8266035
1.438212379	103.8280653
1.438217625	103.8280609
1.438227652	103.8259854
1.438233583	103.8259889
1.438234945	103.8246206
1.438235323	103.8285025
1.438252413	103.8281147
1.438253079	103.8262407
1.438253667	103.8281172
1.438255025	103.8272588
1.43825992	103.8262459
1.438271751	103.8285586
1.438281134	103.8285541
1.438282908	103.826706
1.438289717	103.8245883
1.438292898	103.8259524
1.43829886	103.8259555
1.438307928	103.827378
1.438319881	103.8262217
1.438324717	103.8268591
1.438326544	103.826229
1.438338202	103.8282072
1.438340317	103.8245481
1.438340496	103.8286385
1.438359047	103.8259235
1.438359049	103.8259235
1.438360616	103.8282786
1.438360666	103.8259244
1.438364965	103.828277
1.438366681	103.8269898
1.438372372	103.8286851
1.438391926	103.8261885
1.438398591	103.8274872
1.438398592	103.8274872
1.438405223	103.8250315
1.438408408	103.82514
1.438414701	103.8245362
1.438421697	103.8283868
1.438432255	103.8271457
1.438444484	103.8287288
1.438448559	103.8261645
1.438454226	103.8261672
1.438456877	103.8257556
1.43846859	103.8284404
1.438470972	103.8276029
1.438470973	103.8276029
1.438503546	103.8245054
1.438512934	103.8272625
1.43852245	103.8250134
1.438539952	103.8258517
1.438541568	103.8277104
1.43854605	103.8277086
1.438557096	103.8265479
1.438564676	103.8285175
1.438569855	103.8249961
1.438573364	103.8259351
1.438581244	103.8244702
1.438585849	103.827369
1.43858585	103.827369
1.438603084	103.8260623
1.438607026	103.8285794
1.438612558	103.8278254
1.438612558	103.8278254
1.438651901	103.8261364
1.438653041	103.8286926
1.438659537	103.8286889
1.438663686	103.8244357
1.438663938	103.8274807
1.438663982	103.8274807
1.438678443	103.8266461
1.438684269	103.8279377
1.438684271	103.8279377
1.438686506	103.8249835
1.438690737	103.8264815
1.438698082	103.8266922
1.438705638	103.8288955
1.438706764	103.8288958
1.438716037	103.8287418
1.438731468	103.8275651
1.438734728	103.8249653
1.438737566	103.8243467
1.438758265	103.8276069
1.438759871	103.8280547
1.438759871	103.8280547
1.43877496	103.826786
1.438781099	103.8267863
1.438811457	103.8243382
1.438819495	103.8288366
1.438823356	103.827663
1.438833405	103.8281661
1.43884647	103.8270249
1.438852718	103.8277085
1.438858424	103.8263218
1.438874753	103.8278174
1.438874754	103.8278174
1.438889403	103.8282855
1.438889404	103.8282855
1.438894768	103.8242185
1.438913841	103.8271148
1.438929749	103.8263624
1.438944637	103.8271629
1.438949224	103.8279352
1.438949225	103.8279352
1.438963391	103.8259367
1.438973556	103.8283891
1.438973558	103.8283891
1.438980834	103.8263829
1.438992623	103.8248212
1.439008628	103.8242937
1.439018908	103.827243
1.439018909	103.827243
1.439021869	103.8280502
1.439021875	103.8280502
1.439031442	103.8263973
1.439049168	103.8285052
1.439049169	103.8285052
1.43907666	103.825901
1.439079358	103.8264323
1.439093651	103.8281349
1.439093706	103.8286304
1.439094699	103.8273629
1.439101769	103.8286313
1.439124093	103.8281821
1.439129521	103.8264553
1.439140062	103.8242728
1.439149697	103.8246419
1.439152258	103.8256298
1.439176961	103.8261567
1.439180172	103.8247444
1.439185279	103.8264758
1.439187495	103.8282409
1.439208734	103.8242521
1.439212942	103.8282803
1.439218549	103.8265238
1.439236871	103.8275389
1.439238724	103.825825
1.439238913	103.8255872
1.439247942	103.828401
1.439267353	103.8261703
1.439270696	103.8265448
1.439287239	103.8246811
1.43931447	103.8276589
1.439320627	103.8241858
1.439323334	103.8261913
1.439326141	103.8265493
1.439326749	103.8258002
1.439362802	103.8255456
1.439365919	103.8262256
1.439388672	103.827771
1.439390777	103.8241592
1.439426922	103.8245975
1.439426923	103.8245975
1.439428063	103.8262114
1.43944418	103.8266102
1.439446045	103.8257431
1.439446821	103.8255126
1.439458196	103.8278855
1.439458197	103.8278855
1.439479076	103.8262327
1.439481826	103.8241265
1.439502325	103.8265839
1.439503463	103.8280821
1.439520969	103.8279948
1.439526591	103.826264
1.439530956	103.8257074
1.43954166	103.8245453
1.439550176	103.8240994
1.439563857	103.8265932
1.439565887	103.8254571
1.439580548	103.8262668
1.439587525	103.8280193
1.43960531	103.8266453
1.439626169	103.8260344
1.439639746	103.8262864
1.439648413	103.8256576
1.439649748	103.8254236
1.439662176	103.8266504
1.439685856	103.8262995
1.439713811	103.8266656
1.439716105	103.8260479
1.439726876	103.8256296
1.43974425	103.8263212
1.439744751	103.8234481
1.439770241	103.8266678
1.439773876	103.8253793
1.439796458	103.8263244
1.439799056	103.8245024
1.439825251	103.8266676
1.439847469	103.8255625
1.439852003	103.8260674
1.439857504	103.8253488
1.439876812	103.8266942
1.439911112	103.8263446
1.439932271	103.8255383
1.439937535	103.8266584
1.439939088	103.8260801
1.439962307	103.8263617
1.440018681	103.8263533
1.440040549	103.8266815
1.440045728	103.8252138
1.440053287	103.8257869
1.440063739	103.8254851
1.440066071	103.8240605
1.440071063	103.8263786
1.440074119	103.8261055
1.440087941	103.8242167
1.440088308	103.8266908
1.440123076	103.8257791
1.440125209	103.8263876
1.440134283	103.8254547
1.440149381	103.8267007
1.440161017	103.8261194
1.440181247	103.8263875
1.440195065	103.8245536
1.440198834	103.8245492
1.440203636	103.8266905
1.440218226	103.8254279
1.440234254	103.8264049
1.440243568	103.8257598
1.440258581	103.8267169
1.440287063	103.8264226
1.440287857	103.8253893
1.440297459	103.826141
1.440299103	103.8263516
1.440303861	103.8267261
1.440328178	103.8257798
1.440344767	103.8264088
1.440369855	103.825355
1.440384236	103.8261557
1.440390099	103.8264589
1.440432797	103.8250912
1.440433145	103.8250901
1.440441138	103.8253235
1.440451729	103.8264377
1.440463495	103.8257781
1.440503158	103.8264501
1.440515602	103.8268467
1.4405198	103.8261809
1.440530342	103.8244207
1.440534443	103.8256051
1.440551633	103.8257915
1.440563437	103.8252752
1.440601176	103.8268379
1.440606928	103.8261919
1.440614462	103.8249855
1.440633379	103.8252439
1.440645238	103.8264183
1.440654524	103.8255945
1.440667995	103.8249656
1.440668869	103.8250046
1.440668869	103.8250046
1.440681592	103.8258152
1.44070372	103.825573
1.44071528	103.8252095
1.440718904	103.8249405
1.440729903	103.826858
1.440733631	103.8264586
1.440734963	103.8249767
1.440734963	103.8249767
1.440746057	103.8262201
1.440767419	103.8258478
1.440772577	103.8249202
1.440783928	103.8251705
1.44078465	103.8229616
1.440816504	103.8255666
1.440818276	103.8264563
1.440823622	103.8248951
1.440823914	103.8268741
1.440826908	103.8226152
1.440830098	103.8262288
1.440861226	103.8264539
1.440868781	103.8251443
1.440870657	103.8255435
1.440876589	103.8248754
1.440878652	103.8249145
1.440878652	103.8249145
1.44089459	103.8258692
1.440927837	103.8248497
1.440932324	103.8228006
1.440933394	103.8250952
1.440941171	103.8226481
1.440947702	103.8229058
1.440947735	103.8268866
1.440948887	103.8264893
1.44096562	103.8262537
1.440981455	103.82483
1.440983285	103.824869
1.440983285	103.824869
1.440987311	103.825864
1.440990682	103.82551
1.441011324	103.8230066
1.441022382	103.8250789
1.441025653	103.824894
1.441032016	103.8248048
1.441039357	103.8254741
1.441043514	103.8269197
1.441055125	103.823094
1.441055726	103.8262684
1.441075008	103.8264897
1.441078836	103.8232211
1.441085494	103.8247847
1.441086678	103.8248237
1.441086678	103.8248237
1.441094052	103.8250481
1.441112872	103.8233027
1.441114103	103.8258999
1.441121932	103.8224663
1.441136757	103.8247594
1.441152022	103.825425
1.44116454	103.8269444
1.441169861	103.8265165
1.44117628	103.8250201
1.441188698	103.8234082
1.441190054	103.8262907
1.441194279	103.8247806
1.441194279	103.8247806
1.441196045	103.8247428
1.441197487	103.8235054
1.441204747	103.8259003
1.441204756	103.8259003
1.441206291	103.8254022
1.441244344	103.8256199
1.441247674	103.8249828
1.441250607	103.8269589
1.441253164	103.8225021
1.441266066	103.8256402
1.441270623	103.8228276
1.441277575	103.8263062
1.441290939	103.8236355
1.441290939	103.8236355
1.441300504	103.8265404
1.441306328	103.8237067
1.441314919	103.82371
1.441319621	103.8253543
1.441326894	103.8259287
1.441338571	103.8224106
1.441340589	103.8229902
1.441351348	103.8237987
1.441352664	103.8227927
1.441361779	103.8237974
1.441374705	103.825332
1.441374728	103.8238691
1.441382384	103.8238729
1.441397741	103.826524
1.441401716	103.8269536
1.441420091	103.8223603
1.441428571	103.8263128
1.44143566	103.8229696
1.441436699	103.8259332
1.441476467	103.8233295
1.441483973	103.8227369
1.441495836	103.8269482
1.441506027	103.8259421
1.441524077	103.8263214
1.441525608	103.8265515
1.441543647	103.8235163
1.441547361	103.8235134
1.441552946	103.822306
1.441553336	103.8228994
1.441566872	103.8227025
1.441568099	103.8233022
1.441616483	103.8265451
1.441632497	103.8234802
1.441634176	103.8222716
1.441634213	103.823476
1.441641229	103.8228764
1.441675682	103.8263286
1.44168541	103.8232381
1.441699217	103.8226524
1.441700728	103.8234511
1.441705166	103.8234495
1.441725191	103.8269716
1.441751366	103.8265509
1.441752968	103.8247917
1.441767034	103.8228151
1.441767152	103.8244951
1.441769494	103.8259584
1.44177268	103.8257421
1.441776451	103.8225963
1.441784273	103.8232004
1.441784448	103.8263414
1.441786987	103.8234162
1.441788017	103.8234117
1.441810017	103.8269906
1.441824707	103.8248452
1.441836788	103.8265651
1.441840707	103.8236932
1.441853079	103.8249704
1.441853253	103.8248324
1.44185458	103.8233869
1.441856057	103.8227893
1.441857747	103.8259285
1.441858877	103.8233853
1.441900764	103.8256796
1.441911303	103.8231579
1.441940133	103.8233508
1.441941001	103.8233472
1.441945359	103.8269767
1.44197397	103.8256363
1.441980298	103.8258802
1.44198993	103.8231068
1.442030271	103.827006
1.442047925	103.8233367
1.442051151	103.8233382
1.442061068	103.8258449
1.442098161	103.8255796
1.442103419	103.8234524
1.442110391	103.8234548
1.442118614	103.8262142
1.442125017	103.8235275
1.442125017	103.8235275
1.442148536	103.8262961
1.442165987	103.824504
1.442171655	103.8236144
1.442176528	103.8255473
1.442178611	103.8257884
1.442178676	103.8236162
1.442188101	103.8264787
1.442198058	103.8236861
1.442202562	103.8236857
1.442219797	103.8265608
1.442276678	103.8257618
1.442300166	103.8255055
1.442302594	103.8268097
1.442338544	103.8261097
1.442359996	103.8268823
1.442367479	103.8270018
1.442374468	103.8261923
1.442379255	103.8254706
1.442383697	103.8257028
1.442394666	103.8262442
1.442415311	103.8263303
1.44243752	103.8263886
1.442450316	103.8264775
1.442463402	103.8256624
1.442487337	103.8254159
1.442502128	103.8270806
1.442556184	103.8268141
1.442563095	103.8253829
1.442581869	103.8256166
1.442642612	103.826819
1.442670702	103.8253441
1.442670774	103.8255774
1.442679364	103.8271301
1.442703319	103.8259144
1.442745621	103.8260049
1.442748325	103.826482
1.442765078	103.8253155
1.442767323	103.8271239
1.442780415	103.8261305
1.442784134	103.8268638
1.442788523	103.8255282
1.442802191	103.8262165
1.442804661	103.8264625
1.442817008	103.8247377
1.442857908	103.8255027
1.442883118	103.8268534
1.442895936	103.8271052
1.4429003	103.8264519
1.442901683	103.8259532
1.4429312	103.8263738
1.442947699	103.8254421
1.442983366	103.8270737
1.44300539	103.825922
1.44301404	103.8268101
1.443021923	103.8254428
1.44307261	103.8262605
1.443089976	103.8267781
1.443097959	103.8268786
1.443123681	103.8262023
1.443126981	103.8271215
1.443136743	103.8297118
1.443142846	103.8254991
1.44315039	103.8261045
1.443169034	103.8260458
1.44318182	103.825505
1.44318182	103.825505
1.44318182	103.825505
1.44318182	103.825505
1.44318182	103.825505
1.44318182	103.825505
1.443182512	103.8255441
1.443199608	103.8259502
1.443210711	103.8266856
1.443212123	103.8270605
1.443218252	103.8258916
1.443233396	103.825563
1.443235015	103.8247882
1.443259413	103.8270243
1.443286732	103.8255768
1.44330392	103.826907
1.443304447	103.826586
1.443323291	103.825509
1.443338463	103.8255957
1.443372619	103.8268549
1.443392623	103.8256098
1.443403216	103.8264709
1.443441544	103.8261259
1.443441757	103.8261323
1.443456982	103.8263989
1.443487537	103.8267326
1.443515721	103.8261146
1.443540725	103.8266603
1.443570677	103.8261697
1.443582651	103.8261325
1.443634542	103.8261956
1.443634628	103.8261956
1.443634732	103.8252533
1.4436394	103.8265697
1.443665141	103.8247187
1.443668031	103.8264043
1.443701866	103.826211
1.443713678	103.8261735
1.443779096	103.8261965
1.443782762	103.8262368
1.443808877	103.8264875
1.443810136	103.828712
1.443818316	103.8257766
1.443818316	103.8257766
1.443818316	103.8257766
1.443818316	103.8257766
1.443818316	103.8257766
1.443818316	103.8257766
1.443818316	103.8257766
1.443818316	103.8257766
1.443818316	103.8257766
1.443818316	103.8257766
1.443818316	103.8257766
1.443818316	103.8257766
1.443818316	103.8257766
1.443818316	103.8257766
1.443818316	103.8257766
1.443818316	103.8257766
1.443818316	103.8257766
1.443818316	103.8257766
1.443818316	103.8257766
1.443818316	103.8257766
1.443818316	103.8257766
1.443819766	103.8257767
1.443833522	103.8262523
1.443843943	103.8264343
1.443845586	103.8262146
1.44391017	103.8262375
1.443914885	103.8262781
1.443993547	103.8262925
1.443998699	103.8262932
1.444089244	103.8254706
1.444166975	103.8242515
1.444175788	103.8243766
1.444213605	103.8247283
1.444228734	103.8248672
1.44435596	103.8251651
1.444479549	103.8254373
1.44453686	103.8241646
1.444711027	103.824356
1.444816355	103.8247862
1.444883156	103.8244901
1.444890749	103.8251534
1.44493126	103.8274485
1.44502678	103.8249091
1.44503945	103.8246845
1.445106331	103.8279323
1.445222808	103.8247961
1.445267166	103.8272592
1.445446397	103.8277548
1.445520232	103.8265022
1.445578272	103.8255992
1.445588507	103.8270686
1.445676817	103.827262
1.445711152	103.825813
1.445818894	103.8252869
1.445843618	103.8260154
1.445975168	103.825469
1.446003205	103.8262033
1.446050905	103.8270514
1.446120463	103.8256734
1.446133556	103.8264068
1.44632809	103.8258977
1.446370864	103.8265511
1.446503123	103.8267551
1.446515198	103.8260594
1.446633687	103.8269553
1.446681447	103.8262457
1.446856479	103.8264056
1.446888295	103.8269368
1.447039421	103.8265608