1.383597655	103.8985027
1.383812737	103.8988076
1.383927115	103.8984399
1.383993735	103.8991735
1.38402864	103.8981045
1.384028641	103.8981045
1.384241559	103.8995422
1.384309487	103.8976295
1.384463641	103.8984914
1.384522622	103.8997617
1.384547358	103.89881
1.38464244	103.8979522
1.384655687	103.8992574
1.384800806	103.9001055
1.384962863	103.898228
1.385010502	103.8991192
1.385087191	103.898737
1.385144912	103.8992912
1.385157343	103.9005218
1.385158047	103.9005205
1.38518714	103.9005289
1.385297737	103.9000289
1.385297745	103.9000289
1.385307096	103.8978702
1.385364588	103.9008175
1.385464091	103.8981412
1.385521721	103.8998663
1.385539436	103.9007808
1.385560198	103.8967445
1.385816244	103.9002069
1.385872415	103.8975551
1.385978089	103.8997745
1.385993169	103.9010207
1.386039983	103.8969667
1.386039984	103.8969667
1.386090759	103.8965039
1.386163951	103.9000402
1.386185145	103.9005512
1.386197264	103.8975084
1.386398212	103.89996
1.386398218	103.89996
1.386469231	103.8954078
1.386480679	103.8967399
1.386480682	103.8967399
1.386521291	103.8983655
1.386596831	103.898365
1.386607314	103.8971976
1.386802298	103.901133
1.386812007	103.8952834
1.386818298	103.8975474
1.386899098	103.8947717
1.386964916	103.9014154
1.386967719	103.8972601
1.387007032	103.8919648
1.387024351	103.8959021
1.387044698	103.9003587
1.387065378	103.8927356
1.387083017	103.8954473
1.387135742	103.8944486
1.387209922	103.9007082
1.387214452	103.8955253
1.387261512	103.8930077
1.387287928	103.8935985
1.387412626	103.8997197
1.387426383	103.8924171
1.387438071	103.8969321
1.387459233	103.9013691
1.38746145	103.8933112
1.387532282	103.8929671
1.387566196	103.8948211
1.387612307	103.8958316
1.38764975	103.8987061
1.38765176	103.895336
1.387664975	103.8921589
1.387711744	103.8993024
1.387725134	103.8935077
1.387731704	103.9006343
1.387845529	103.8989519
1.387856247	103.894681
1.387882299	103.8980191
1.387950188	103.8957793
1.387962007	103.9013739
1.388041567	103.8953824
1.3881275	103.8927429
1.388132095	103.8972577
1.388132103	103.8972576
1.38819395	103.9007269
1.388211728	103.897871
1.388256186	103.9000179
1.38826763	103.8976682
1.388313116	103.8939236
1.388343632	103.9012652
1.388353528	103.8988383
1.38835482	103.9012709
1.388359852	103.8931432
1.388362254	103.8923975
1.388452514	103.8963799
1.388501039	103.899469
1.388535084	103.896143
1.388548954	103.8984882
1.388592573	103.8981282
1.38860813	103.89326
1.388608888	103.8959312
1.388664281	103.9007537
1.388664288	103.9007537
1.388712682	103.8977562
1.38883389	103.895315
1.388861964	103.8964475
1.388937049	103.8950811
1.388968121	103.895658
1.388979766	103.8960858
1.389001203	103.8927633
1.389001211	103.8927633
1.389008596	103.8948718
1.389074844	103.8973676
1.389135366	103.8963158
1.389137392	103.89804
1.389143801	103.9013535
1.389143801	103.9013535
1.389250448	103.8995279
1.3892571	103.8952576
1.389264439	103.8965753
1.389280336	103.8943456
1.389291907	103.9002314
1.389291907	103.9002314
1.389291913	103.9002314
1.389309504	103.8937837
1.389328687	103.8957848
1.389374592	103.8950553
1.38938378	103.9002558
1.389391483	103.8962202
1.389408109	103.9009488
1.389428065	103.897467
1.389478683	103.8932788
1.389497404	103.8997671
1.389533169	103.9013954
1.389578955	103.8954809
1.389615454	103.8958803
1.389649241	103.896727
1.389714612	103.8965267
1.38972335	103.895175
1.389755525	103.8944823
1.389770263	103.8927872
1.389785716	103.896334
1.38983599	103.8941541
1.389867884	103.8985203
1.389940815	103.9007214
1.389950658	103.8956186
1.38995627	103.8950959
1.389999297	103.8976987
1.390009443	103.8934542
1.390010117	103.895464
1.390121708	103.8952561
1.39019937	103.8945759
1.390264202	103.8930317
1.390305511	103.9001274
1.390373389	103.8981715
1.390440058	103.898664
1.390440058	103.898664
1.390440084	103.898664
1.390473611	103.8943181
1.390487166	103.8994385
1.390514397	103.8936707
1.39051903	103.8968956
1.390555878	103.900838
1.390665365	103.9002524
1.390750815	103.8979469
1.390787479	103.8934151
1.390900096	103.8995365
1.390944876	103.8931232
1.391117744	103.8971468
1.391141071	103.8989173
1.391167304	103.8988983
1.391167304	103.8988983
1.391330118	103.8981602
1.391332205	103.9011933
1.391351119	103.8959975
1.391385594	103.901183
1.391386163	103.9004547
1.391397532	103.9003743
1.391397535	103.9003743
1.391422629	103.9009626
1.391423478	103.9009094
1.391426484	103.9008497
1.391427021	103.9007999
1.391429424	103.9007403
1.391431313	103.9006904
1.391433986	103.9006308
1.391435867	103.9005807
1.391439819	103.9011728
1.391493819	103.9011623
1.39152563	103.8936798
1.39152563	103.8936798
1.391526515	103.8936572
1.391548034	103.901152
1.391602397	103.9011416
1.391620261	103.8936783
1.391656343	103.9011313
1.391665867	103.9009126
1.391667489	103.9008048
1.391674766	103.9006911
1.391676518	103.9003822
1.391681334	103.9005881
1.391683195	103.8998803
1.391687825	103.8961298
1.391688593	103.9004607
1.391688798	103.9003862
1.391693492	103.8954844
1.391694626	103.8954847
1.39170995	103.9011211
1.391709956	103.9011211
1.391756577	103.8964642
1.391761578	103.8991731
1.391820298	103.901086
1.391869105	103.9010769
1.391927642	103.9010646
1.391933555	103.8950264
1.391977251	103.9010555
1.391987916	103.9004556
1.392024307	103.8962147
1.392027782	103.9010053
1.392047368	103.9004385
1.392052779	103.8950701
1.392054305	103.8950639
1.39207975	103.9007849
1.392083042	103.9006635
1.392084288	103.9006044
1.39208438	103.900847
1.392085568	103.9010349
1.392092298	103.8992492
1.392105757	103.9004401
1.392139427	103.9010043
1.392163409	103.9004437
1.392193263	103.9010141
1.392193272	103.9010141
1.392197909	103.8984563
1.392197913	103.8984563
1.392246336	103.8997899
1.392294881	103.8993435
1.392307095	103.9007688
1.392307754	103.9009902
1.392335941	103.9005339
1.392338537	103.9006717
1.392351316	103.900408
1.39235626	103.9009827
1.392386288	103.8976478
1.392414306	103.9009691
1.392464148	103.900961
1.392522494	103.9009482
1.392543954	103.8990418
1.392572403	103.9009401
1.392597856	103.8969804
1.392622093	103.8941921
1.392627822	103.9009262
1.392649899	103.8942689
1.392681133	103.90092
1.392691743	103.8943281
1.392693437	103.8998774
1.392702573	103.8941461
1.392705678	103.8940639
1.392720273	103.8940823
1.392732191	103.900732
1.392734771	103.9005086
1.392738781	103.900621
1.392742812	103.900401
1.392767	103.900867
1.392767004	103.900867
1.392785596	103.8939061
1.392787985	103.8963883
1.392841876	103.8987023
1.392867838	103.9009069
1.392902775	103.8974046
1.392927744	103.9009082
1.392934744	103.8969182
1.392944275	103.8979576
1.392961807	103.8992914
1.392977902	103.9009083
1.392980078	103.9004983
1.392980352	103.900423
1.392990678	103.9007143
1.392992263	103.9006391
1.393038041	103.90091
1.393088256	103.9009105
1.393141091	103.8955694
1.393146891	103.9009017
1.393213099	103.9009007
1.393250113	103.8998227
1.393322561	103.8948913
1.39337424	103.9004084
1.393374248	103.9004084
1.393379032	103.8988871
1.39338846	103.8980814
1.393391943	103.9005311
1.393395773	103.8975732
1.393451497	103.9004444
1.393458296	103.9005153
1.393494325	103.8944082
1.393498964	103.8943047
1.393504589	103.8970972
1.393532425	103.8965613
1.393603481	103.8968137
1.393621496	103.8995301
1.39362917	103.9000286
1.393641335	103.8952753
1.393672077	103.8947928
1.393681906	103.90077
1.393720667	103.9004723
1.393736417	103.8958166
1.393828076	103.9008794
1.39387119	103.897506
1.393871198	103.897506
1.393874284	103.8992814
1.393905906	103.8967321
1.393996214	103.9001832
1.39409747	103.8944218
1.394132982	103.8954436
1.394240375	103.8949716
1.394267751	103.8997517
1.394317361	103.8992082
1.39443376	103.895864
1.394433763	103.895864
1.394445295	103.8978122
1.394445296	103.8978122
1.394493046	103.9004925
1.394570342	103.8951053
1.394630351	103.9013656
1.394737063	103.9009649
1.394807641	103.8946083
1.39483596	103.9006973
1.394848165	103.8960423
1.394848165	103.8960423
1.395100053	103.8954705
1.395106871	103.8951278
1.395167098	103.9017895
1.395227471	103.8998345
1.395302453	103.9009841
1.395398579	103.898745
1.395398588	103.898745
1.395521665	103.902214
1.395521675	103.902214
1.395541393	103.8949406
1.395541397	103.8949406
1.395616235	103.8979418
1.395816643	103.9009302
1.395824871	103.8984976
1.395958575	103.8990669
1.396069774	103.8959334
1.396078762	103.8967276
1.396078772	103.8967276
1.39611695	103.9016709
1.39614084	103.8998472
1.396187026	103.8951636
1.396241314	103.9026328
1.396269926	103.9009832
1.396309207	103.8980477
1.396329739	103.8985957
1.396343062	103.895312
1.396349011	103.9017779
1.396466227	103.8971673
1.396533039	103.8958676
1.39657579	103.8990247
1.39670214	103.9019608
1.396742166	103.8953316
1.396803363	103.8984973
1.396828596	103.9011868
1.396991936	103.8959953
1.39701802	103.8975348
1.397032668	103.897023
1.397035325	103.899331
1.397103293	103.8957147
1.39711925	103.8990721
1.397300079	103.8999883
1.397311291	103.8997478
1.397358094	103.8961954
1.39754999	103.8955955
1.397579947	103.8968246
1.397601785	103.8987238
1.397638902	103.8992874
1.397678894	103.8973887
1.397694607	103.8963197
1.397720876	103.8977204
1.397946314	103.8963767
1.397981097	103.9000725
1.398057788	103.8968995
1.398271174	103.8992781
1.398272082	103.8992768
1.398304487	103.8959591
1.398388657	103.8980727
1.398443687	103.8978092
1.398576828	103.8984366
1.39864672	103.8970028
1.398733773	103.8966996
1.398797698	103.8960785
1.39880246	103.8975039
1.39907216	103.8964565