1.455950208	103.7974966
1.456580934	103.7982077
1.456583423	103.7970767
1.456889922	103.7988668
1.456895873	103.796799
1.45691816	103.7974647
1.457335602	103.7998313
1.457423974	103.7971014
1.457506505	103.798583
1.457563414	103.796215
1.457642209	103.7984465
1.457669763	103.7976192
1.457963327	103.7952863
1.457989515	103.7984655
1.457990036	103.8010408
1.458226602	103.7995402
1.458337455	103.7965547
1.458446431	103.7981611
1.458461504	103.7955346
1.458502405	103.7991245
1.458736548	103.7989756
1.458916305	103.7978778
1.458929508	103.8004924
1.458967003	103.7966333
1.45897101	103.7998092
1.458997605	103.7988684
1.459266635	103.7971991
1.459275578	103.7986607
1.45929484	103.802983
1.459341484	103.8016424
1.459413082	103.7962966
1.459430196	103.7993908
1.459441017	103.8010327
1.459444708	103.7975413
1.459466214	103.7960003
1.459500662	103.7990779
1.459667027	103.8016192
1.459737146	103.7996723
1.459829353	103.7968088
1.459894924	103.8022737
1.460092618	103.7972214
1.460101491	103.8020202
1.460114332	103.8006807
1.460149848	103.8039427
1.460171478	103.7999968
1.460354073	103.8027693
1.460357553	103.801225
1.460632725	103.8039031
1.460655624	103.7985004
1.460825264	103.8052045
1.460832974	103.8050946
1.460836826	103.8035529
1.460877704	103.8016895
1.460911387	103.8053612
1.460950333	103.8023831
1.460987051	103.8054921
1.461066841	103.8056308
1.461141138	103.8057641
1.461218777	103.8059016
1.461232173	103.804812
1.461245533	103.7995676
1.461250795	103.8016058
1.461294348	103.8060335
1.461337673	103.8049674
1.461341143	103.7999031
1.461379904	103.8061775
1.46144397	103.8051324
1.461542833	103.8052853
1.461649535	103.8054501
1.461708295	103.8033756
1.461725448	103.7924723
1.461746769	103.8056015
1.46184771	103.8057606
1.461848605	103.8002379
1.461895644	103.8044188
1.461928294	103.8071379
1.461984326	103.8045562
1.462033925	103.7946237
1.462063345	103.8006892
1.462071621	103.8046929
1.462118374	103.8052423
1.462337664	103.8010903
1.462380949	103.8046885
1.462413927	103.805244
1.462444848	103.8048399
1.462473523	103.8020719
1.462509671	103.8053754
1.462595748	103.805512
1.462625937	103.803911
1.462668097	103.8050056
1.462669222	103.805664
1.462720477	103.8040878
1.462723123	103.8085953
1.462735784	103.8027576
1.46280737	103.8042246
1.462891442	103.805976
1.462894275	103.804362
1.462914004	103.8017837
1.462921123	103.8039603
1.462981705	103.8044988
1.462982221	103.8061146
1.462992207	103.8046832
1.462998034	103.8041035
1.463071114	103.8062501
1.463101051	103.8024939
1.463137227	103.8043835
1.463154593	103.8047713
1.463170886	103.8049525
1.463227819	103.803626
1.463230594	103.8063403
1.463253277	103.8065193
1.463319709	103.7941304
1.463328576	103.805045
1.463334766	103.8066534
1.463353306	103.8046459
1.463443692	103.8051703
1.463481377	103.8058534
1.463548598	103.8054761
1.463603754	103.8101943
1.463675512	103.8071723
1.463740697	103.8034774
1.463761269	103.8063006
1.463762313	103.8015578
1.46382209	103.8058523
1.463851071	103.8079064
1.463882254	103.8060068
1.46396134	103.8038719
1.464003717	103.7979353
1.46406294	103.8034119
1.464095158	103.8077063
1.464214626	103.8060228
1.464229105	103.8041229
1.464311687	103.8112552
1.464355878	103.8049992
1.464377347	103.8067687
1.464414849	103.809126
1.464418234	103.812919
1.464488585	103.8019313
1.464575078	103.8080408
1.464774417	103.813051
1.46480706	103.8093554
1.464852684	103.8026062
1.464857382	103.8042257
1.464888851	103.8071636
1.464946956	103.8014081
1.464963806	103.8051938
1.464964472	103.8046536
1.465089887	103.8090221
1.465158992	103.8031069
1.465163553	103.8108818
1.465198499	103.8096244
1.465265261	103.8122619
1.465277024	103.8085929
1.465421857	103.810008
1.465436011	103.8064928
1.465466561	103.8036076
1.465586705	103.8030086
1.465594612	103.809085
1.465603177	103.808522
1.465661842	103.81032
1.465673199	103.809849
1.465699872	103.8117675
1.465704505	103.8010883
1.465735668	103.8023459
1.465739177	103.8018998
1.465787903	103.8118657
1.465817518	103.8048714
1.465834848	103.8041545
1.465849436	103.8089347
1.465866309	103.8107567
1.465965021	103.8022681
1.465981516	103.8026948
1.466040204	103.8021654
1.466095974	103.8081995
1.466151497	103.8099329
1.466151845	103.8093749
1.466268789	103.8032127
1.466322763	103.8102908
1.466334589	103.802485
1.466369141	103.8124442
1.466387648	103.8076805
1.466402237	103.8097751
1.466454121	103.8093002
1.466556148	103.8050871
1.46665018	103.8029741
1.466659378	103.812802
1.466669356	103.8083654
1.466678349	103.803798
1.466684309	103.8113327
1.466697656	103.8102399
1.466862577	103.805068
1.466943241	103.8034348
1.466954203	103.8129827
1.466976616	103.8042537
1.467004633	103.8080184
1.467045555	103.8130357
1.467121529	103.8118835
1.467121529	103.8118835
1.467164308	103.8046252
1.467274388	103.8039335
1.467279125	103.8097776
1.467298193	103.8132088
1.467361256	103.8108562
1.467367627	103.8070621
1.467462244	103.8023352
1.467477028	103.8085626
1.467536489	103.8043698
1.467582181	103.8121021
1.467594322	103.8061575
1.467662749	103.813481
1.467688259	103.8080036
1.46768939	103.8094391
1.467754865	103.8068383
1.467761013	103.8057253
1.467857242	103.8106067
1.467869722	103.8136199
1.467919408	103.8132459
1.467945082	103.8123408
1.46794885	103.8094727
1.467989032	103.8116471
1.468103855	103.8087626
1.468118211	103.807612
1.468125679	103.8031716
1.468138728	103.8079592
1.468170229	103.8138398
1.468196376	103.8140889
1.468225802	103.8126445
1.468337926	103.8039363
1.46838511	103.8117685
1.468385256	103.8080469
1.468386933	103.8100624
1.468453745	103.8052786
1.468532326	103.8088868
1.468548118	103.8140516
1.468622101	103.8107911
1.468670079	103.8134355
1.468685581	103.8087945
1.468781972	103.8138586
1.468791544	103.8131198
1.468801687	103.8036331
1.468806608	103.8144856
1.468827737	103.8104202
1.468846795	103.8048141
1.46889153	103.8084965
1.468946555	103.8143328
1.4690094	103.8114332
1.469146025	103.8117798
1.46923989	103.813275
1.469245574	103.810556
1.469281638	103.8138005
1.469427355	103.8102016
1.469594937	103.8135303
1.469622242	103.8094946
1.469694667	103.8138658
1.469735928	103.8110642
1.469736269	103.8085332
1.469799738	103.8126576
1.469800148	103.8155717
1.469800336	103.8116514
1.469927416	103.8091486
1.470067435	103.8122817
1.470131477	103.8138058
1.470149055	103.8145604