1.331094153	103.9519255
1.331294486	103.9524134
1.331448153	103.9521335
1.331660192	103.9527406
1.331892123	103.9530946
1.332057796	103.9517369
1.332449337	103.9514644
1.332457037	103.9539177
1.332509042	103.9521576
1.333072725	103.9516618
1.3330849	103.9511263
1.333249767	103.9528106
1.333447563	103.9553108
1.333675132	103.9505047
1.33378131	103.9524382
1.334177223	103.9519506
1.334386913	103.9550508
1.334540985	103.949759
1.334879553	103.9513533
1.3349764	103.9495801
1.334979919	103.94958
1.3352942	103.9470128
1.33535976	103.9489977
1.33536223	103.9489929
1.33536229	103.9489929
1.33536229	103.9489929
1.335403201	103.9525271
1.335426362	103.9493955
1.335431267	103.9525815
1.335441963	103.9494037
1.335453379	103.9526323
1.335453418	103.9526323
1.335474444	103.9526855
1.335474444	103.9526855
1.335532036	103.9491945
1.335580814	103.9528257
1.335594868	103.9523901
1.335602462	103.9529562
1.335616889	103.9524408
1.335633175	103.9530268
1.335639041	103.9524914
1.335661251	103.9525421
1.335668151	103.9531415
1.335683983	103.9525903
1.335685525	103.9532023
1.335703044	103.9500779
1.33570797	103.9532539
1.335728578	103.9533014
1.335732227	103.9526956
1.335750268	103.9533496
1.335762682	103.9527648
1.335800849	103.9534343
1.33580406	103.9447094
1.335827989	103.9528636
1.335829281	103.9534992
1.335834205	103.9506856
1.335849494	103.9529337
1.335870445	103.9535931
1.335885987	103.9530345
1.33589886	103.953658
1.335902988	103.9580426
1.335908842	103.9530874
1.335911457	103.9521521
1.335932504	103.9531412
1.335937249	103.9489797
1.335940178	103.9537522
1.335958531	103.9532002
1.335963941	103.9522567
1.335968619	103.9538171
1.335981686	103.9532503
1.335995285	103.9533502
1.336023719	103.9534152
1.336037109	103.9520559
1.336042654	103.9525743
1.336065047	103.953509
1.336087589	103.9521865
1.336089776	103.9526837
1.336093461	103.9535739
1.33610481	103.9520125
1.336134895	103.9536679
1.336152711	103.9521577
1.336159589	103.9540359
1.336163342	103.9537328
1.336164714	103.9496823
1.336170042	103.9519759
1.336208597	103.952618
1.336226173	103.9521267
1.336249056	103.9528202
1.336259568	103.9525951
1.33627196	103.9544245
1.336271961	103.9544245
1.336278672	103.952887
1.336299089	103.9545877
1.336320162	103.9529839
1.336328312	103.9546542
1.336354324	103.9530545
1.336402488	103.9524957
1.336415402	103.9520582
1.336432839	103.9533067
1.336464071	103.953375
1.33647015	103.9543398
1.33647015	103.9543398
1.3364749	103.9541475
1.33652111	103.9535016
1.336531597	103.9544869
1.336532942	103.9550462
1.33654418	103.9518757
1.336554551	103.9535691
1.336560822	103.9545534
1.336571762	103.9527773
1.336582204	103.9548873
1.336585984	103.9574863
1.336593909	103.9518529
1.336602409	103.9524596
1.336615246	103.9546873
1.336639465	103.9536842
1.336644789	103.9518302
1.336653597	103.953296
1.336660965	103.9515909
1.336671849	103.9537579
1.336699873	103.951809
1.336699983	103.9539232
1.336715681	103.9527058
1.336718413	103.952379
1.336732826	103.9514146
1.336738196	103.9555702
1.336742351	103.954974
1.336745072	103.9522647
1.336748347	103.9499004
1.336750938	103.9474291
1.336754139	103.9515394
1.336784997	103.9538866
1.336790697	103.9556975
1.336794818	103.9584525
1.336798094	103.9531431
1.336825217	103.9531997
1.336828772	103.9518027
1.336832431	103.9542127
1.336835173	103.9558138
1.33684337	103.9536322
1.336848658	103.9532522
1.336850842	103.9514461
1.336859217	103.9542706
1.336865468	103.9558831
1.336876558	103.9526794
1.336881628	103.9532977
1.33688262	103.9517775
1.336894265	103.9533538
1.336903677	103.9559991
1.336908574	103.9523295
1.336910443	103.9522061
1.336915592	103.953411
1.33691665	103.9514169
1.336916656	103.9544089
1.336926633	103.9554868
1.336928296	103.956053
1.336942493	103.9526514
1.33694332	103.9544686
1.336969794	103.9537169
1.336989849	103.9556092
1.336994062	103.9517291
1.337005676	103.9522579
1.337027014	103.9460455
1.337034734	103.95459
1.337047098	103.9516918
1.337051805	103.9556998
1.337052902	103.9514243
1.337057479	103.9525979
1.337061766	103.9546546
1.337065089	103.9522226
1.337075107	103.9557528
1.337098412	103.955806
1.337103053	103.9543127
1.337119514	103.9514012
1.337137388	103.9548699
1.337154218	103.9521636
1.337156669	103.9547517
1.337160587	103.9516558
1.337160777	103.9529864
1.337161263	103.955891
1.337162721	103.9512353
1.337162939	103.9542874
1.337182645	103.9550931
1.337182997	103.9559437
1.337183184	103.9440006
1.337183757	103.9525432
1.33718416	103.9530445
1.337199489	103.9521376
1.337203474	103.9551401
1.337207484	103.9530971
1.337209063	103.9535908
1.337214303	103.9516326
1.337228692	103.9531469
1.337234744	103.9512137
1.337241929	103.955229
1.337251269	103.9531997
1.337252784	103.9540089
1.337254204	103.9540617
1.33725793	103.9566963
1.337262682	103.9552755
1.337275243	103.9541121
1.337277524	103.9532552
1.337291785	103.9567433
1.337301209	103.9553643
1.337311618	103.9525063
1.337313406	103.9520956
1.337313635	103.9546925
1.337321835	103.9554106
1.337321997	103.954217
1.33732203	103.9515833
1.337323946	103.9567886
1.337335211	103.9568421
1.337338526	103.9542605
1.337347985	103.9511891
1.337360793	103.9520749
1.337360841	103.9543108
1.337360879	103.9568908
1.337366323	103.9528948
1.337370855	103.9524962
1.337372065	103.9569505
1.337378184	103.9515607
1.337382399	103.9511182
1.337387032	103.9529444
1.337392442	103.9546571
1.337395886	103.9535367
1.33741563	103.9530068
1.337419507	103.9570391
1.337436817	103.9530565
1.337441167	103.9552052
1.337443857	103.9570896
1.337460805	103.954524
1.337460967	103.9534625
1.337462754	103.951995
1.337465063	103.9531184
1.337466179	103.9571406
1.337481963	103.9524457
1.337483525	103.9531694
1.337485055	103.951028
1.337487298	103.9571886
1.337491147	103.9515106
1.337509653	103.9572396
1.337516028	103.951972
1.337518796	103.9544982
1.337526361	103.9534277
1.337530747	103.9572876
1.337533597	103.9524239
1.337541202	103.9514674
1.337543767	103.9509996
1.337544575	103.955472
1.337553125	103.9573386
1.337561199	103.9538793
1.337574115	103.9534044
1.337575218	103.9573908
1.337582469	103.9539202
1.337600465	103.9574903
1.337604492	103.9539696
1.337615205	103.9551878
1.337621004	103.954451
1.337625219	103.9519213
1.337633935	103.950952
1.337639457	103.9575348
1.337645313	103.9511837
1.337645402	103.9521184
1.337648756	103.9540754
1.337650391	103.9508907
1.337656829	103.959262
1.337661867	103.9575858
1.337663782	103.9527636
1.337666404	103.9544272
1.337666821	103.9521662
1.337667264	103.9512331
1.33766965	103.9541165
1.337671699	103.9514473
1.337680227	103.947991
1.337682892	103.9576338
1.3376843	103.9532951
1.337684559	103.9528157
1.337689808	103.9518812
1.33769146	103.952225
1.337691632	103.9541662
1.337705309	103.9576847
1.337705865	103.9566538
1.337709747	103.9508659
1.3377122	103.9528781
1.337714187	103.9522727
1.337714235	103.9565859
1.33772632	103.9577327
1.337726634	103.9567014
1.337726834	103.9554741
1.337730721	103.9514231
1.337733675	103.9523939
1.337735568	103.9529274
1.337749261	103.9567527
1.33775778	103.9524442
1.337759369	103.955123
1.337760395	103.9578403
1.337760895	103.9577785
1.337763503	103.9529891
1.337764846	103.9537907
1.337770062	103.9568004
1.337781239	103.9538339
1.337781597	103.9488694
1.337785731	103.9530411
1.337785977	103.9560058
1.337786154	103.9518005
1.337788982	103.9554443
1.337792636	103.9568517
1.337793098	103.9543874
1.337803383	103.9538838
1.337813427	103.9568993
1.337818007	103.9531464
1.337829389	103.9532778
1.337836013	103.9569505
1.337841182	103.9517783
1.337842681	103.9549817
1.3378471	103.9549881
1.337848781	103.9539899
1.337848976	103.955421
1.337851516	103.9559794
1.337854978	103.951353
1.337864693	103.9540333
1.337886169	103.9540835
1.337889016	103.9517576
1.337889413	103.9526671
1.337891911	103.9569872
1.337904108	103.9553943
1.337904613	103.9549627
1.337911953	103.9527179
1.337915872	103.9513261
1.337919552	103.957085
1.3379209	103.9505865
1.337921966	103.9572075
1.337928383	103.9519379
1.337939154	103.9527799
1.337940977	103.950645
1.337942612	103.9571386
1.337942769	103.9572552
1.3379472	103.9517321
1.337947616	103.9559464
1.337948465	103.9519842
1.337948754	103.954325
1.337960248	103.9528307
1.33796537	103.9573065
1.337974484	103.9520421
1.337978952	103.9506997
1.337986183	103.9573541
1.337987425	103.9528918
1.33799443	103.9517106
1.337995016	103.9520893
1.337996343	103.9532679
1.337999108	103.9580833
1.338001061	103.9580845
1.338002334	103.9507545
1.338003852	103.9559208
1.338008766	103.9574054
1.338009455	103.9529423
1.338015421	103.9565372
1.338019675	103.9521481
1.3380278	103.9508126
1.338029597	103.957453
1.338038495	103.9553259
1.338039765	103.9521954
1.33803992	103.9550081
1.338049735	103.9532445
1.338051244	103.9581791
1.338051244	103.9581791
1.338051244	103.9581791
1.338051244	103.9581791
1.338052167	103.9575043
1.338053237	103.9565912
1.338053571	103.9516867
1.338054967	103.9558999
1.33806108	103.9542546
1.33806401	103.9508655
1.338065765	103.9522537
1.338072981	103.9575519
1.338073913	103.9566387
1.338087826	103.9523017
1.338088996	103.9549477
1.338090693	103.953649
1.33809652	103.9566901
1.33809865	103.9509806
1.338102136	103.9516648
1.338103953	103.9558793
1.338112577	103.95369
1.338114451	103.9531231
1.338116428	103.9567381
1.338119808	103.9583026
1.338119808	103.9583026
1.338119808	103.9583026
1.338119808	103.9583026
1.338122084	103.951034
1.338127366	103.9542257
1.338134793	103.9537398
1.338139811	103.956789
1.33814762	103.951841
1.338148121	103.9510932
1.338160551	103.9568363
1.338165049	103.9558808
1.338166914	103.9579119
1.338169109	103.9518887
1.338169803	103.9511487
1.338172638	103.9538484
1.338172765	103.9531143
1.338185173	103.955317
1.338189221	103.9584241
1.338189221	103.9584241
1.338189221	103.9584241
1.338189462	103.9584243
1.338191791	103.9525325
1.338193385	103.9538897
1.338194844	103.9519463
1.338195947	103.9512078
1.33820215	103.9579692
1.338204636	103.9569373
1.33821269	103.9525798
1.338213695	103.9558594
1.338214604	103.9549159
1.338214773	103.9539397
1.338214961	103.9519943
1.338218005	103.9512597
1.338225501	103.9569848
1.338232302	103.9541497
1.33823838	103.9526382
1.33824065	103.952052
1.338248013	103.9570362
1.338250969	103.9552937
1.338251106	103.9580168
1.338256705	103.958549
1.338256725	103.958549
1.338256725	103.958549
1.338256725	103.958549
1.338259045	103.9526852
1.3382615	103.9520998
1.338268816	103.9570837
1.338271171	103.9580818
1.338274657	103.9558505
1.338283343	103.9549038
1.338286644	103.9527393
1.33828703	103.9521576
1.338291292	103.9571351
1.338294159	103.9531319
1.338296877	103.9535592
1.338305483	103.952791
1.338305647	103.958138
1.338308662	103.9522062
1.338312122	103.9571825
1.338312755	103.9536032
1.338325231	103.955216
1.338331888	103.9530623
1.338334533	103.9572339
1.338334761	103.9572986
1.338335081	103.9536537
1.338335973	103.959769
1.338338817	103.9580408
1.338339996	103.9581942
1.338357828	103.9547902
1.338362351	103.9587013
1.338362351	103.9587013
1.338362351	103.9587013
1.338362351	103.9587013
1.338367327	103.9514881
1.33836761	103.9540189
1.338372622	103.9556931
1.33837572	103.9564575
1.338380049	103.9515488
1.338380745	103.9582444
1.338389396	103.9537549
1.338396987	103.9565072
1.338397956	103.9557463
1.338400083	103.9524424
1.338405064	103.9537986
1.338405949	103.9516068
1.338413577	103.9551854
1.338419412	103.9565586
1.338420494	103.9557972
1.338420856	103.9524898
1.33842703	103.9516538
1.33842783	103.9538473
1.338431219	103.9583661
1.338431508	103.9547575
1.338440245	103.9566061
1.338444451	103.9528848
1.338446584	103.9525482
1.33844999	103.9558452
1.338451323	103.9588151
1.338451323	103.9588151
1.338451323	103.9588151
1.338451323	103.9588151
1.338452045	103.9517121
1.338462709	103.9566575
1.338465433	103.9529537
1.338467289	103.9525952
1.338472864	103.951759
1.338474319	103.9542226
1.338476954	103.9584191
1.338484833	103.9567068
1.338490508	103.9576987
1.338493435	103.9526534
1.338493518	103.9576993
1.338494047	103.9584857
1.338495861	103.9530097
1.338498168	103.9546732
1.338498963	103.9518175
1.338517879	103.9530625
1.338520383	103.9518641
1.338527272	103.9568037
1.338527641	103.9589353
1.338527641	103.9589353
1.338527641	103.9589353
1.338527641	103.9589353
1.33853201	103.9551784
1.338532917	103.9527043
1.338534173	103.9540178
1.33853568	103.9503434
1.338544927	103.9531189
1.338545428	103.9519227
1.338545605	103.9585314
1.338548367	103.9568534
1.33855036	103.9576487
1.338565682	103.9531728
1.338566207	103.9519707
1.33857093	103.9569047
1.338580094	103.9585877
1.33858209	103.9546324
1.33859162	103.9569523
1.338591741	103.9564215
1.33859635	103.9551461
1.338613843	103.9564708
1.338614238	103.9570036
1.338614457	103.9586437
1.33861468	103.9590505
1.33861468	103.9590505
1.33861468	103.9590505
1.33861468	103.9590505
1.338625699	103.9534152
1.338629481	103.9579571
1.338635863	103.9476766
1.33863632	103.9570531
1.338636378	103.9565222
1.338646563	103.9534587
1.338648827	103.9586998
1.33864987	103.9575511
1.33865714	103.9565697
1.338668647	103.9535119
1.338674623	103.9545974
1.338679621	103.9566211
1.338682161	103.9539555
1.338685005	103.9578974
1.338688865	103.9551093
1.338690547	103.9535572
1.338698302	103.9591672
1.338698302	103.9591672
1.338698302	103.9591672
1.338698302	103.9591672
1.33870044	103.9566686
1.338701991	103.9587638
1.33870328	103.9555504
1.338711268	103.9575061
1.338712077	103.9523074
1.338714398	103.9536098
1.338722866	103.95672
1.338725379	103.9556049
1.338726257	103.9523597
1.338734915	103.9536555
1.338743735	103.9567675
1.338747712	103.9556558
1.338753038	103.9527532
1.338757834	103.9537058
1.338757954	103.9545616
1.338758613	103.9524129
1.338766114	103.9568189
1.338768584	103.9557035
1.338772912	103.9551009
1.338779452	103.9524601
1.338785869	103.9578087
1.338787448	103.9568687
1.338787908	103.9528142
1.33879439	103.9557583
1.338806137	103.9525182
1.338811072	103.9528728
1.338818183	103.957417
1.338823535	103.9548754
1.33882681	103.9525654
1.338831963	103.9545031
1.338832873	103.9533252
1.338833688	103.9538888
1.338834482	103.9529255
1.338843035	103.9577571
1.33884307	103.9549669
1.338853519	103.9533687
1.338857494	103.952984
1.338863525	103.9573502
1.338874469	103.9554625
1.338877091	103.9534218
1.338879871	103.9530362
1.338897768	103.9534673
1.338907006	103.9551267
1.338913016	103.9577911
1.338916563	103.9555218
1.338920558	103.9535205
1.338923169	103.954491
1.338934321	103.9503294
1.338938532	103.9535674
1.338938953	103.955573
1.338944623	103.9576652
1.338949723	103.9572487
1.338949974	103.9551106
1.338959747	103.9556206
1.338962212	103.9536151
1.338970392	103.9528329
1.338974809	103.9515148
1.338982525	103.9556768
1.33898677	103.9538246
1.338986964	103.958878
1.339001264	103.9566326
1.339013787	103.9576125
1.339025738	103.9528094
1.339026386	103.957216
1.339032829	103.9591171
1.339041296	103.9588677
1.339041772	103.9544993
1.339045755	103.9547724
1.339048048	103.9565779
1.339054623	103.9548337
1.339087162	103.9591068
1.339089439	103.95654
1.339103801	103.9575212
1.339114746	103.9544669
1.339120265	103.956494
1.3391302	103.9549037
1.339132658	103.9588504
1.339134734	103.9571359
1.339159193	103.9537854
1.339161457	103.9574702
1.339167454	103.9549903
1.339178526	103.9590894
1.339180051	103.957061
1.339186989	103.9588401
1.339190289	103.9532828
1.339194855	103.9550546
1.339209117	103.9533297
1.33921272	103.9544154
1.339216351	103.9553273
1.33923286	103.9590792
1.339233902	103.9533822
1.339239392	103.955382
1.339242466	103.9548556
1.339254691	103.9534285
1.339261423	103.9554324
1.339272027	103.9534872
1.339276493	103.9573886
1.339279567	103.9536036
1.339282569	103.9554807
1.33928259	103.9569811
1.339292037	103.9544296
1.339300821	103.9555335
1.339302404	103.9536592
1.339322202	103.9548304
1.339326213	103.9573225
1.339331208	103.9537251
1.339346997	103.9569325
1.339356233	103.9537809
1.339361317	103.9577239
1.33936802	103.9562374
1.33936802	103.9562374
1.33936802	103.9562374
1.33936802	103.9562374
1.33936802	103.9562374
1.33936802	103.9562374
1.33936802	103.9562374
1.33936802	103.9562374
1.33936802	103.9562374
1.33936802	103.9562374
1.33936802	103.9562374
1.33936802	103.9562374
1.33936802	103.9562374
1.33936802	103.9562374
1.33936802	103.9562374
1.339383906	103.9543622
1.339384491	103.9538468
1.339389662	103.9578027
1.339391103	103.9546219
1.339408959	103.9539014
1.339411032	103.9552425
1.339416657	103.9546774
1.33941762	103.9562325
1.339424695	103.9572376
1.33943613	103.9552967
1.339438567	103.9547238
1.339458539	103.9553468
1.339461545	103.9547767
1.339463783	103.9579384
1.339467398	103.9587818
1.339469543	103.9543252
1.339471472	103.9587861
1.339477497	103.9553951
1.339480864	103.9548243
1.339482693	103.9571844
1.339487495	103.94928
1.339491936	103.9590271
1.33950166	103.9554457
1.339505066	103.9548762
1.339506301	103.9532455
1.339509112	103.9580104
1.339519204	103.9555122
1.339522603	103.9540786
1.33952341	103.9549259
1.339543188	103.9541277
1.339545204	103.9510221
1.339547623	103.9575971
1.339553917	103.9587694
1.33956357	103.9581448
1.33958197	103.9542137
1.339583982	103.9576681
1.339584236	103.9578259
1.339602725	103.9542627
1.339605572	103.9589921
1.339607151	103.9582125
1.339641243	103.9543488
1.33966211	103.9543978
1.339670255	103.9578226
1.339673599	103.9587365
1.339678986	103.9583341
1.339702852	103.9578898
1.339707965	103.9544818
1.33971922	103.9584244
1.339724487	103.9565529
1.339728782	103.9551057
1.339736377	103.9545385
1.339745116	103.9589704
1.33975154	103.95516
1.339757945	103.9545853
1.339759516	103.9580357
1.339773611	103.9552103
1.339775652	103.9568055
1.33977798	103.9587292
1.339779844	103.9546384
1.339794951	103.9552586
1.339801226	103.9546853
1.339817086	103.955309
1.339820843	103.9589533
1.339823594	103.958119
1.339824214	103.954738
1.339826759	103.9540256
1.339837783	103.9587053
1.33983821	103.9553575
1.339847594	103.9547861
1.33986543	103.9554145
1.339875085	103.9570428
1.339881269	103.9549871
1.339884238	103.9589326
1.33988913	103.953998
1.339893426	103.9582638
1.339908119	103.9587053
1.339916675	103.9541224
1.339918759	103.9562993
1.33993337	103.9550289
1.339935525	103.9583471
1.339945167	103.9541875
1.339949324	103.9589208
1.339950877	103.9539712
1.339963321	103.955083
1.339971837	103.958686
1.339972937	103.9542504
1.339973347	103.9522739
1.339983094	103.9572537
1.339985285	103.9551339
1.340000977	103.9543143
1.340006557	103.9551818
1.340012445	103.9539439
1.340014411	103.958909
1.340023911	103.9543772
1.34002854	103.9552327
1.340038322	103.9586813
1.340039713	103.9540693
1.34004922	103.9552807
1.340070562	103.9541354
1.340073451	103.9553376
1.340079531	103.9588971
1.340098147	103.9542093
1.340103444	103.9586693
1.340116944	103.9587404
1.34012313	103.9545537
1.340150239	103.9588967
1.34015442	103.954343
1.34016858	103.9586573
1.340178575	103.9546195
1.3401975	103.9546643
1.340200482	103.9537598
1.340210296	103.9578235
1.34021454	103.9588983
1.340219624	103.9543706
1.34023164	103.9520801
1.340237194	103.9586411
1.340241447	103.9547086
1.340242007	103.9547627
1.340257193	103.9537345
1.340274813	103.9588615
1.340282282	103.9548085
1.340286459	103.9543786
1.340289116	103.9548601
1.340314962	103.9568506
1.340317204	103.9549124
1.34032805	103.9549601
1.340331051	103.9544332
1.340351113	103.9588566
1.340359365	103.9545352
1.340361163	103.9550114
1.340389344	103.9536748
1.340392316	103.9550691
1.340396503	103.9540453
1.340445952	103.9536492
1.340453074	103.9540196
1.340455614	103.9581678
1.340461375	103.9544718
1.340529181	103.956777
1.340531385	103.9496331
1.34053586	103.9546165
1.340540459	103.9546976
1.340546657	103.9560157
1.34056257	103.9547412
1.340582354	103.9535948
1.340584721	103.954796
1.340605271	103.9539587
1.340606498	103.9548397
1.340631572	103.9493049
1.340633062	103.9548923
1.340638598	103.9535687
1.340649645	103.9549358
1.34067866	103.9539256
1.340680008	103.9541082
1.340684741	103.9492944
1.340695382	103.9494212
1.340700049	103.9541518
1.340706375	103.9562398
1.340710468	103.9512727
1.340715527	103.9565747
1.34071717	103.9480685
1.340719488	103.9480706
1.340724569	103.9542052
1.340743529	103.9542507
1.340750786	103.9576341
1.340767098	103.9543044
1.340770094	103.9587144
1.340774642	103.9535178
1.340782114	103.9494298
1.340785688	103.954347
1.340812436	103.9538694
1.340825885	103.9494655
1.340830767	103.9544544
1.340832395	103.9534596
1.340849911	103.9514337
1.340851322	103.954498
1.340858872	103.9557651
1.340872904	103.9538423
1.340876735	103.954551
1.340895424	103.9545966
1.340910598	103.9540097
1.340919408	103.95465
1.340924594	103.9507425
1.340930166	103.9540517
1.34093959	103.9546947
1.340951623	103.9541063
1.340957924	103.9541578
1.340963034	103.9547486
1.340966034	103.9534354
1.340983449	103.9547955
1.340996128	103.9542047
1.341016495	103.9542484
1.341018351	103.958153
1.341022547	103.9534096
1.341039934	103.9558561
1.341061105	103.9543546
1.341063304	103.9544071
1.341102352	103.9544527
1.341113226	103.9577958
1.341120505	103.9560923
1.341121943	103.9544978
1.341146828	103.9545512
1.341158768	103.9537255
1.341159932	103.9583728
1.341166869	103.9545946
1.341182699	103.9537937
1.341209804	103.9562888
1.341211337	103.9554069
1.341211337	103.9554069
1.341211337	103.9554069
1.341211337	103.9554069
1.341211337	103.9554069
1.341254882	103.9539053
1.341267897	103.9539823
1.341303421	103.9533477
1.341318533	103.9481934
1.341324955	103.9541156
1.341347247	103.9513551
1.34134725	103.9513551
1.341350984	103.9541717
1.341384925	103.9595583
1.34139834	103.9551512
1.341409512	103.9543045
1.34140973	103.9535494
1.341435112	103.9543608
1.341453156	103.9556769
1.341519499	103.953758
1.341531004	103.956986
1.341625063	103.9539743
1.341645553	103.9608404
1.341672665	103.9565424
1.341686505	103.9487995
1.341695382	103.9580808
1.341723703	103.9602637
1.341729747	103.9601774
1.341733656	103.9488663
1.341739784	103.9614726
1.341740411	103.9534146
1.341756805	103.9601204
1.34177634	103.9487594
1.341795643	103.9600655
1.341821167	103.952586
1.341828755	103.960183
1.341834814	103.9600167
1.341866375	103.9520194
1.341868225	103.9599603
1.341880402	103.9603319
1.341885217	103.9508335
1.341901156	103.9536575
1.341902408	103.9599097
1.341915665	103.9607031
1.341929785	103.9602712
1.341941444	103.9598547
1.34196414	103.9602208
1.34198659	103.9606952
1.342002054	103.9601657
1.342012457	103.9597533
1.342020912	103.9562401
1.342032428	103.9601125
1.342046442	103.9597044
1.342056859	103.9547363
1.342076064	103.9600632
1.342082379	103.9491539
1.34208478	103.9596497
1.342088992	103.9576471
1.342108608	103.9600099
1.342119666	103.9595997
1.342134865	103.9606816
1.342156132	103.959547
1.34216114	103.9504899
1.34217827	103.9599157
1.342191602	103.9594944
1.342203395	103.9606747
1.342204624	103.9544867
1.342215881	103.9612631
1.342224888	103.9598641
1.342257928	103.9501284
1.342270152	103.9593959
1.342276388	103.961281
1.342278742	103.9598122
1.342282032	103.9603006
1.34228339	103.9610251
1.342304821	103.9593435
1.342310144	103.9597622
1.342314883	103.9572477
1.342338174	103.9596934
1.342338559	103.9606774
1.34233923	103.9602983
1.342341863	103.9592878
1.342367451	103.9610523
1.342371645	103.9596456
1.342375482	103.9592375
1.342400452	103.9602677
1.342412335	103.9495035
1.342413094	103.9591822
1.342418814	103.9613313
1.342424567	103.9606429
1.34242624	103.9601985
1.342428323	103.9595366
1.342429017	103.9517586
1.342447152	103.9591299
1.342454124	103.9594732
1.342457713	103.9601509
1.34246319	103.9611539
1.342477099	103.9585391
1.342483884	103.959076
1.342486602	103.96008
1.34249408	103.9602522
1.342499278	103.9613591
1.342510639	103.9594303
1.34251776	103.9590255
1.342526089	103.9522935
1.342528491	103.9589572
1.342531994	103.9570125
1.342534459	103.9531887
1.342541144	103.9600422
1.342546664	103.95938
1.342552189	103.9560409
1.342560313	103.9611072
1.342570778	103.9606346
1.342573791	103.9593089
1.342606676	103.9592624
1.342611984	103.9587681
1.342613287	103.9599291
1.342631851	103.9603071
1.342637428	103.9613926
1.342638191	103.9606277
1.342638993	103.9546098
1.342650467	103.9598803
1.342656015	103.9592192
1.34268753	103.9598186
1.342691998	103.9530508
1.342691998	103.9530508
1.342691998	103.9530508
1.342691998	103.9530508
1.342695194	103.9602723
1.342696974	103.9614102
1.342706189	103.9530245
1.342706196	103.9530245
1.342707814	103.961162
1.342719098	103.9597699
1.342735539	103.9602358
1.342738696	103.9589763
1.342742266	103.9548924
1.342744417	103.9601719
1.34274709	103.9596999
1.342752768	103.9501952
1.342766114	103.960815
1.342768632	103.9611813
1.342778092	103.9596508
1.342779332	103.9605988
1.342824284	103.9601353
1.342832031	103.9595981
1.342834421	103.9614622
1.342853543	103.9600871
1.342854256	103.9498804
1.34285869	103.9582587
1.342863443	103.9605896
1.34287179	103.9575618
1.342873687	103.9592051
1.342876525	103.9595312
1.342877321	103.9600137
1.342883574	103.9608246
1.342906317	103.9599658
1.342906679	103.9612201
1.342913472	103.9614832
1.34295545	103.9598377
1.342959704	103.9554742
1.342960258	103.9599097
1.34298847	103.9612407
1.343000399	103.9608511
1.343000399	103.9594134
1.343007435	103.9606143
1.343008825	103.9597963
1.343013002	103.9588349
1.34301412	103.9597141
1.343019541	103.9510074
1.343025566	103.9517598
1.343041576	103.9517634
1.343044251	103.9615157
1.343066302	103.96088
1.343085151	103.9606059
1.343108136	103.9602575
1.343109584	103.9495596
1.343113656	103.9585542
1.343122341	103.9615459
1.343129703	103.9612937
1.343135737	103.9596428
1.343137655	103.9602036
1.343155311	103.9561051
1.343158904	103.9541881
1.343173696	103.9607936
1.343191449	103.960891
1.343193008	103.950444
1.343196703	103.9612948
1.343201838	103.9601595
1.343202895	103.9533717
1.343203421	103.9533713
1.343203421	103.9533713
1.343203421	103.9533713
1.343203421	103.9533713
1.343235003	103.9602548
1.343256631	103.9615647
1.343257146	103.9601168
1.343264487	103.9608972
1.34326586	103.9605844
1.343295215	103.9602172
1.34332179	103.9600784
1.343330702	103.9616024
1.343332383	103.9613524
1.34334931	103.9605794
1.343355502	103.9600233
1.34336246	103.9558568
1.343372502	103.9609652
1.343401926	103.9613726
1.343411232	103.9599771
1.343420957	103.9572751
1.343420967	103.9572751
1.343448171	103.9599276
1.343449681	103.9609744
1.343465123	103.9554482
1.343469893	103.9616379
1.343503937	103.9602114
1.343515307	103.9565184
1.34354163	103.9614138
1.343545038	103.961682
1.343548532	103.9607067
1.343565659	103.959402
1.343566804	103.9602071
1.343576307	103.9598488
1.343580388	103.9610162
1.343584529	103.9511278
1.343593762	103.9535411
1.343593763	103.9535411
1.343609601	103.9569035
1.34361881	103.961427
1.343618815	103.961427
1.343624373	103.9602694
1.343629946	103.9598044
1.343643344	103.9607516
1.343678865	103.9602853
1.343691386	103.9617118
1.343697127	103.9610145
1.343745471	103.9614733
1.343752639	103.9617306
1.343757611	103.9518978
1.343757615	103.9518978
1.343759857	103.9602645
1.343764505	103.9610528
1.343778387	103.9533823
1.343806453	103.9595027
1.343810257	103.9603241
1.343811391	103.9545032
1.343819603	103.9549942
1.343821533	103.9595744
1.34383034	103.9610915
1.343830777	103.9598015
1.343834869	103.9615171
1.343846151	103.9597079
1.343849097	103.9504375
1.343849105	103.9504375
1.343855791	103.9607406
1.343881688	103.960316
1.343894814	103.9617652
1.343927539	103.9607985
1.343932776	103.9603599
1.343949024	103.9611452
1.34395928	103.9551682
1.343965265	103.961799
1.343965663	103.9615415
1.344001117	103.9603782
1.344019649	103.9611506
1.344056584	103.9615433
1.344074443	103.960366
1.344098326	103.9618306
1.344102984	103.960844
1.344143168	103.961176
1.344166517	103.9563383
1.344166525	103.9563383
1.344173294	103.9618603
1.344180399	103.9608772
1.344185204	103.9616122
1.344212748	103.9571568
1.344221097	103.9611913
1.344246166	103.9616299
1.344253486	103.9596028
1.344275961	103.9531702
1.344316441	103.9609481
1.344327777	103.9612476
1.344358689	103.9609614
1.344364975	103.9542618
1.344366738	103.9611383
1.344415524	103.9612509
1.344453663	103.960989
1.344500422	103.9610041
1.344511492	103.9618037
1.344517124	103.9607135
1.344530704	103.9617419
1.344530776	103.9606671
1.34455078	103.9616775
1.344554135	103.9548304
1.344562283	103.9605797
1.344577518	103.9605328
1.344585551	103.9513156
1.34461346	103.9604387
1.344621596	103.9594175
1.344622911	103.9613286
1.344627869	103.9603939
1.344637483	103.9619736
1.344641435	103.9559168
1.344660759	103.9602918
1.34467664	103.9602427
1.344695716	103.9613462
1.344699451	103.9582101
1.344700226	103.9617465
1.344708492	103.9610737
1.344723903	103.9620007
1.344770782	103.9617626
1.344774664	103.9551302
1.344774688	103.9611061
1.344801829	103.9598616
1.344806923	103.9569966
1.344806925	103.9569966
1.344826901	103.9607035
1.344832442	103.9613834
1.344847443	103.9620398
1.344848328	103.9555538
1.344888676	103.9532413
1.344894268	103.9607299
1.344895206	103.9611376
1.344901983	103.9613986
1.344917821	103.9618032
1.344935535	103.9551109
1.344950067	103.9620484
1.344965635	103.9551678
1.344967019	103.9604596
1.344973066	103.9611696
1.345011529	103.9618364
1.345015861	103.9607615
1.345018678	103.9552298
1.34502012	103.9605646
1.345034514	103.9614103
1.345059223	103.9541657
1.345093457	103.9607778
1.345095481	103.9611904
1.345111589	103.9614764
1.345126673	103.9621441
1.345150482	103.9587198
1.345170371	103.9596759
1.345187502	103.9612252
1.345194022	103.9619086
1.345194368	103.9621731
1.345222759	103.9572077
1.345242877	103.9608063
1.345273677	103.960626
1.345280519	103.9619455
1.345292434	103.9608691
1.345306618	103.953188
1.3453152	103.9531801
1.345317435	103.9615516
1.345339006	103.9622102
1.345349831	103.9551273
1.345351157	103.9601209
1.345351297	103.9555703
1.345382121	103.9606713
1.345385315	103.9612863
1.345401748	103.9581508
1.34540765	103.9619716
1.345407806	103.9622408
1.345438104	103.9615277
1.345445425	103.9613035
1.345494835	103.9539603
1.345495635	103.9609188
1.345505166	103.9539543
1.345505369	103.9620013
1.345511583	103.9613153
1.345524396	103.9616786
1.345529247	103.9558303
1.345530161	103.9592488
1.345546797	103.9609343
1.345551373	103.9589734
1.34556235	103.9622579
1.345571773	103.9524981
1.345575733	103.9613319
1.345600663	103.9620384
1.345607117	103.9609378
1.345639259	103.9613504
1.345645738	103.9615635
1.345653224	103.9620545
1.345663428	103.962306
1.345668073	103.9609458
1.345699898	103.961374
1.34571937	103.9599349
1.345724732	103.9609643
1.345726592	103.9620768
1.345754827	103.9572689
1.345765265	103.9613943
1.345770075	103.9616688
1.345777557	103.9610038
1.345779154	103.9620929
1.345826314	103.9614074
1.345835193	103.9610211
1.345837507	103.9617645
1.345851355	103.9550698
1.345888762	103.9560258
1.345890071	103.9614369
1.345898076	103.9610292
1.345912055	103.962388
1.345927117	103.961365
1.34595297	103.9610483
1.345958248	103.9614481
1.345972124	103.9621467
1.345983509	103.9623983
1.34600509	103.9592006
1.346013969	103.9610587
1.346054188	103.962183
1.346073025	103.9584323
1.346081889	103.9610719
1.346102915	103.9624479
1.34611962	103.953935
1.346160543	103.962234
1.346169453	103.9624643
1.346196706	103.9571053
1.346212933	103.9548149
1.346220696	103.9619087
1.346229276	103.9618454
1.346232663	103.9622448
1.346243494	103.9617934
1.346245794	103.9542766
1.346263127	103.9617315
1.346266941	103.9559648
1.346279354	103.9616801
1.346293392	103.9625091
1.346297243	103.9616179
1.346307129	103.9533758
1.346312713	103.9615665
1.346331928	103.9615046
1.346347495	103.9614533
1.346359207	103.9622674
1.346359853	103.9612661
1.346362164	103.962536
1.346369889	103.9613945
1.346375851	103.9611894
1.346395445	103.961057
1.346435066	103.9622905
1.346446234	103.9610009
1.346455693	103.9619759
1.346457074	103.9608708
1.346488794	103.9618803
1.346490252	103.9625674
1.346492729	103.9607993
1.346528268	103.9606851
1.346532468	103.9617352
1.346559749	103.9623407
1.346560363	103.9616572
1.346565673	103.9606067
1.346566543	103.9625789
1.346584244	103.9543164
1.34660615	103.9615386
1.34661994	103.9623586
1.346622653	103.9614727
1.346625267	103.9613537
1.346643938	103.9612794
1.34667215	103.9626136
1.346674188	103.9611595
1.34668351	103.9565613
1.346702878	103.9610937
1.34673118	103.9586075
1.346738983	103.9559372
1.346740784	103.9609903
1.346756013	103.9623946
1.34675636	103.959924
1.346757576	103.9626373
1.34675891	103.9609101
1.346764098	103.9604297
1.346766481	103.9619909
1.34678219	103.9573359
1.346809099	103.9571742
1.346809099	103.9571742
1.346816782	103.9607456
1.34682458	103.9604217
1.346831777	103.9620112
1.346833068	103.9624074
1.346835297	103.9627523
1.346835373	103.9575356
1.34687713	103.9626849
1.346894436	103.9606873
1.346900721	103.9548558
1.34691396	103.9618366
1.346914414	103.961761
1.346917541	103.9625497
1.346939015	103.9627035
1.346942842	103.9627781
1.346944144	103.9624432
1.346945088	103.962455
1.34694774	103.9616387
1.34694973	103.96204
1.34697168	103.9604057
1.346985374	103.961581
1.347010752	103.9624716
1.347019206	103.9620722
1.347019492	103.9614671
1.347033687	103.9613893
1.347035357	103.9603991
1.347047142	103.9542535
1.347056378	103.9595877
1.347056503	103.9612779
1.347074043	103.9627437
1.347083837	103.96066
1.347108923	103.9612122
1.347128438	103.9609925
1.347132656	103.9627625
1.34713815	103.9625029
1.347147227	103.9621095
1.347150036	103.9611059
1.347175731	103.9606528
1.347190398	103.9604897
1.347197219	103.9618157
1.347204967	103.9625345
1.34720553	103.961892
1.347215956	103.9621262
1.347218118	103.9569005
1.347252314	103.9610029
1.34725399	103.9603954
1.347265318	103.9628078
1.34726582	103.9616002
1.347268661	103.9616877
1.347313666	103.9556785
1.347326631	103.9606452
1.347332264	103.9614787
1.347335839	103.9625643
1.347335881	103.9628313
1.347343104	103.9614064
1.34736828	103.9610058
1.347386182	103.9606383
1.347391727	103.9603782
1.347395485	103.9612686
1.347401036	103.9584231
1.34740487	103.9611937
1.347414726	103.9625871
1.347416809	103.9595936
1.347426127	103.9610239
1.347495486	103.9622915
1.347499184	103.960364
1.347508796	103.9610408
1.347510101	103.9622072
1.347549301	103.9606168
1.347553576	103.9620844
1.347566816	103.9610586
1.347571681	103.9620272
1.347580094	103.9563105
1.347594434	103.9603554
1.347613503	103.9618958
1.347623496	103.961827
1.347634754	103.960598
1.347662839	103.9617073
1.347690276	103.9616247
1.347706501	103.9603018
1.347723548	103.9615133
1.347750169	103.9614474
1.347789419	103.9613241
1.347815274	103.9612397
1.347857802	103.9611167
1.347873636	103.9595327
1.347883103	103.9610473
1.347925967	103.9609311
1.347936072	103.9563398
1.347937135	103.9608669
1.347973328	103.9607094
1.347979504	103.9606493
1.347982018	103.9604138
1.347984889	103.9604894
1.348019576	103.9581862
1.348037331	103.9570461
1.348044941	103.9570461
1.348086612	103.958789
1.348139387	103.9620849
1.348148616	103.9556484
1.348225393	103.959429
1.348386199	103.9598244
1.348528217	103.9628452
1.348587662	103.959438
1.348593985	103.9622712
1.348605831	103.9620161
1.348610385	103.9605637
1.348649206	103.9579573
1.348660893	103.9617664
1.348728217	103.9587605
1.348761578	103.961533
1.348783036	103.9627819
1.348904036	103.9613192
1.348950522	103.9596294
1.348969379	103.9605216
1.349015718	103.9626891
1.349083313	103.9611389
1.349199543	103.9598898
1.349230117	103.9625579
1.349265793	103.9577132
1.349327613	103.960302
1.349352565	103.9609609
1.349403262	103.9615786
1.349417552	103.9623839
1.349445061	103.9583838
1.349567802	103.9621795
1.349584284	103.96086
1.349591675	103.96086
1.349626011	103.9590437
1.349715807	103.9618918
1.349786849	103.9616506
1.349828702	103.9613966
1.349837991	103.9607835