1.308214246	103.8177579
1.308466909	103.817947
1.308694269	103.8176284
1.308721401	103.8176082
1.308737612	103.8179386
1.308801768	103.8122445
1.309843135	103.808137
1.31001689	103.807475
1.310137132	103.8175024
1.310204637	103.8073463
1.310280527	103.8067218
1.310507311	103.8076308
1.310521988	103.8076394
1.310569929	103.8075906
1.310580588	103.8075952
1.310592533	103.8075184
1.310607023	103.8075284
1.310630534	103.8074654
1.310636365	103.807468
1.310646601	103.8073925
1.310661761	103.8074018
1.310682038	103.8073368
1.310685231	103.8073387
1.310698934	103.8072669
1.31071259	103.8072743
1.310739399	103.8072132
1.310746087	103.8072162
1.310756621	103.8071406
1.310771551	103.8071502
1.310795222	103.8070862
1.310800163	103.8070894
1.310888527	103.806404
1.310912098	103.8046423
1.31091267	103.8063395
1.310940529	103.8062733
1.310978803	103.8062041
1.311011391	103.8061364
1.311031684	103.8060706
1.31104187	103.8043815
1.311045402	103.8072118
1.311045817	103.8072005
1.311055446	103.8060046
1.311076349	103.8059408
1.311096906	103.8058769
1.311106159	103.8072404
1.311112165	103.8066768
1.31111433	103.8072201
1.311117295	103.8058118
1.311125509	103.8057489
1.311136518	103.8066146
1.311155384	103.806548
1.311174629	103.8072612
1.311176464	103.8064838
1.311177212	103.8072483
1.311200598	103.8064218
1.311217447	103.8063536
1.311234309	103.8072886
1.311242858	103.8072672
1.311278964	103.8153085
1.311302681	103.8073105
1.311305359	103.8072961
1.311325892	103.8042391
1.311325916	103.8062795
1.31136309	103.8062293
1.311367844	103.807323
1.311374669	103.8073062
1.31139513	103.8061756
1.311416222	103.8068217
1.311416757	103.8068214
1.311417349	103.8061112
1.31142681	103.8067632
1.311427005	103.8067625
1.311437657	103.8060458
1.311438054	103.807344
1.311440784	103.8073294
1.311446356	103.8067092
1.311446527	103.8067091
1.311447365	103.8059712
1.311455589	103.8066543
1.311456122	103.8066531
1.311463245	103.8054924
1.31147036	103.8059073
1.31147713	103.8066017
1.311477649	103.8066013
1.311485664	103.8065452
1.311486711	103.8065433
1.311503937	103.8073581
1.311510274	103.8073402
1.311522346	103.8076361
1.311529837	103.807621
1.311593219	103.8076457
1.311597577	103.8076331
1.311635472	103.80644
1.311635954	103.8064392
1.311644644	103.8053875
1.311645369	103.8063809
1.311646995	103.8063785
1.311654733	103.807676
1.311654924	103.8048757
1.311663423	103.8076603
1.311672963	103.806327
1.311673208	103.8063267
1.311683399	103.8062682
1.311684236	103.8062667
1.311709418	103.8062155
1.31171001	103.8062149
1.311718934	103.8061603
1.311720139	103.8061582
1.311726161	103.807687
1.311730609	103.8076735
1.311743726	103.8061083
1.31174415	103.806108
1.311753302	103.806051
1.311754544	103.8060485
1.311789589	103.8077161
1.31179721	103.8068272
1.311798629	103.8077003
1.31186182	103.8077262
1.311866269	103.8077132
1.311887253	103.8045352
1.311925271	103.8077551
1.311934005	103.8077394
1.311990799	103.8057184
1.312003774	103.8077649
1.312005371	103.8063459
1.312005781	103.8077526
1.312097292	103.8078736
1.31210885	103.8078597
1.312110207	103.8126467
1.312111968	103.8055811
1.312165405	103.8078987
1.312166817	103.8078948
1.312192408	103.8070675
1.312213921	103.8079487
1.31222431	103.8079374
1.312250054	103.8051563
1.312256214	103.8045272
1.312280483	103.8079738
1.31228069	103.8079717
1.312298324	103.8075611
1.312299371	103.8075686
1.312304305	103.8065746
1.312320725	103.8080336
1.312331325	103.8136712
1.312335283	103.8080171
1.312360428	103.8075996
1.312367056	103.8075813
1.312386173	103.8080645
1.312387171	103.8080611
1.312428957	103.8076196
1.312431165	103.8076063
1.312497086	103.8076285
1.312501072	103.8076129
1.31251738	103.8059583
1.31261515	103.808234
1.312625894	103.8082369
1.312648853	103.8058274
1.312651884	103.8081829
1.312654964	103.8081773
1.312661345	103.8081095
1.312669677	103.8080471
1.312672854	103.8080404
1.312673395	103.8079693
1.312677295	103.8081114
1.312691702	103.8065036
1.312693525	103.8079715
1.312696534	103.8072364
1.312698021	103.8079109
1.312698636	103.8079031
1.312707455	103.8078339
1.31272193	103.8078363
1.31273454	103.8077786
1.312737456	103.8077715
1.312738623	103.8152541
1.312848927	103.8054159
1.312862673	103.8050837
1.312957328	103.8066834
1.312971353	103.80843
1.312972749	103.8084217
1.312983253	103.8083631
1.312998436	103.8083652
1.313000313	103.8082937
1.313003603	103.8082868
1.313006985	103.8082275
1.313024924	103.8081594
1.313025666	103.8082292
1.31302699	103.8081527
1.313032318	103.8080919
1.313047735	103.8061992
1.31305128	103.812308
1.313052355	103.8080942
1.31305551	103.808024
1.313056256	103.8080174
1.313059574	103.807957
1.313079238	103.8079596
1.313336039	103.8125052
1.313361874	103.8054895
1.313378324	103.8077109
1.313425913	103.8119236
1.313455351	103.8120667
1.313467744	103.8071668
1.313496841	103.8083624
1.313502225	103.812483
1.313503838	103.8133403
1.313532335	103.8049967
1.313684732	103.8106644
1.313699959	103.8145703
1.313728239	103.8067501
1.31375715	103.8129278
1.313806527	103.8057483
1.313838895	103.8121279
1.313866544	103.8064572
1.31386947	103.8114956
1.313869893	103.8073067
1.313906203	103.8150054
1.313970351	103.8077989
1.314008851	103.8132582
1.31402303	103.8124996
1.31409133	103.8126833
1.314144554	103.8070355
1.314189816	103.8081763
1.314200724	103.8099041
1.31425442	103.8122469
1.314266665	103.8115378
1.314292488	103.8130752
1.314297615	103.8061074
1.314302417	103.8085322
1.314334463	103.8112342
1.314397901	103.8051646
1.314413614	103.8071665
1.314455998	103.8123562
1.31451298	103.8128345
1.314520213	103.8099752
1.31453676	103.8125934
1.3145713	103.8082459
1.314571321	103.8117094
1.314589049	103.8067914
1.314597144	103.8111026
1.314675092	103.8129997
1.31479658	103.8075526
1.314797266	103.8079277
1.314815872	103.8134452
1.314823149	103.8085472
1.314833995	103.8115608
1.31485046	103.8109581
1.314877763	103.8063178
1.314895829	103.8070713
1.315026057	103.8094825
1.315029143	103.815369
1.315045083	103.8114135
1.315049673	103.8122044
1.315061788	103.8162304
1.315089602	103.8124298
1.315132258	103.8130396
1.315155512	103.8111986
1.315157154	103.8126401
1.315163519	103.8056774
1.315175396	103.811782
1.315233072	103.8075975
1.315257007	103.808699
1.315287143	103.8108876
1.315294631	103.8080699
1.315371637	103.8084301
1.315425669	103.8115734
1.315429432	103.8062493
1.31546034	103.806917
1.315486409	103.8142176
1.315554784	103.8089823
1.315598705	103.8125335
1.31560674	103.8118656
1.315614917	103.8132502
1.315665693	103.8101745
1.315682309	103.8161251
1.315688271	103.8161906
1.315691493	103.8107707
1.315724093	103.8128601
1.315778728	103.8125139
1.315800278	103.8145897
1.315826807	103.8098874
1.315842642	103.8074441
1.315843704	103.8089504
1.315844516	103.8136278
1.315863567	103.8090322
1.31591305	103.8087078
1.315918406	103.8137971
1.31596321	103.8067496
1.315995202	103.8140665
1.316007942	103.8090321
1.316046879	103.8103677
1.316055947	103.8090896
1.3160614	103.8146469
1.316128502	103.8124479
1.316133986	103.8096245
1.316146412	103.8079915
1.316216606	103.8101542
1.316233771	103.8087559
1.316273892	103.8091541
1.316274196	103.814539
1.316338725	103.8148246
1.316347013	103.8107087
1.316352768	103.8130348
1.31635565	103.813221
1.316362057	103.8096122
1.316401368	103.8125756
1.316450602	103.809202
1.31649355	103.8092681
1.316506241	103.8134681
1.316535941	103.8104586
1.316549702	103.8171868
1.31655006	103.8088924
1.316554778	103.8098384
1.31655991	103.8072881
1.316579987	103.8139879
1.316586736	103.8113494
1.316614169	103.8092959
1.316658663	103.8083097
1.316660145	103.8124679
1.316678411	103.8179929
1.316710052	103.8102013
1.316717696	103.8131819
1.316819064	103.8135857
1.316830471	103.8094076
1.316839511	103.8142856
1.316855836	103.8090725
1.316862045	103.8099673
1.316871379	103.807476
1.316926024	103.8122247
1.316926124	103.8150659
1.316929961	103.8138907
1.316944037	103.81478
1.316944454	103.818339
1.316990949	103.8128004
1.317024587	103.8095317
1.317060312	103.8132688
1.317102207	103.8135732
1.317128631	103.8109947
1.31714732	103.8126125
1.317155548	103.8087359
1.317164728	103.814549
1.317192575	103.8096563
1.317224338	103.8094173
1.317233408	103.8130967
1.317268273	103.8142917
1.317319712	103.8080572
1.317319714	103.8080572
1.317342235	103.8084491
1.31736191	103.8092988
1.317374137	103.8123058
1.317387593	103.810237
1.317391391	103.8097772
1.317427535	103.8191363
1.317436326	103.8138167
1.317464573	103.8147538
1.317470031	103.8135274
1.317506919	103.8150797
1.317520819	103.8127624
1.317544057	103.8095359
1.317546917	103.8168807
1.317572642	103.8089505
1.317578518	103.8120512
1.317592425	103.8104638
1.317634532	103.8100926
1.317647256	103.8105912
1.317659578	103.8123681
1.317693814	103.8147541
1.317701437	103.8094743
1.317708143	103.8087399
1.317729501	103.812789
1.317754004	103.8130725
1.317769261	103.8106788
1.317780162	103.81423
1.317796516	103.809941
1.317837595	103.8162236
1.317869897	103.8134623
1.317898248	103.8119592
1.317901304	103.8088761
1.317915205	103.8101839
1.317939126	103.8125306
1.31795012	103.8098022
1.317951633	103.8131831
1.317998253	103.8091526
1.318019192	103.8128392
1.318025798	103.8144007
1.31810072	103.8109697
1.318138751	103.8104308
1.318191247	103.8089522
1.318194008	103.8099886
1.318217576	103.8125258
1.318218419	103.8119046
1.318258348	103.8169175
1.318259087	103.8093987
1.318272829	103.8112329
1.318323916	103.8107914
1.318324972	103.8168273
1.318342099	103.817396
1.318382515	103.8101981
1.318384002	103.8174509
1.318400028	103.8160243
1.318418752	103.8174946
1.318421742	103.8091733
1.318428144	103.8140581
1.318458021	103.8134674
1.31846188	103.8190711
1.318463512	103.8167002
1.318468569	103.8175489
1.318475466	103.8129928
1.318488634	103.8118587
1.318506099	103.8190776
1.318532241	103.8124306
1.318582093	103.8113716
1.318600565	103.8096116
1.318614896	103.810403
1.318722788	103.8180881
1.318723187	103.8110219
1.318755792	103.8098246
1.318759764	103.8129772
1.318785827	103.8181381
1.318791853	103.810596
1.318793456	103.8135456
1.318795662	103.8163696
1.318815675	103.8182047
1.318828886	103.8121501
1.318847024	103.8113718
1.318847196	103.8098399
1.318862528	103.8146731
1.318872844	103.8125824
1.318879606	103.8155806
1.318913448	103.8176995
1.318921033	103.8168288
1.318924272	103.810052
1.318965766	103.8143262
1.318971949	103.8161616
1.318991667	103.8176218
1.319002519	103.8175899
1.319035662	103.8169466
1.319041496	103.8130108
1.319046886	103.8107752
1.319053059	103.8104297
1.319056819	103.8119683
1.319119042	103.8170699
1.319119042	103.8170699
1.319193333	103.8135638
1.31920588	103.8122899
1.319226557	103.8144811
1.319250968	103.81122
1.319286556	103.8108102
1.319304546	103.8173061
1.319340416	103.8179973
1.31934155	103.8126769
1.319348545	103.8172721
1.319372993	103.8178938
1.319390744	103.8179965
1.319398753	103.8133118
1.319399551	103.8128881
1.319414312	103.817232
1.319421171	103.8165338
1.319449535	103.8111379
1.319479842	103.8118629
1.319495211	103.8177821
1.319536735	103.8131911
1.319564452	103.811986
1.319568541	103.8174226
1.319570038	103.8126318
1.319605453	103.8174691
1.319611464	103.8120274
1.31961254	103.8174955
1.319618536	103.8117136
1.319618546	103.8117136
1.319654381	103.8128584
1.319683981	103.8122177
1.31971444	103.8125813
1.319718468	103.812102
1.319736941	103.8118465
1.31973695	103.8118465
1.31973739	103.8137897
1.319761267	103.8121525
1.319792753	103.8118783
1.319846789	103.8126993
1.319848749	103.8122432
1.319866188	103.8119082
1.319877695	103.8132088
1.319898086	103.8119721
1.319899123	103.812293
1.319935411	103.8128617
1.319960456	103.8120055
1.319994124	103.8123513
1.31999872	103.8120607
1.320042352	103.812421
1.320045371	103.8129901
1.32005759	103.8121087
1.320096934	103.8121618
1.320130827	103.8124898
1.320146766	103.8134133
1.320169029	103.8121854
1.320184341	103.8125378
1.320197944	103.8130766
1.320203826	103.8122618
1.320270956	103.8126221
1.32030672	103.8123201
1.320333244	103.8131944
1.320343394	103.8126624
1.320353457	103.8128113
1.320354312	103.8123817
1.320380837	103.8135581
1.320412267	103.8124249
1.320415089	103.8133233
1.320430176	103.8127486
1.320466406	103.8124607
1.320474422	103.8127967
1.320516509	103.8125143
1.32055665	103.8128817
1.320574795	103.8134195
1.320576785	103.8125488
1.320622271	103.8129272
1.320625664	103.8126029
1.320657828	103.8139097
1.320666601	103.8126517
1.320681684	103.8135239
1.320717061	103.8130044
1.320727235	103.8126953
1.320743262	103.8137077
1.320754853	103.8179037
1.320762781	103.8130459
1.320773854	103.8127379
1.32085875	103.8131264
1.320869361	103.8128437
1.320907432	103.8128941
1.32091079	103.8131842
1.320929333	103.8138794
1.3209524	103.8137672
1.320981525	103.8129169
1.321014209	103.8132489
1.321016544	103.8129781
1.321058465	103.8132901
1.321076131	103.8130172
1.321129699	103.8130553
1.32114558	103.8133916
1.321184431	103.8131024
1.321195518	103.8134484
1.321213231	103.8140717
1.321230993	103.8131483
1.321266917	103.8138138
1.321277165	103.8140872
1.321286644	103.8131992
1.321305736	103.8139258
1.321327385	103.8138239
1.321335885	103.8132573
1.32139243	103.8140874
1.321455903	103.8138201
1.321459732	103.8141295
1.321509136	103.8138298
1.321559759	103.8135095
1.321571559	103.8141688
1.321619736	103.8138819
1.321626932	103.8141771
1.321628682	103.8134127
1.321638918	103.8133508
1.32166177	103.8203886
1.321691983	103.8138989
1.321700683	103.8132966
1.321936082	103.8138709
1.322113736	103.8149845
1.322156643	103.8181859
1.322190002	103.8151211
1.322190002	103.8151211
1.32224878	103.8141565
1.322248781	103.8141565
1.322386995	103.8153855
1.322488071	103.816014
1.322573169	103.8142455
1.322590599	103.8136963
1.322650658	103.8139744
1.322650658	103.8139744
1.322650658	103.8139744
1.322650658	103.8139744