1.342429934	103.8363688
1.342517035	103.8365297
1.342556555	103.8366043
1.342607469	103.8360361
1.342663525	103.8361473
1.342667237	103.8367978
1.342711798	103.8361993
1.342718816	103.8369593
1.342777389	103.8362944
1.342782488	103.837065
1.342810957	103.8363558
1.342869533	103.8372438
1.342892479	103.836452
1.34290781	103.837351
1.342911064	103.8363916
1.342930972	103.8365059
1.342975551	103.8366337
1.343001237	103.8366902
1.343010053	103.836466
1.343054538	103.837635
1.343056324	103.8368012
1.343086486	103.8368607
1.343087455	103.8369924
1.343109958	103.837067
1.343215227	103.8378531
1.343311193	103.8378778
1.343410838	103.8372955
1.343425929	103.8375079
1.343613431	103.8379359
1.34363294	103.8371539
1.343663416	103.8373541
1.343667281	103.8374204
1.343686932	103.8375667
1.343692915	103.8376359
1.343869084	103.837918
1.343989857	103.8371535
1.343993618	103.83732
1.344009591	103.8373921
1.3440196	103.8376017
1.344030097	103.8375204
1.34408239	103.8378921
1.344093347	103.8373854
1.344187279	103.8370711
1.344190899	103.8371657
1.34420605	103.8378748
1.344217688	103.8372971
1.344224716	103.8373613
1.34424034	103.8375166
1.344247064	103.83758
1.344268842	103.8378684
1.344433143	103.8378303
1.344523949	103.8370676
1.34454392	103.8372629
1.344566411	103.8374812
1.344573267	103.8373391
1.344581345	103.8375549
1.344693258	103.8378486
1.344753097	103.8370619
1.344768429	103.8372396
1.344774983	103.8373042
1.344791719	103.8374576
1.344793039	103.8375327
1.344793041	103.8375327
1.345074212	103.8369893
1.345081093	103.8370526
1.345094179	103.8377787
1.345102396	103.83727
1.345107397	103.8371897
1.345120777	103.8374244
1.345127279	103.8374879
1.345168283	103.8377644
1.345275092	103.8377549
1.345276969	103.8374838
1.345300525	103.8369654
1.345306944	103.8370291
1.345322868	103.8371826
1.345329929	103.8372469
1.345344884	103.8377464
1.345346718	103.8373999
1.345353169	103.8374631
1.345464051	103.8377524
1.345549193	103.8377531
1.345623514	103.8372257
1.345626277	103.8369325
1.345630584	103.8373071
1.345632821	103.8369943
1.345657233	103.8376769
1.345678929	103.837134
1.345685732	103.8371958
1.345693403	103.8377769
1.345700108	103.8373245
1.34570664	103.8373874
1.34570843	103.8375099
1.345726415	103.8375771
1.345741467	103.8377179
1.346459503	103.8374835
1.346678659	103.8388398
1.347580022	103.8386863
1.347935507	103.8386886
1.348028354	103.8383378
1.34806816	103.8354324
1.348574954	103.8349453
1.348683195	103.8393204
1.348707263	103.8394231
1.348707263	103.8394231
1.348707263	103.8394231
1.348821364	103.8378487
1.349156183	103.8377315
1.349318781	103.8343446
1.349357372	103.8383273
1.349361383	103.8390993
1.349580847	103.8334738
1.349599952	103.8335353
1.349674431	103.8332837
1.349675649	103.83335
1.349676761	103.8336949
1.349680305	103.8336328
1.349729192	103.8337312
1.349752652	103.8328251
1.349765966	103.8337744
1.349766526	103.83312
1.349769429	103.8384765
1.349776568	103.8330551
1.349779855	103.8326958
1.349786137	103.8338305
1.349791987	103.8326009
1.349806604	103.8329073
1.349806764	103.8338741
1.349828073	103.8328412
1.349836145	103.8339276
1.349839806	103.8324198
1.349849749	103.8339746
1.349868951	103.8326959
1.349887332	103.8341409
1.349897695	103.8340815
1.349903069	103.8342646
1.349905467	103.8324956
1.349941279	103.8341814
1.349960527	103.834226
1.349972437	103.8335175
1.349986709	103.8342813
1.350004598	103.8343265
1.350011059	103.8335537
1.350015751	103.8336162
1.35001642	103.8323009
1.350030434	103.8343818
1.350035724	103.8336599
1.350036342	103.8344356
1.350039011	103.8332053
1.350065399	103.8337124
1.350066273	103.832262
1.350081305	103.8337595
1.350093938	103.834528
1.35010536	103.8329762
1.35010555	103.833815
1.350105575	103.833154
1.350115061	103.8387276
1.350116512	103.8387306
1.350118901	103.8345825
1.350121705	103.8379424
1.350122216	103.8329147
1.350124059	103.8338606
1.350137724	103.8346267
1.350163953	103.8346821
1.350181288	103.8339595
1.350183059	103.8347266
1.350203211	103.8334024
1.350205644	103.8321859
1.350208351	103.8347823
1.350213232	103.8340042
1.350216073	103.8340664
1.350224247	103.8328203
1.350228568	103.834827
1.350235688	103.8341103
1.350236736	103.8331162
1.350241546	103.8327056
1.350252526	103.8325891
1.350259273	103.8341668
1.350264264	103.8334409
1.350277738	103.8325306
1.350280285	103.8321821
1.350280712	103.8342105
1.350289621	103.8330769
1.350291256	103.8334957
1.350291432	103.8393013
1.350304715	103.834267
1.350310265	103.8335399
1.350315855	103.8350278
1.350324278	103.8343109
1.350334412	103.8335962
1.350338005	103.8336501
1.350338375	103.8350787
1.350353429	103.8330005
1.350363069	103.8351326
1.350363908	103.8339886
1.350371849	103.8351853
1.350374474	103.834409
1.350377514	103.8341816
1.350378637	103.833697
1.350390827	103.8337472
1.350397726	103.8329981
1.350401627	103.8344586
1.350407356	103.8352333
1.350426639	103.8339103
1.350426864	103.8352773
1.350429849	103.8321823
1.350430343	103.8345052
1.350432449	103.8355893
1.350436635	103.8345667
1.350442562	103.8338477
1.35045089	103.8353344
1.350458247	103.8346138
1.350462168	103.8339578
1.350462731	103.8329755
1.350471579	103.8353817
1.350472597	103.8325228
1.350478566	103.8346679
1.350480166	103.8387713
1.35049773	103.8325809
1.350499736	103.8339979
1.350508371	103.8321889
1.35051448	103.8332692
1.350515061	103.8347068
1.350530831	103.8340489
1.350532653	103.8333214
1.350544617	103.834301
1.350545775	103.8340953
1.350553504	103.8327113
1.350557772	103.8333783
1.350574726	103.8342096
1.350577181	103.8334217
1.350581515	103.8341448
1.350582529	103.8378468
1.350586007	103.8327712
1.350603904	103.8348987
1.350615683	103.8334699
1.350621653	103.8335216
1.350622507	103.8349433
1.350635688	103.8342956
1.3506405	103.8329148
1.350644893	103.834354
1.350645414	103.8322102
1.350646406	103.833579
1.350647448	103.8349954
1.35065026	103.8356345
1.350665335	103.8336225
1.350665557	103.8348469
1.350666109	103.8329724
1.350676535	103.8356892
1.350677434	103.8350425
1.35067865	103.8343953
1.350688269	103.8350992
1.350689563	103.8357279
1.350698001	103.8351493
1.350704109	103.8344514
1.350718306	103.8337169
1.35072191	103.8344963
1.350723606	103.835204
1.350735206	103.8337719
1.350747869	103.834552
1.35075598	103.8352465
1.350759193	103.8322249
1.350767618	103.8345957
1.350768083	103.835304
1.350778764	103.833817
1.350788231	103.8331588
1.350795323	103.8338685
1.350800588	103.8339304
1.350805465	103.8323816
1.35080967	103.8332021
1.350816217	103.8332635
1.350819394	103.8339743
1.350826026	103.8347961
1.350839189	103.8324528
1.350841706	103.8333115
1.350850314	103.8352075
1.350851679	103.8386791
1.350856371	103.8340218
1.350869096	103.835344
1.350871897	103.8333583
1.350882203	103.8393397
1.350884179	103.834077
1.350886621	103.8336507
1.350886978	103.8348298
1.350897848	103.8334031
1.350904891	103.8325617
1.350912963	103.8375852
1.350918664	103.8326363
1.350920652	103.8348787
1.350921438	103.8334599
1.350923451	103.8349949
1.350930979	103.8341694
1.350931294	103.8342244
1.350931578	103.8349298
1.350933841	103.8335089
1.350956613	103.8342806
1.350960636	103.8355035
1.350962071	103.832762
1.350966599	103.8351825
1.350974871	103.8350309
1.35097625	103.8343244
1.350977111	103.8322155
1.350979435	103.8336109
1.350997935	103.8350839
1.351007767	103.833654
1.35100915	103.8343735
1.351015538	103.8328093
1.351016925	103.8337137
1.35101909	103.834425
1.351038832	103.8337637
1.351045521	103.8320113
1.351054663	103.8345304
1.351057453	103.8344735
1.351060776	103.832928
1.351060819	103.833814
1.351070347	103.8330107
1.351080077	103.8338659
1.351084238	103.8324335
1.35109463	103.8345761
1.351103306	103.8364441
1.351104179	103.8339839
1.351107848	103.8319541
1.35112031	103.8339113
1.351128664	103.8346273
1.351132577	103.8331091
1.351153293	103.8325686
1.351165225	103.8331851
1.35118201	103.8332973
1.351182327	103.8326325
1.351186629	103.8340612
1.351204616	103.8387168
1.351205789	103.8347189
1.351207009	103.8341053
1.351211943	103.8333447
1.351218815	103.8334057
1.351221543	103.8327248
1.351221833	103.8318555
1.351230627	103.8347771
1.351231058	103.8341621
1.351238227	103.8334501
1.351248781	103.8327872
1.351249473	103.8342067
1.351249882	103.8354087
1.351263684	103.833506
1.35128048	103.8317909
1.351282364	103.8335504
1.351285923	103.8349073
1.351290294	103.8342448
1.351293415	103.8343069
1.351294593	103.8328921
1.351297589	103.8361862
1.351318857	103.8343636
1.351320834	103.8349686
1.351329849	103.8329702
1.351331994	103.833593
1.351333994	103.8344067
1.351345583	103.8336455
1.351350975	103.8337073
1.351354481	103.8321701
1.351370731	103.8317059
1.351372276	103.8337522
1.351377164	103.8330855
1.351383503	103.8345137
1.351383944	103.8322505
1.351403625	103.8345578
1.351414463	103.8331704
1.351417544	103.8338593
1.351420356	103.8346145
1.351422877	103.8323771
1.351426349	103.8316492
1.35143153	103.8346692
1.351436327	103.833902
1.35145295	103.8347204
1.351454799	103.8353335
1.351460428	103.8339587
1.351462968	103.8353445
1.35146414	103.8332742
1.3514681	103.8340062
1.351470449	103.8324538
1.35148368	103.8347648
1.351484477	103.8348253
1.351503659	103.8333621
1.351504018	103.8340594
1.351511116	103.8372244
1.35151112	103.8372244
1.351520032	103.8320157
1.351520233	103.8315726
1.351520683	103.8353108
1.351525098	103.8341026
1.351526148	103.8353183
1.351527186	103.8339164
1.351528937	103.8325593
1.351534496	103.8348634
1.351544095	103.8320869
1.351545634	103.8334816
1.351548622	103.8341595
1.351559233	103.8349162
1.351565028	103.8326456
1.351567784	103.8342036
1.351573488	103.8352997
1.351573942	103.8352953
1.351576546	103.8349593
1.351578892	103.8335646
1.351583991	103.8315308
1.351588687	103.8321857
1.351591924	103.8342604
1.351602794	103.8327651
1.351607323	103.8340792
1.351612313	103.8343037
1.35162306	103.8352697
1.351628024	103.8352761
1.351628887	103.8322726
1.351639296	103.8328465
1.351639793	103.8336663
1.35166007	103.8344123
1.351661074	103.8314407
1.351666034	103.8352305
1.351667469	103.8352435
1.351668581	103.8337577
1.351674918	103.8323823
1.351678298	103.8344545
1.351696573	103.8329602
1.351702261	103.8345114
1.351711101	103.832464
1.351718879	103.8313852
1.351719387	103.8338728
1.351724856	103.8352286
1.351729925	103.8345555
1.351730449	103.8352363
1.351740078	103.8330409
1.35174165	103.8386819
1.351742886	103.8351171
1.351746655	103.8346116
1.35175529	103.8339528
1.351761632	103.8390467
1.351764714	103.8325775
1.351765324	103.8346556
1.351777702	103.8352164
1.351778341	103.8352126
1.351779757	103.8331552
1.351788428	103.8347131
1.351791434	103.8317935
1.351793176	103.832668
1.351806333	103.8340689
1.351809447	103.8347565
1.351814854	103.8382982
1.351818791	103.8332373
1.351827297	103.835187
1.351832906	103.835195
1.351833754	103.8341538
1.351844992	103.8360536
1.351846672	103.8319425
1.351848092	103.8348039
1.351850623	103.8327745
1.351864195	103.833351
1.351867542	103.8365528
1.3518677	103.8348565
1.351879522	103.8351734
1.35188037	103.8351702
1.35188307	103.8328561
1.351894327	103.8342642
1.35190367	103.8334306
1.351905791	103.8320624
1.351909151	103.8311142
1.351928927	103.8351432
1.351928971	103.8343449
1.351929252	103.8316427
1.351934767	103.8351521
1.351936682	103.8329683
1.351942196	103.8321471
1.351947012	103.8311544
1.351951863	103.8335452
1.351968417	103.8317146
1.351972639	103.8330481
1.351979318	103.8344591
1.351981218	103.835132
1.351981444	103.8351275
1.35198678	103.8311957
1.351986933	103.8336283
1.351989519	103.8322646
1.351994498	103.8317714
1.352007454	103.8370319
1.352007454	103.8370319
1.352011887	103.8323535
1.352014573	103.834539
1.352020418	103.8350777
1.352024747	103.8331637
1.35202557	103.8369645
1.3520258	103.8312353
1.352026198	103.8350879
1.352031376	103.8394565
1.352046014	103.8337377
1.352049826	103.831874
1.352054522	103.8332545
1.352059617	103.8324736
1.35206555	103.8346702
1.352065755	103.8312763
1.352077406	103.8309559
1.352082224	103.8338181
1.352088555	103.8319235
1.35209303	103.8350886
1.352094524	103.8350851
1.352102609	103.8319863
1.352104555	103.831316
1.352108893	103.8333528
1.352116858	103.8325441
1.352128579	103.8339313
1.352129422	103.8320433
1.352130783	103.8376154
1.352142292	103.8334432
1.352144476	103.8313567
1.352146141	103.8321049
1.352149629	103.8326646
1.352154014	103.8309789
1.352168398	103.8350243
1.352169976	103.8340148
1.352182083	103.8335571
1.352182924	103.8313964
1.352183024	103.8321573
1.352184895	103.8327451
1.352187398	103.8376027
1.352196606	103.8310226
1.352209866	103.8322143
1.352220937	103.8341296
1.352221889	103.8375809
1.352222867	103.8314373
1.352224029	103.8349954
1.35222736	103.8349957
1.352232743	103.8310595
1.352233752	103.8336355
1.352235558	103.8322734
1.352254175	103.8328512
1.352255843	103.8375588
1.352256259	103.8342174
1.352261634	103.8314757
1.352261801	103.8349511
1.352263797	103.8323284
1.352269491	103.8349565
1.352271021	103.8364323
1.352274454	103.8386549
1.352274973	103.8311031
1.352278235	103.8337468
1.35228687	103.8329383
1.352289965	103.8375372
1.352299297	103.833839
1.352306464	103.834323
1.352307951	103.8349241
1.352311095	103.8349242
1.352311216	103.8311404
1.352323994	103.8375154
1.352324908	103.8324374
1.352339181	103.8330417
1.352341519	103.8344262
1.352341768	103.837818
1.352346279	103.8315769
1.352346472	103.8348806
1.352350017	103.8316471
1.352353621	103.8311839
1.352354407	103.8348865
1.352355425	103.8341022
1.352357387	103.8324941
1.35235818	103.8374935
1.35237492	103.8331305
1.352375297	103.8316986
1.352381617	103.8325576
1.352389437	103.8339789
1.352389811	103.8312211
1.352391487	103.8348522
1.352392442	103.831753
1.352392541	103.8374717
1.352394356	103.8348523
1.352401283	103.8378077
1.352409418	103.8326149
1.352412638	103.8307208
1.352419194	103.8332395
1.352423296	103.8318
1.352426799	103.8374497
1.352430843	103.8348102
1.352435382	103.8377587
1.352437257	103.8312593
1.352439479	103.8348169
1.35244651	103.8318501
1.352453247	103.8327446
1.3524574	103.8333274
1.352459351	103.8374077
1.352461821	103.8306896
1.352462292	103.8379642
1.352467132	103.8313005
1.352471151	103.8319018
1.352476641	103.8341702
1.352476959	103.8347833
1.352480115	103.8347834
1.352481911	103.8377293
1.352482303	103.835747
1.352494858	103.8319516
1.352498232	103.8328473
1.352501523	103.8306507
1.352502091	103.8334409
1.352509643	103.8379347
1.352519278	103.8320035
1.352519341	103.8328949
1.352523037	103.8342491
1.352528407	103.8376999
1.352535517	103.8347366
1.352537019	103.833505
1.352538917	103.834742
1.352540724	103.8306137
1.352542162	103.8373755
1.352542416	103.832053
1.352544339	103.8314249
1.352550569	103.8378985
1.352563661	103.8329726
1.35256516	103.8314688
1.352572241	103.8376721
1.352575747	103.8373536
1.352577736	103.8346898
1.352580747	103.8305726
1.352584832	103.834693
1.352585219	103.8330349
1.352587495	103.8336185
1.35259002	103.8305074
1.352591109	103.8315243
1.352596535	103.8373111
1.352596678	103.8321649
1.352602673	103.8378754
1.352604962	103.8396181
1.352613027	103.8315705
1.352619078	103.8322136
1.352620365	103.8330877
1.352621483	103.8336806
1.352631201	103.831014
1.352634326	103.834609
1.352636434	103.8381636
1.352639145	103.8316261
1.352642103	103.8331456
1.352642309	103.834613
1.352642586	103.8304807
1.352643657	103.8373092
1.352643768	103.8322652
1.352649189	103.837846
1.352649725	103.8391484
1.352665125	103.8316702
1.352667173	103.8323151
1.352667949	103.8304304
1.352668338	103.8376161
1.352669783	103.8309734
1.352670381	103.8332005
1.35267156	103.8332673
1.352675787	103.8345751
1.352681554	103.837293
1.35268293	103.8345781
1.352683011	103.8381344
1.35268457	103.8339407
1.352687058	103.831728
1.352691613	103.8323668
1.352698419	103.8378049
1.35270525	103.8345253
1.352708925	103.8317741
1.352709331	103.8309331
1.352711548	103.8372648
1.352713876	103.8345296
1.352716221	103.8324164
1.352720642	103.8333132
1.352723103	103.8375777
1.352728341	103.8333763
1.352729625	103.8381048
1.35272997	103.8304124
1.352730723	103.834062
1.352735028	103.8318298
1.352738753	103.8382861
1.352740596	103.8324681
1.352745438	103.8372426
1.35274664	103.8344911
1.352746911	103.8308948
1.352754123	103.8344945
1.352755953	103.8318749
1.352762973	103.8325186
1.352768001	103.8344346
1.352768185	103.8344346
1.352770911	103.8334258
1.352774476	103.830378
1.352776168	103.8380751
1.352776821	103.8377464
1.352779412	103.8372205
1.35278751	103.8325705
1.352789155	103.8382642
1.352796042	103.8334822
1.352796215	103.8308653
1.352800559	103.8311873
1.352803857	103.8343927
1.352804048	103.8343928
1.352813287	103.8326199
1.352813321	103.8371983
1.352815896	103.8319868
1.352816269	103.833542
1.352823083	103.8308156
1.352825748	103.8375108
1.352825876	103.838051
1.352834709	103.8382322
1.352835535	103.8320313
1.352846499	103.8335952
1.352846585	103.8371766
1.352846833	103.834358
1.352848147	103.8377116
1.352850664	103.8303412
1.352854651	103.8311567
1.352855232	103.8343624
1.352856969	103.8302946
1.352861365	103.832087
1.352863734	103.8364072
1.352868355	103.8327303
1.352869339	103.8380196
1.352870577	103.8307842
1.352877701	103.8374765
1.352881171	103.8382025
1.352883196	103.8321331
1.352884212	103.8302414
1.352887054	103.834323
1.352890398	103.8327806
1.35289445	103.8311158
1.352894603	103.8343265
1.352894686	103.8337868
1.352906235	103.8353099
1.352906719	103.8307396
1.352907119	103.8337911
1.352909113	103.8321885
1.352911557	103.8353102
1.352913124	103.8354159
1.35291314	103.8328332
1.352916671	103.8384976
1.35291677	103.8342726
1.352920594	103.8354175
1.352922396	103.8338481
1.352922463	103.8381598
1.352922613	103.8338462
1.352923902	103.8310705
1.352925414	103.8342766
1.352926326	103.8306093
1.352931069	103.8322347
1.352935723	103.8328834
1.352935925	103.8371198
1.352936832	103.8302151
1.352940378	103.8352708
1.352940603	103.8376437
1.352947292	103.8352766
1.352948204	103.8339102
1.352956522	103.8322905
1.352958157	103.8329362
1.352958477	103.8339114
1.352959088	103.8342381
1.352964455	103.8384683
1.352964984	103.8379652
1.352965378	103.8310331
1.35296641	103.8342416
1.352966499	103.8370952
1.3529692	103.8352201
1.352973043	103.8339639
1.35297398	103.8339624
1.352974039	103.8301768
1.352974988	103.8352207
1.352978933	103.8323363
1.352980742	103.837413
1.352980853	103.832986
1.352981726	103.8316058
1.35298526	103.8386152
1.352987051	103.8376146
1.35299003	103.8305581
1.352999534	103.8370715
1.353004317	103.8301269
1.353004661	103.8351819
1.35300501	103.832392
1.353006284	103.8309966
1.353011062	103.835188
1.353011271	103.8384394
1.353013788	103.8341882
1.353016889	103.8381156
1.353018546	103.8341792
1.353022009	103.8340556
1.35302393	103.8340611
1.353024008	103.8379163
1.353024873	103.8369729
1.353026541	103.8324383
1.353029667	103.8370443
1.353030745	103.837381
1.353031321	103.8305982
1.353034986	103.8351323
1.353040674	103.8351328
1.353041559	103.8385898
1.353041575	103.8314934
1.353050681	103.8309611
1.353051624	103.830098
1.353058132	103.8384106
1.353061235	103.837019
1.353062094	103.8397829
1.353065121	103.8306444
1.353068853	103.8317847
1.353069495	103.8350935
1.353074867	103.8350992
1.35308467	103.8380749
1.353085774	103.8314535
1.353085813	103.8325514
1.353086875	103.8309189
1.353088338	103.8385604
1.353090556	103.8300573
1.353091561	103.8375454
1.353099213	103.8350434
1.353100425	103.8370017
1.353103742	103.8306825
1.353104567	103.8325994
1.353104978	103.8383817
1.353104987	103.8350439
1.353111656	103.831403
1.353112407	103.8317482
1.353112542	103.8300046
1.35312017	103.8389206
1.353128281	103.8326529
1.353134804	103.8385312
1.353137014	103.8378469
1.353137808	103.8333043
1.353137886	103.8373271
1.353137978	103.8333041
1.35313814	103.8350077
1.353139598	103.8349975
1.353140016	103.8375152
1.353146612	103.8383441
1.353146743	103.8369057
1.35314702	103.8307192
1.353148498	103.8327029
1.353154694	103.8388994
1.353159407	103.8313715
1.353170482	103.8299821
1.353172162	103.8327565
1.353174744	103.836862
1.353177843	103.838013
1.353181226	103.838502
1.353184775	103.8313207
1.353185089	103.8378164
1.353187384	103.8372743
1.353187528	103.8307534
1.353189304	103.8388781
1.353189877	103.8368244
1.35319483	103.8355646
1.353195214	103.8328051
1.353200002	103.8390653
1.353200323	103.8332827
1.353200527	103.8332834
1.353203001	103.8316475
1.353205044	103.8367871
1.353206122	103.8383189
1.353208033	103.8299311
1.353219222	103.8328587
1.35322017	103.8367495
1.353223562	103.8307957
1.35322379	103.8388566
1.353226756	103.8312813
1.353226876	103.8304024
1.353227952	103.8384726
1.353230459	103.83671
1.353233449	103.8332359
1.353235173	103.8331889
1.353240719	103.832908
1.353241008	103.8379781
1.353243337	103.8390392
1.353245772	103.8374443
1.353250544	103.8366746
1.353254124	103.831618
1.353258351	103.8388353
1.353264314	103.8308364
1.353265716	103.8366371
1.353266558	103.8303459
1.353271027	103.839007
1.353272727	103.8348365
1.353274972	103.8384431
1.353275281	103.8348364
1.353275578	103.8312568
1.353279807	103.8315686
1.353280234	103.8298425
1.353280813	103.8365997
1.353281664	103.8336839
1.353290881	103.8374081
1.353292217	103.8336894
1.353292217	103.8336894
1.353292945	103.8388139
1.353294077	103.8332197
1.353294746	103.8331704
1.353295656	103.8347724
1.353296393	103.8382635
1.353296574	103.8365611
1.353298232	103.8347718
1.353299635	103.830301
1.353299711	103.8371793
1.35330051	103.8377483
1.353300543	103.831202
1.353305493	103.8389856
1.353309132	103.8335911
1.353309267	103.8335912
1.35332142	103.8315313
1.35332326	103.8298029
1.353324363	103.8387878
1.353333247	103.8347358
1.353334105	103.8379142
1.353334643	103.8302609
1.353337267	103.8393012
1.353337623	103.8294076
1.353338974	103.8311621
1.353339087	103.8382366
1.353343998	103.8347439
1.353344132	103.8389707
1.35335422	103.8297557
1.353359966	103.831492
1.353361563	103.8387714
1.353367077	103.8335549
1.353367534	103.8377095
1.353369302	103.838385
1.353374373	103.8389429
1.353376521	103.8346977
1.353377844	103.8392671
1.353379163	103.8346971
1.353383382	103.8371654
1.353385976	103.8382074
1.353387841	103.8378893
1.353389719	103.8297136
1.353390352	103.8292422
1.353391011	103.8302287
1.353396177	103.8305847
1.353397625	103.8346455
1.353401308	103.8335949
1.353401968	103.8373341
1.353402594	103.8323778
1.353405624	103.8370247
1.353405751	103.8314599
1.353408804	103.8389214
1.353415038	103.838357
1.35341661	103.8355472
1.353417235	103.8392536
1.353419047	103.8334958
1.35342058	103.8296683
1.353422864	103.8309829
1.353423944	103.839416
1.353424869	103.8346692
1.353425076	103.8346693
1.353428236	103.8381717
1.353430128	103.8372789
1.353434032	103.8369759
1.353435789	103.8290862
1.353436818	103.830532
1.3534384	103.8324331
1.353443776	103.8388998
1.353444294	103.8387215
1.353444926	103.8314231
1.353446593	103.8335414
1.353446978	103.8310407
1.35345149	103.8392319
1.353456983	103.8296268
1.353457055	103.8334591
1.353458097	103.8324845
1.353458324	103.8393944
1.353462004	103.8383278
1.353462334	103.8346285
1.353464684	103.8346305
1.353469447	103.8376481
1.353470247	103.8301475
1.35347505	103.8313747
1.353477126	103.8372148
1.353477989	103.8304934
1.353479071	103.8381495
1.35348005	103.8386992
1.353480956	103.8325372
1.353481998	103.8331278
1.353482294	103.8378202
1.353483631	103.8368426
1.353486139	103.8392104
1.353492005	103.8334991
1.353492832	103.8393729
1.353496697	103.8295871
1.353497007	103.8345887
1.353498621	103.8300957
1.353502775	103.8325869
1.353503116	103.8367885
1.353504325	103.8310624
1.353504765	103.8289281
1.353507068	103.8345959
1.353508835	103.8382991
1.353509786	103.8334009
1.353510851	103.8304519
1.353514585	103.838678
1.353520571	103.8391887
1.353522457	103.8313374
1.353524808	103.83264
1.35352509	103.8388461
1.353525615	103.8375873
1.353526058	103.8381199
1.353527397	103.8393514
1.353529394	103.8300497
1.353531347	103.829535
1.35353153	103.8311116
1.353533544	103.8371358
1.353534732	103.8377737
1.353536827	103.8334461
1.353541255	103.8333705
1.353543693	103.8345544
1.353544536	103.8366601
1.353545587	103.8345559
1.353547001	103.8304078
1.353547222	103.8326896
1.353548706	103.8333644
1.353548996	103.8386566
1.353554932	103.8391671
1.353555674	103.8382704
1.353559413	103.8388246
1.353564636	103.8300074
1.353565632	103.8287719
1.35356872	103.8327432
1.353577067	103.8393547
1.353577342	103.8351066
1.3535782	103.8345141
1.353578248	103.8303534
1.353578909	103.8365889
1.353582626	103.8334041
1.353583631	103.8386352
1.353587459	103.8345207
1.353589609	103.8311317
1.353589793	103.8391453
1.35359384	103.8388031
1.353596341	103.8393084
1.35359719	103.836323
1.353599537	103.8299654
1.353599969	103.8377137
1.353601872	103.8382418
1.353601879	103.8370661
1.353604991	103.8333055
1.353607795	103.8374913
1.35360907	103.8311891
1.353611626	103.8286261
1.353611957	103.8369583
1.353615877	103.8380657
1.353623779	103.8344733
1.353623779	103.8344733
1.353624942	103.8386247
1.353627669	103.8333505
1.35362804	103.8351315
1.35362827	103.8387816
1.353630711	103.839287
1.353633132	103.8299217
1.353636579	103.8327846
1.353637936	103.8363258
1.353638211	103.8308118
1.353639083	103.833267
1.353651382	103.83744
1.353652563	103.8368471
1.353652804	103.8385924
1.353658536	103.8344366
1.353658537	103.8344366
1.353661344	103.8312163
1.353662539	103.8380232
1.353662738	103.8387601
1.353663278	103.8392666
1.35366373	103.8307636
1.353664228	103.8284695
1.353665433	103.8302832
1.353668304	103.8298793
1.353668998	103.8390921
1.353673461	103.8333074
1.353676772	103.8367811
1.353678639	103.8363285
1.353688718	103.83857
1.353692078	103.8302309
1.353696695	103.8293151
1.353697354	103.8293155
1.353698964	103.8307188
1.353701	103.8312561
1.353702839	103.8381784
1.353703514	103.8298372
1.3537043	103.8376538
1.353704771	103.8390697
1.353705629	103.8387486
1.353706141	103.829126
1.353706316	103.834403
1.353706316	103.834403
1.353706822	103.8379907
1.353715942	103.8366672
1.353716657	103.8361159
1.35371802	103.8363499
1.353722628	103.8283098
1.353730086	103.830675
1.353731148	103.8301912
1.353734336	103.8366125
1.353738397	103.829795
1.353739217	103.8390482
1.353740405	103.8373093
1.353740799	103.8293655
1.35374131	103.8351816
1.353744959	103.8349122
1.353745099	103.8392117
1.353746625	103.8381477
1.353755217	103.8379634
1.353758207	103.8343769
1.353758207	103.8343769
1.35375997	103.8363339
1.353769858	103.82816
1.353773634	103.8390267
1.353773722	103.8301559
1.353774478	103.8306401
1.35377649	103.837543
1.35377885	103.8291879
1.353780646	103.8391895
1.353780849	103.8297544
1.353781334	103.8343191
1.353781334	103.8343191
1.353786571	103.8348669
1.353787702	103.8372517
1.353788046	103.8352149
1.353791766	103.8381161
1.353792411	103.8332051
1.353793471	103.8374728
1.353795558	103.8379257
1.353800429	103.830106
1.353800624	103.8363368
1.353804048	103.8305947
1.353808038	103.8390052
1.353809491	103.8309995
1.353815031	103.8391681
1.353817704	103.8342843
1.353817705	103.8342843
1.35382956	103.8331597
1.353831388	103.8280041
1.353831474	103.828895
1.353836874	103.8380845
1.353838201	103.830065
1.353840353	103.8314236
1.353841114	103.8363394
1.353841673	103.8305535
1.353841966	103.8378829
1.353848668	103.8389936
1.353849551	103.8391467
1.353854264	103.8348833
1.35386015	103.8342426
1.35386015	103.8342426
1.353861782	103.8294535
1.353863756	103.8309638
1.353864481	103.8331156
1.353872479	103.8300224
1.353876883	103.8389622
1.353879971	103.8329802
1.353881553	103.8363422
1.353881989	103.8380531
1.353884025	103.8391251
1.353884519	103.838403
1.353884965	103.8305153
1.353887166	103.8278326
1.353888106	103.8309097
1.353888665	103.8314565
1.353894069	103.8370342
1.353899721	103.8352656
1.353900431	103.8286377
1.353903521	103.8349079
1.353906279	103.8342148
1.353906279	103.8342148
1.353911201	103.8384589
1.353913289	103.8299862
1.353916318	103.8292942
1.353916505	103.8388232
1.353918514	103.8391037
1.35391896	103.8330913
1.353919635	103.8369867
1.353921245	103.8304606
1.353921258	103.8363449
1.35392584	103.8380224
1.35392914	103.8347102
1.353932771	103.8384931
1.353933891	103.8308787
1.353934388	103.8389307
1.353934724	103.8378135
1.353940408	103.8314833
1.353942079	103.8299374
1.353943105	103.8295105
1.353945729	103.8369383
1.353951863	103.8284992
1.353952945	103.8390822
1.353954434	103.8385272
1.353956244	103.8352835
1.353956591	103.8330514
1.353958033	103.8391657
1.353960266	103.8315404
1.353966279	103.8349263
1.353967599	103.8377709
1.353969581	103.8308341
1.353972588	103.8368885
1.353975101	103.8387963
1.353979027	103.8341787
1.353979027	103.8341787
1.353979535	103.8329985
1.353982654	103.8366721
1.353985428	103.8305193
1.353985435	103.8387572
1.353985735	103.8298986
1.353987376	103.8390608
1.353990296	103.8347342
1.353994635	103.8307879
1.353997821	103.8289113
1.354001132	103.8377274
1.354003528	103.8387202
1.354006185	103.8386791
1.354009805	103.8315693
1.354016879	103.8329566
1.354016918	103.8386388
1.35401901	103.8367213
1.354021826	103.8390394
1.354025083	103.8379527
1.354027007	103.8307409
1.354027284	103.8349688
1.354027743	103.8290498
1.354029233	103.83835
1.354030212	103.8362425
1.35403176	103.8277857
1.35403234	103.8363852
1.354034195	103.8316234
1.354034675	103.8376839
1.354040258	103.8295942
1.354044383	103.8367537
1.354049591	103.8347501
1.354053987	103.8371555
1.354058297	103.8329171
1.354058632	103.8379082
1.354059167	103.8353342
1.354060174	103.8383268
1.354060792	103.8283332
1.354062481	103.8372108
1.354062731	103.8281647
1.354066376	103.8364068
1.354068348	103.8376404
1.354070193	103.8286411
1.354071003	103.837265
1.354073832	103.8307091
1.354075124	103.8367803
1.354078742	103.8316561
1.354079282	103.8373193
1.354081046	103.8284881
1.354087741	103.8373734
1.354090102	103.8294311
1.354091861	103.8378646
1.354092595	103.8383024
1.354092933	103.8350012
1.354095999	103.8374267
1.354101127	103.8275584
1.354101901	103.8375967
1.354102645	103.836223
1.354106295	103.8364192
1.354106714	103.8347825
1.354109329	103.8306639
1.354110472	103.8389181
1.354113148	103.8296622
1.35411326	103.8367986
1.354117971	103.8272341
1.354118928	103.8390312
1.354121139	103.8316902
1.354122501	103.8371986
1.354124998	103.8378209
1.354125364	103.8382781
1.354127193	103.8353701
1.354129947	103.8362557
1.35413087	103.838841
1.354131879	103.8385602
1.354136387	103.8388837
1.354140079	103.8328192
1.354141312	103.8388019
1.354142567	103.8364637
1.35414536	103.8368242
1.354151831	103.8387627
1.354157568	103.8350158
1.354158286	103.8377771
1.354159303	103.8382564
1.354161973	103.8344578
1.354162222	103.8387236
1.354166185	103.8278762
1.354166895	103.8348116
1.354167983	103.8368584
1.354168303	103.8327554
1.354171064	103.8362665
1.35417151	103.8317214
1.354171627	103.8405141
1.354172611	103.8386848
1.354175267	103.8288544
1.354177273	103.8326972
1.354184176	103.8373726
1.354189418	103.8350727
1.354191983	103.8377327
1.354192067	103.8382233
1.354198237	103.8368854
1.354199252	103.8385079
1.354199605	103.8386344
1.354200172	103.8326491
1.354201676	103.8282501
1.354205269	103.836288
1.354208267	103.8369366
1.354208915	103.8385536
1.354220662	103.834493
1.354224633	103.8325982
1.354225868	103.8348409
1.354226317	103.8384732
1.354232169	103.829033
1.354235866	103.8283013
1.354237549	103.8405045
1.354239602	103.8384348
1.354241031	103.8363106
1.35424185	103.8270651
1.354243767	103.837306
1.354246568	103.8372512
1.354247436	103.8297374
1.354248181	103.8279326
1.354248448	103.8325507
1.354249243	103.8371965
1.354249283	103.8350789
1.354252052	103.8371419
1.354252635	103.8354403
1.354254706	103.8284245
1.354254895	103.8370864
1.354254904	103.8383975
1.354256844	103.8376471
1.354260255	103.8383552
1.354264558	103.8369598
1.354265704	103.8295706
1.354272941	103.8405251
1.354277229	103.8345201
1.354277564	103.8381519
1.354279672	103.8273895
1.354283403	103.8325045
1.354285046	103.8348706
1.354289171	103.8391008
1.354289872	103.8376043
1.354293841	103.8365853
1.354294039	103.8297837
1.354298743	103.832451
1.354302863	103.8381188
1.354303629	103.8354732
1.354304422	103.840552
1.354310768	103.8350914
1.354323641	103.8375609
1.354324447	103.8292787
1.354325242	103.8303281
1.354325242	103.8303281
1.354325242	103.8303281
1.354325242	103.8303281
1.354325242	103.8303281
1.354325242	103.8303281
1.354325242	103.8303281
1.354325242	103.8303281
1.354325242	103.8303281
1.354325242	103.8303281
1.354325242	103.8303281
1.354325242	103.8303281
1.354325242	103.8303281
1.354325242	103.8303281
1.354325242	103.8303281
1.354325242	103.8303281
1.354325242	103.8303281
1.354325242	103.8303281
1.354325242	103.8303281
1.354325292	103.8392469
1.354325801	103.8366149
1.354327566	103.8380867
1.354330459	103.8391952
1.35433505	103.8345561
1.354340568	103.8391561
1.354340793	103.8375033
1.354342733	103.8288389
1.354342871	103.8405659
1.354343866	103.8349026
1.354350708	103.8391169
1.354351898	103.839403
1.354352709	103.8358237
1.354353111	103.8390758
1.354353613	103.8323459
1.354353701	103.8380526
1.354354188	103.8285538
1.354355464	103.8366426
1.354357679	103.8393548
1.354362827	103.8303094
1.354366687	103.8406873
1.35436954	103.8406016
1.354369928	103.8322912
1.35437218	103.8390389
1.354372449	103.8280199
1.354374759	103.839437
1.3543817	103.836674
1.354384516	103.838732
1.354391506	103.8389597
1.354393654	103.8390027
1.354399429	103.8345748
1.35439965	103.8394702
1.354402384	103.8349289
1.354403008	103.8271891
1.354405082	103.8364507
1.354405727	103.8355327
1.35440588	103.8367075
1.354405888	103.8289753
1.354407271	103.8395111
1.35440761	103.8322486
1.354413149	103.8406067
1.354416434	103.8328985
1.354419648	103.8321941
1.354426532	103.8388257
1.354427591	103.8402879
1.354433863	103.8364819
1.354434397	103.839543
1.354436659	103.8387876
1.354437978	103.8367326
1.354440459	103.8284207
1.354444298	103.8351612
1.354446452	103.8321452
1.354447202	103.8387483
1.35444723	103.8384978
1.354448244	103.840627
1.35444915	103.8395809
1.354451003	103.8297105
1.354455518	103.8355628
1.354457567	103.8387094
1.354458859	103.8346098
1.354460566	103.8293987
1.354462834	103.8403081
1.354465479	103.8396178
1.35446567	103.8365074
1.354466815	103.8320927
1.354468261	103.8386703
1.354474435	103.8367531
1.35447515	103.8372789
1.354478651	103.8386313
1.354482102	103.8396547
1.354487136	103.8379011
1.354489224	103.8385924
1.354489557	103.8351906
1.35449007	103.8267756
1.354491965	103.8320444
1.354492312	103.8280905
1.354492774	103.829246
1.354495312	103.836535
1.354497491	103.8385527
1.354498084	103.8403282
1.35449851	103.8396917
1.35449952	103.8401623
1.354504483	103.8344608
1.3545077	103.8287737
1.354508634	103.8278482
1.354509211	103.8325054
1.354510205	103.8385142
1.35451303	103.8367938
1.35451473	103.8319965
1.354515031	103.8397285
1.354520716	103.8384749
1.354521748	103.8349969
1.354522503	103.8397695
1.354524874	103.8365626
1.35452525	103.8378227
1.354528012	103.8372297
1.354530443	103.8371894
1.354531679	103.8352282
1.354532509	103.8406743
1.354532838	103.837149
1.354533365	103.8403483
1.354535444	103.840183
1.354537669	103.8268164
1.35453925	103.831944
1.354540241	103.837028
1.354542646	103.8369875
1.354547085	103.8370688
1.354547934	103.8398023
1.354548801	103.8383806
1.354549905	103.8377905
1.354554526	103.8365904
1.354555039	103.8356147
1.354555327	103.8371098
1.354558085	103.8288927
1.354558612	103.8383427
1.35456083	103.8398644
1.354563796	103.8275921
1.354566665	103.840698
1.35456861	103.8403684
1.354568645	103.8383037
1.354570129	103.8379046
1.354570544	103.8402034
1.354577399	103.8352587
1.354578509	103.8377614
1.354578882	103.8382647
1.35458232	103.8382239
1.354583013	103.8376653
1.354584266	103.8366181
1.354585627	103.8368909
1.3545868	103.8268562
1.354586871	103.8346548
1.354590038	103.8350264
1.354598342	103.8377266
1.354599092	103.8381863
1.35460374	103.8407151
1.354603898	103.8403886
1.354604263	103.8402262
1.354604913	103.828687
1.354609104	103.8381474
1.354613652	103.8356493
1.354613866	103.8366457
1.354615233	103.8298391
1.354619372	103.8381083
1.354623373	103.8293402
1.354623855	103.8369517
1.354625719	103.8352854
1.354629303	103.8380692
1.354631928	103.8380126
1.354634783	103.8268984
1.354637187	103.8350545
1.354639004	103.8407352
1.354639175	103.8404087
1.354640408	103.8281981
1.354640788	103.8402442
1.354643373	103.8366733
1.354650582	103.8346868
1.354651349	103.8367281
1.354654654	103.8291817
1.354664208	103.8404463
1.354669025	103.8309198
1.354670475	103.8331558
1.354672736	103.8353151
1.354674203	103.8407554
1.354675094	103.8345185
1.354676208	103.840264
1.354680268	103.8269371
1.354684449	103.835083
1.354699346	103.8398603
1.354699473	103.8347335
1.354705227	103.8399505
1.354709424	103.8407755
1.354709643	103.8404489
1.354709672	103.833111
1.354711019	103.840285
1.354711774	103.8273989
1.354712255	103.8288069
1.35471704	103.8357129
1.354718378	103.8353446
1.354731619	103.8351113
1.354735463	103.8330625
1.354737665	103.8285798
1.354740341	103.8399707
1.35474142	103.8345518
1.354741532	103.8292855
1.354744683	103.8407957
1.354745964	103.8404697
1.354746018	103.8403053
1.354749447	103.829597
1.354756415	103.8291227
1.354761307	103.833014
1.354764634	103.835751
1.354766817	103.835371
1.354771029	103.834739
1.354771222	103.8280912
1.354773874	103.8270131
1.354775447	103.839991
1.354778701	103.8351395
1.354780295	103.8360689
1.354781165	103.8403257
1.354784597	103.8408079
1.354786645	103.8300022
1.354787076	103.8329656
1.354798046	103.8277066
1.354813772	103.8353996
1.354815167	103.840836
1.354818542	103.8399966
1.354823417	103.8403516
1.354826024	103.8351679
1.354827775	103.8270498
1.354828835	103.840515
1.354838518	103.8328689
1.354840078	103.8347632
1.354844312	103.8286953
1.354845418	103.8400314
1.354847167	103.828447
1.354849885	103.8408559
1.354853689	103.8279332
1.354857519	103.835433
1.35485805	103.8346055
1.354864342	103.8328204
1.354865695	103.8405362
1.354868474	103.835809
1.354873261	103.835196
1.354880069	103.8275066
1.354882381	103.8270869
1.354884057	103.8405854
1.354885374	103.8292027
1.354885856	103.840043
1.354890153	103.8327719
1.354890923	103.8381899
1.354893144	103.8295275
1.354898096	103.8329625
1.354902079	103.8403956
1.354902199	103.8296946
1.354915892	103.8400722
1.354916803	103.8290109
1.354918823	103.8358399
1.354919596	103.8352257
1.354931707	103.8405843
1.354932332	103.8271208
1.354933468	103.834635
1.35493607	103.8404151
1.354948354	103.8285612
1.354948687	103.8283196
1.354951078	103.8400923
1.354955827	103.8354834
1.354961627	103.8348915
1.354962202	103.8268001
1.354963464	103.8277863
1.35496644	103.8352518
1.354966923	103.8358397
1.354971268	103.8404354
1.354971341	103.8405968
1.354972068	103.8406765
1.354983239	103.8291333
1.354984145	103.8326508
1.35498635	103.8271586
1.354993048	103.8374735
1.354994161	103.8301015
1.354999279	103.8341963
1.354999612	103.8401065
1.355000214	103.8300985
1.35500335	103.835512
1.35500641	103.8404557
1.355006519	103.8406171
1.355007118	103.8406969
1.355014506	103.8281922
1.355017572	103.8334609
1.355020145	103.8327321
1.355022937	103.8294474
1.355023168	103.8359022
1.355023217	103.8349274
1.355028857	103.8310533
1.355028857	103.8310533
1.355028857	103.8310533
1.355033192	103.8404096
1.355036142	103.840647
1.355036321	103.8271927
1.355038256	103.8331989
1.355041622	103.8404759
1.355046828	103.829611
1.35504795	103.8407075
1.355049184	103.8301329
1.35505043	103.8355405
1.355051815	103.8326245
1.355053978	103.8283932
1.355056402	103.8301283
1.355058455	103.8325041
1.355059176	103.8325663
1.355061038	103.8276262
1.355061548	103.8268374
1.355062952	103.8353082
1.355064671	103.8334123
1.355069429	103.8288787
1.355069694	103.8347169
1.355071154	103.8401601
1.35507287	103.8359326
1.355074142	103.8392655
1.355076811	103.8404962
1.355076969	103.8406575
1.355077695	103.8407371
1.355080488	103.8331075
1.355080855	103.8349575
1.355083267	103.8324552
1.355089897	103.8272278
1.355097521	103.835569
1.355102329	103.8333615
1.355106292	103.8401801
1.355106644	103.8406872
1.355108148	103.832406
1.355109802	103.8353367
1.355111155	103.8301532
1.355111992	103.8405164
1.355115405	103.829017
1.355116855	103.830148
1.355129201	103.829377
1.355132459	103.8347506
1.355132954	103.8323571
1.355134322	103.8329358
1.355141688	103.8402002
1.355141977	103.834988
1.355144517	103.8355968
1.355147147	103.8405368
1.355147311	103.8406979
1.35515541	103.8268751
1.355156999	103.835365
1.355157779	103.8323082
1.355160157	103.8332681
1.355161257	103.8287541
1.355174728	103.8301654
1.355177032	103.8402204
1.35517868	103.8359973
1.355179075	103.8301608
1.355182319	103.8405569
1.355182561	103.8322591
1.355182581	103.8407182
1.35518649	103.8347912
1.35518697	103.836338
1.355188169	103.8295223
1.355196994	103.8356172
1.355198294	103.8350246
1.355202782	103.8298295
1.355204218	103.8353936
1.35520736	103.8322102
1.355208667	103.8235081
1.355211961	103.8331546
1.355212287	103.8402404
1.355212777	103.8279773
1.355219745	103.8407395
1.355227038	103.8231343
1.355230222	103.836042
1.355237241	103.8356569
1.355238134	103.8286468
1.355239749	103.8301669
1.355241917	103.8405842
1.355242747	103.8301626
1.355245335	103.8338167
1.355247027	103.8288783
1.35524762	103.8402604
1.355247854	103.8348148
1.355250619	103.8354229
1.355251685	103.8350599
1.355257752	103.8278877
1.355258833	103.8335618
1.355262168	103.8333138
1.355264601	103.8292635
1.355282911	103.8402806
1.355291321	103.835674
1.355291679	103.835461
1.355296121	103.8335078
1.355301304	103.8330683
1.355303918	103.8301566
1.355304925	103.8321741
1.355305139	103.8294152
1.355306043	103.8281486
1.355306407	103.8301525
1.355310229	103.8348395
1.355311715	103.8273825
1.355313356	103.8285024
1.355313758	103.8332008
1.355318031	103.8238548
1.35532019	103.8350861
1.355333084	103.8357114
1.355333706	103.8329982
1.355335428	103.8283528
1.355339843	103.8374586
1.355345238	103.8354792
1.35535229	103.8287286
1.355354979	103.8381661
1.35535904	103.8334185
1.355364829	103.8301351
1.355365448	103.8402925
1.355366836	103.8301346
1.355368661	103.8274503
1.355369554	103.8348692
1.355374268	103.8327768
1.355376326	103.8325474
1.355381436	103.8357488
1.355382498	103.8344203
1.355388286	103.8279636
1.355392423	103.8355078
1.355393292	103.8336147
1.355394645	103.8297289
1.3554013	103.8291342
1.355420582	103.8301032
1.35542174	103.8275
1.35542329	103.8301051
1.355423851	103.8335597
1.355423956	103.835139
1.355426508	103.8349142
1.355426929	103.8333451
1.35543111	103.8368657
1.355438789	103.8293066
1.355439694	103.8355365
1.355440501	103.8285458
1.355462479	103.8281431
1.355464838	103.8334892
1.35546996	103.8300624
1.355470962	103.8241771
1.355471344	103.8351672
1.355473476	103.8283398
1.355475206	103.8300658
1.355486304	103.8355672
1.355487025	103.8275369
1.355506131	103.8289482
1.355509609	103.8296119
1.355512907	103.8361034
1.35551463	103.8334231
1.355516323	103.8245461
1.355518127	103.8339327
1.355518536	103.8351955
1.355523172	103.8349595
1.355524985	103.8326441
1.35552687	103.8346148
1.355534959	103.8275918
1.355540555	103.8360412
1.355549762	103.8325887
1.35555561	103.8291702
1.355565942	103.8352237
1.355567263	103.8345295
1.355571276	103.8359958
1.355577538	103.8349937
1.355580721	103.8276503
1.355590195	103.8343986
1.355601496	103.8359503
1.355603865	103.8335289
1.355613022	103.8352522
1.355615342	103.8350374
1.355617188	103.8343268
1.35562165	103.8288285
1.355631579	103.8295018
1.355633252	103.8249715
1.355637411	103.8265113
1.355644264	103.8359128
1.355651746	103.8298801
1.355656715	103.8341727
1.35566031	103.8325359
1.355660723	103.8336069
1.355663325	103.8349591
1.355665213	103.8236663
1.355665914	103.8358602
1.355666854	103.8352811
1.355671376	103.8350511
1.355682039	103.8400252
1.355685213	103.8330393
1.355689099	103.8330859
1.355691219	103.8289784
1.35569396	103.8358136
1.355697684	103.832276
1.355697694	103.832276
1.355699447	103.8340747
1.35570133	103.8298297
1.355702954	103.8253355
1.355707078	103.8339521
1.35570948	103.828654
1.355711891	103.827675
1.355720507	103.8339038
1.355722461	103.8277838
1.355722483	103.8396527
1.355722728	103.8350704
1.355724664	103.8357684
1.355727019	103.8332145
1.355728732	103.8293754
1.355744152	103.8282811
1.355747081	103.8329557
1.355751493	103.8297786
1.355753397	103.8284603
1.35575521	103.8357226
1.355766463	103.8329079
1.355782247	103.8300068
1.35578439	103.839413
1.355786139	103.8351094
1.355786261	103.8278195
1.35578665	103.8232373
1.35578665	103.8356795
1.355796322	103.8287872
1.355800858	103.8405459
1.355801152	103.8256921
1.355801866	103.8297276
1.355802208	103.8314199
1.355803942	103.8260262
1.355805764	103.8332266
1.355807306	103.8263563
1.355815079	103.8347111
1.355831793	103.8299557
1.355837921	103.8328488
1.355839025	103.8346421
1.355839938	103.8278714
1.355840716	103.8314694
1.355849193	103.8292621
1.355851874	103.8296764
1.355853453	103.8272704
1.355856728	103.833621
1.355865182	103.8286043
1.355873247	103.8328141
1.355877403	103.8355724
1.355880246	103.8315176
1.35588168	103.8299044
1.355884906	103.8390104
1.355893028	103.8279209
1.35589878	103.8355216
1.355901838	103.83452
1.355901938	103.8296256
1.355914769	103.8343938
1.355919064	103.83321
1.355921015	103.8344497
1.355924141	103.829846
1.355927274	103.8354746
1.35592749	103.8279941
1.355930855	103.8322173
1.355934819	103.8354136
1.355945551	103.8329956
1.355945864	103.8387719
1.35595023	103.8348329
1.355951998	103.8295747
1.355952391	103.8324433
1.355957	103.8315379
1.355961914	103.831055
1.355963551	103.829126
1.355981471	103.8347596
1.355981504	103.829802
1.355982803	103.8323537
1.355984813	103.8268009
1.355994111	103.8353884
1.355995679	103.8322166
1.355995766	103.8343017
1.355996675	103.8262272
1.356001927	103.8295239
1.356010051	103.8310178
1.356020548	103.8342433
1.356020677	103.8353389
1.356030337	103.8289718
1.356031364	103.8297508
1.356032954	103.8315558
1.356045016	103.8274082
1.356046112	103.8383732
1.356048403	103.8346009
1.356052027	103.8294729
1.356054291	103.8241943
1.356057869	103.830981
1.356060121	103.8280842
1.356060902	103.8352999
1.35606396	103.8335761
1.356065915	103.8281873
1.356071271	103.8352223
1.356075264	103.8245001
1.356079841	103.8341049
1.356080906	103.832218
1.356081176	103.8296996
1.35608322	103.8345298
1.3561004	103.8339846
1.356102205	103.829422
1.356105229	103.8309451
1.356106007	103.8331234
1.356115696	103.8315677
1.356120676	103.8282445
1.356130983	103.8296485
1.356137617	103.834388
1.356141344	103.8283911
1.356147328	103.8322043
1.356148755	103.8266842
1.356149646	103.8328826
1.356152257	103.8293711
1.356153746	103.8344461
1.356159501	103.8255955
1.356167047	103.8284608
1.356176899	103.8248537
1.356180814	103.8295972
1.356184437	103.8350204
1.356187195	103.8343284
1.356200042	103.8282929
1.356202466	103.8293199
1.356214224	103.8268482
1.356217957	103.8341723
1.356223827	103.8324581
1.356224554	103.8315604
1.356226502	103.8237661
1.356230426	103.8349565
1.35623051	103.8295462
1.356240346	103.8341187
1.3562502	103.8325808
1.356252729	103.829269
1.356264955	103.8338186
1.356268404	103.8285425
1.356280299	103.8294948
1.356281175	103.8286143
1.35629203	103.8287716
1.356299346	103.8348228
1.3563002	103.8270572
1.356302576	103.829218
1.356302936	103.8374935
1.356302938	103.8374935
1.356313612	103.8251313
1.356314837	103.82869
1.356320621	103.8324954
1.356321694	103.8330104
1.356323353	103.8326442
1.356325347	103.829439
1.356326087	103.835117
1.356340323	103.8347356
1.356345883	103.8324451
1.35634655	103.837498
1.356346944	103.8288362
1.356351961	103.8336141
1.35635236	103.8291675
1.356354263	103.8262013
1.356354447	103.8289047
1.356354479	103.8332257
1.356360806	103.83268
1.356360932	103.8350352
1.356362643	103.8272753
1.3563679	103.8240452
1.356370889	103.8293834
1.356378421	103.8349958
1.356397113	103.8332092
1.356399475	103.8345599
1.356402902	103.8346284
1.35641834	103.8327383
1.356423233	103.8339293
1.356423925	103.8323302
1.356427321	103.8244626
1.35642829	103.8325131
1.356429921	103.8293412
1.356432266	103.8279268
1.356442187	103.8399127
1.356442596	103.8329686
1.3564462	103.8348944
1.356451963	103.8306337
1.356452232	103.8375767
1.356455792	103.8327741
1.356463014	103.8335979
1.35646929	103.832246
1.356472443	103.8325377
1.356480214	103.8292895
1.35648773	103.8254955
1.356490611	103.8265447
1.356496197	103.8348363
1.356517238	103.8261249
1.35653065	103.8331587
1.356537727	103.834333
1.356542971	103.8325759
1.356544725	103.8344258
1.356570928	103.8267341
1.356572177	103.8347039
1.356577591	103.833142
1.356588298	103.8338231
1.356588751	103.8346471
1.356589729	103.8326012
1.356612808	103.8246438
1.356613348	103.8323573
1.356614777	103.8328558
1.356632579	103.8269527
1.35663653	103.8324894
1.356640165	103.8235979
1.356654471	103.8287367
1.35668617	103.8260667
1.356689414	103.8335165
1.356692685	103.8345363
1.35669635	103.8344508
1.356702954	103.8281397
1.356703564	103.8271506
1.356722788	103.8316311
1.356739196	103.8326721
1.356744959	103.826457
1.356747896	103.8266716
1.356748771	103.8249249
1.356749429	103.8274695
1.356767431	103.8341469
1.356785981	103.8316506
1.356806861	103.8324272
1.356813105	103.8400934
1.356829622	103.8303047
1.356829991	103.8343403
1.356845489	103.8316685
1.356851889	103.824041
1.356864694	103.8268514
1.356866357	103.8342952
1.356874271	103.8270321
1.356876992	103.8302684
1.356879902	103.8340418
1.35688218	103.8324692
1.35688965	103.8259777
1.356894224	103.8328725
1.356902099	103.8316855
1.35690503	103.833978
1.356909504	103.827129
1.356911319	103.8302158
1.356922829	103.8342098
1.356942281	103.83282
1.356958094	103.8301802
1.356960394	103.8317029
1.356965142	103.8338236
1.356990643	103.83376
1.356996188	103.8243454
1.357003211	103.8370107
1.357007979	103.830142
1.357018693	103.8317204
1.357034322	103.8324794
1.357036912	103.8402037
1.357056909	103.8341272
1.357059022	103.8301032
1.357077779	103.831739
1.357092551	103.8340394
1.35710106	103.8259398
1.357111356	103.8255255
1.35711154	103.8281822
1.357114845	103.8336828
1.357119504	103.8263107
1.357121388	103.8300834
1.357125798	103.8326345
1.357129518	103.8285341
1.357130358	103.8277672
1.35713193	103.8265528
1.3571358	103.8339103
1.357137338	103.8333849
1.357152732	103.8239565
1.357159977	103.8333285
1.357166777	103.8300488
1.357174212	103.8338161
1.35717765	103.8306941
1.357189482	103.83078
1.357196802	103.8305643
1.357203872	103.8308847
1.357204768	103.8267385
1.357215709	103.8309706
1.357216189	103.8331354
1.357221824	103.8299203
1.357231573	103.8247457
1.357236111	103.826938
1.357236618	103.8258001
1.357256215	103.8305007
1.357267975	103.8298861
1.357280956	103.8259466
1.357284441	103.8393967
1.357284487	103.829808
1.357302778	103.8329097
1.357310682	103.833475
1.357318063	103.8262493
1.357318073	103.8262493
1.357328179	103.8304232
1.357332463	103.8297707
1.357347551	103.833385
1.357358751	103.826465
1.357359556	103.8241693
1.35736035	103.8326906
1.35736414	103.835832
1.357376737	103.8271409
1.35737964	103.829736
1.357387465	103.8303594
1.357413589	103.8273282
1.357414045	103.8313634
1.357426089	103.8296979
1.357428469	103.8327159
1.357437937	103.8409199
1.357448459	103.8403005
1.357460942	103.8268717
1.35746113	103.8302833
1.357463077	103.8266576
1.357466797	103.8391068
1.357469304	103.8275136
1.357482481	103.8251723
1.357501494	103.8296972
1.357519992	103.8302196
1.357539842	103.8327635
1.357545621	103.8279808
1.357547713	103.829662
1.357548411	103.8246547
1.357565948	103.8255079
1.357574241	103.8257553
1.3575767	103.8270647
1.357584737	103.8258674
1.357605745	103.8327916
1.357618865	103.8259126
1.357619927	103.8273051
1.357622435	103.8257984
1.357632878	103.8295643
1.357633193	103.8259658
1.357638423	103.825461
1.357643695	103.8307965
1.357648033	103.8260186
1.35766624	103.8244898
1.357681972	103.829526
1.357683955	103.8274988
1.357687866	103.8260645
1.357694066	103.8261209
1.357699518	103.8254382
1.3577089	103.8294659
1.35772241	103.826211
1.357743461	103.8262689
1.357749445	103.8360457
1.357757518	103.829429
1.35776291	103.8264363
1.357764948	103.8263223
1.357766478	103.8254195
1.35777749	103.8264891
1.357779153	103.8263749
1.357782753	103.8383118
1.357784873	103.8406578
1.357784873	103.8406578
1.357784874	103.8406578
1.357805661	103.8251862
1.357807845	103.8302741
1.357807937	103.8293903
1.357811377	103.8265377
1.357813279	103.8279287
1.357830222	103.8254161
1.357831328	103.82574
1.357835664	103.8265868
1.357837067	103.8266949
1.357847935	103.8316245
1.35785346	103.8293551
1.357862339	103.8267443
1.357868558	103.8256696
1.357871535	103.8323139
1.357883987	103.8250555
1.357888971	103.8403567
1.357895341	103.8269055
1.357895858	103.8253607
1.357896659	103.8251239
1.35791468	103.8268435
1.357916586	103.8293403
1.357923154	103.8269547
1.357924607	103.827011
1.357930868	103.8257693
1.357941842	103.8242817
1.357944978	103.8258223
1.357945932	103.8250373
1.357947016	103.8267776
1.357953707	103.8258765
1.357964236	103.8361479
1.357964246	103.8249116
1.357965414	103.8293028
1.357967161	103.82839
1.357967488	103.8259864
1.35796799	103.8283707
1.357973647	103.8259278
1.357979851	103.8261441
1.357981802	103.8249828
1.357982947	103.8260423
1.357983581	103.8270585
1.357988853	103.8404065
1.358000241	103.8384159
1.358001116	103.8272685
1.35803356	103.8261866
1.358036162	103.8248913
1.358042485	103.8262441
1.358047586	103.8273131
1.358048409	103.8273719
1.358049029	103.8248321
1.358053376	103.8264689
1.358056936	103.8262969
1.35807377	103.8247847
1.358077436	103.8274167
1.358078761	103.8263501
1.358080833	103.8334024
1.358081063	103.8307906
1.358083689	103.8292474
1.358086952	103.8264013
1.358090588	103.8266806
1.358092493	103.8274705
1.358095195	103.8333561
1.358099299	103.8265173
1.35811221	103.8275226
1.35812339	103.8246851
1.358124238	103.8275762
1.358130748	103.8292121
1.358137708	103.8266057
1.358139171	103.8279922
1.358139182	103.8276289
1.35814472	103.8246358
1.35814961	103.8276862
1.358170033	103.825648
1.358175054	103.8245881
1.358193887	103.8245382
1.358197708	103.8279807
1.358200066	103.8267074
1.358202233	103.8292042
1.358214196	103.8267603
1.358219022	103.8256195
1.358221608	103.831933
1.358226648	103.8244913
1.358228881	103.8268129
1.358243031	103.8268657
1.358245992	103.8259397
1.358246861	103.8279517
1.358249097	103.8244421
1.35825751	103.8269184
1.358261526	103.826979
1.358265039	103.8272673
1.35826522	103.8291874
1.358274155	103.8243916
1.358276078	103.8256186
1.358277594	103.8282821
1.358299288	103.8243428
1.358302782	103.8279512
1.358316594	103.8259645
1.358317967	103.8272521
1.35833007	103.8291696
1.358333203	103.8283971
1.358337839	103.8275552
1.358339548	103.8256396
1.358340529	103.8275513
1.358347768	103.8363669
1.35834811	103.827905
1.358351936	103.8263069
1.358355538	103.8303978
1.358367586	103.8272128
1.358369674	103.8259497
1.35837313	103.8385974
1.358394393	103.8256292
1.358395484	103.8291565
1.358402888	103.8278896
1.358403347	103.8275301
1.35840617	103.8314316
1.358408107	103.8275373
1.358408896	103.8275464
1.358410484	103.8262963
1.358415262	103.8259178
1.358432872	103.8255755
1.358445159	103.8281553
1.35845813	103.8275248
1.358459592	103.8275195
1.358461901	103.8262819
1.358475849	103.8259202
1.358485215	103.8290977
1.358485379	103.8282073
1.358485934	103.82471
1.358493322	103.8265285
1.358505475	103.824644
1.358507926	103.8265813
1.358510909	103.830067
1.358513086	103.8379335
1.358513258	103.8282728
1.358514397	103.8245551
1.358514552	103.8262656
1.358515338	103.8247543
1.358525288	103.8248123
1.358528931	103.8259054
1.358535649	103.8248673
1.358539429	103.8323093
1.358543685	103.8255831
1.35855013	103.8266823
1.358550287	103.833601
1.358550645	103.8364971
1.358551047	103.8267397
1.358557473	103.8335582
1.358563381	103.8267918
1.358564696	103.8249147
1.358565394	103.8291062
1.358566117	103.8262452
1.358569369	103.8283163
1.358570236	103.8266211
1.358571455	103.8258554
1.358571926	103.8268492
1.358572472	103.8269178
1.35857466	103.829748
1.358579001	103.833601
1.358589561	103.8255316
1.358593456	103.8264375
1.358593661	103.8387051
1.358599017	103.8283798
1.35861467	103.8250099
1.358620932	103.8262369
1.358623775	103.8250683
1.358624914	103.8258416
1.358641704	103.8284385
1.358642613	103.8255167
1.358650861	103.8291194
1.358651288	103.8277284
1.358652881	103.8278127
1.358657736	103.8249375
1.358663373	103.8376194
1.358678683	103.8262388
1.358691123	103.8278616
1.35869325	103.825875
1.358695662	103.8255018
1.358704942	103.8252148
1.358711425	103.8317201
1.358720336	103.8250904
1.358727197	103.8262081
1.358728424	103.8306428
1.358728426	103.8306428
1.358729553	103.8257873
1.358734377	103.8291293
1.358738937	103.8251418
1.358744097	103.8326898
1.358748714	103.825487
1.358752449	103.8279812
1.358752867	103.8280584
1.358787568	103.8261764
1.3588029	103.8254688
1.358819303	103.8257669
1.358821361	103.8291398
1.35882422	103.828073
1.358827743	103.8281396
1.358841148	103.8369381
1.35886143	103.828183
1.358901957	103.82822
1.358909329	103.8291498
1.358943179	103.8282587
1.358948358	103.8327877
1.358968724	103.8339687
1.358968724	103.8339687
1.358968724	103.8339687
1.35896873	103.8339687
1.358978386	103.8338913
1.358992396	103.8282902
1.359020721	103.8337607
1.359045381	103.8298985
1.359058613	103.836463
1.359084315	103.831751
1.359084322	103.831751
1.3591025	103.8305783
1.359235757	103.8323688
1.35927841	103.8406951
1.359362931	103.8403577
1.359483373	103.8339639
1.359486099	103.8387078
1.359493925	103.8340046
1.359504941	103.8339907
1.359558267	103.8359714
1.359659385	103.832692
1.35981069	103.8282901
1.359825074	103.8297089
1.359868232	103.8335926
1.359904036	103.8371945
1.359945559	103.8341661
1.359946338	103.8409172
1.359948262	103.8301299
1.359957902	103.8336314
1.36002617	103.8311117
1.360045819	103.8336697
1.360129413	103.8337381
1.360134798	103.8337075
1.360152618	103.8337175
1.360180171	103.8404434
1.360215377	103.8337477
1.360218875	103.8337443
1.360220515	103.8337652
1.360278153	103.8302663
1.360280376	103.8301755
1.360283719	103.8300522
1.360286101	103.8298918
1.360288467	103.8298011
1.360457331	103.830597
1.360457615	103.83054
1.360460089	103.8304267
1.360460957	103.8304779
1.360461202	103.8303131
1.360461727	103.8303646
1.360463363	103.8302519
1.360466046	103.8301975
1.360470439	103.8300886
1.360471045	103.8300326
1.360472644	103.8299723
1.360474962	103.8299202
1.360476599	103.8298601
1.360477215	103.8297305
1.360478221	103.8268131
1.360495994	103.8365387
1.36051975	103.8296745
1.360525186	103.8295942
1.360561294	103.8313226
1.360564725	103.8295433
1.36058343	103.8330203
1.360583434	103.8330203
1.360629483	103.8294941
1.360671294	103.8347284
1.360686114	103.8294676
1.360689865	103.8346785
1.360711328	103.8346213
1.360725947	103.8345656
1.360768493	103.8344464
1.360784595	103.8297957
1.360791688	103.8304834
1.360792522	103.8304252
1.360793296	103.8303766
1.360794606	103.8303122
1.3607958	103.8302634
1.360798483	103.8301991
1.36080008	103.83015
1.360802106	103.8300859
1.360802452	103.8343986
1.360812933	103.8300323
1.360812939	103.8294443
1.360820495	103.8343387
1.360825919	103.8308026
1.360830237	103.8390726
1.360833757	103.8377307
1.360845118	103.834285
1.360850158	103.8297801
1.36086674	103.8294335
1.36086946	103.8341754
1.360888681	103.830799
1.360901688	103.8297691
1.360901899	103.839928
1.360908036	103.8341218
1.360928723	103.8294205
1.360930316	103.8340624
1.360934656	103.8339926
1.360958844	103.8308008
1.36096134	103.8297557
1.360974469	103.8348007
1.360975163	103.8338294
1.360978278	103.8338986
1.36097896	103.8294105
1.360990605	103.8289744
1.361012696	103.8297446
1.361020685	103.8308021
1.361022321	103.8337086
1.361033448	103.833785
1.361034871	103.8348078
1.361040302	103.8293985
1.361072237	103.8297296
1.361085298	103.8336185
1.361085954	103.8348481
1.361090278	103.8293892
1.361090764	103.8308045
1.361093725	103.8345255
1.361106518	103.8335623
1.361112987	103.8344725
1.361123629	103.8297191
1.361127146	103.8335058
1.361135187	103.8344129
1.361139951	103.8348708
1.361150665	103.8334417
1.361151222	103.829375
1.361152856	103.8308062
1.36115455	103.8305061
1.361154627	103.8343596
1.36117442	103.8303226
1.361176373	103.8343
1.361177508	103.8379071
1.361177546	103.8304395
1.36118402	103.8297077
1.361195207	103.8303758
1.361196461	103.8342454
1.36119747	103.8348958
1.361201446	103.8333428
1.361204094	103.8293646
1.361215505	103.8302631
1.361218171	103.8302137
1.36122074	103.8332906
1.361223331	103.8308078
1.361230298	103.8301501
1.361233719	103.8331586
1.361234032	103.8301
1.361235446	103.8296972
1.361242826	103.8332312
1.361245355	103.8300374
1.361248374	103.8299889
1.361251353	103.8341448
1.361254441	103.834914
1.361277538	103.8340885
1.361285374	103.834024
1.36128545	103.8308142
1.36129616	103.8296859
1.361300393	103.8339676
1.361306552	103.8349484
1.361311084	103.8330629
1.361321327	103.8391608
1.361324201	103.834618
1.361330104	103.8293399
1.361331017	103.8330078
1.361335104	103.8343601
1.361342995	103.832871
1.361344144	103.8338572
1.361349107	103.8296725
1.361354053	103.8329425
1.361357873	103.8345624
1.361359321	103.8338032
1.361366073	103.834285
1.361370489	103.8349765
1.361376929	103.8383009
1.361383528	103.834506
1.361389858	103.830878
1.361391114	103.8337494
1.361393196	103.8293417
1.361398397	103.8344472
1.361418271	103.8343905
1.361419617	103.8327655
1.361421605	103.8336318
1.361422815	103.833698
1.361444543	103.8327101
1.361453761	103.8307968
1.361453763	103.8307968
1.361456315	103.8335707
1.361467964	103.8293625
1.361469742	103.8326482
1.361475079	103.8342226
1.361478616	103.8349983
1.36148051	103.8306352
1.36148879	103.8325881
1.36149367	103.833469
1.361494686	103.8335049
1.361497307	103.8305721
1.361502315	103.83417
1.361505282	103.8358051
1.361506632	103.8414432
1.361513795	103.8305036
1.361519275	103.8325251
1.361524567	103.8334185
1.361525993	103.8293938
1.361526027	103.8341129
1.361527087	103.8415182
1.361528037	103.8304442
1.36153256	103.8358192
1.36153517	103.8324628
1.361539805	103.8333584
1.361542382	103.834056
1.361542958	103.8350102
1.361544672	103.8303759
1.361558076	103.8303162
1.361574383	103.8302477
1.361576159	103.8333002
1.36157776	103.8286658
1.361579803	103.8336899
1.361582173	103.8294486
1.361582314	103.833948
1.361587945	103.8301879
1.361595742	103.8350418
1.361598603	103.8285482
1.361601478	103.8287231
1.361603161	103.8346853
1.361603561	103.8301197
1.361607383	103.8338935
1.36160982	103.8338298
1.361613248	103.8295017
1.361613297	103.8378937
1.361615186	103.8331989
1.361618019	103.8312438
1.361622144	103.8331312
1.361624958	103.8300595
1.361625148	103.8287804
1.361637105	103.8337773
1.361645192	103.8330665
1.361648756	103.8288379
1.361648992	103.829629
1.361650547	103.8350686
1.361654773	103.8347064
1.361660508	103.8296805
1.361667302	103.8337223
1.361668235	103.8330081
1.361671932	103.8288954
1.361673	103.8336528
1.361675939	103.8298591
1.361677248	103.8297417
1.361681052	103.8344697
1.36168312	103.829913
1.361691798	103.829789
1.361692101	103.8329429
1.361696451	103.8289528
1.361709676	103.8347415
1.361712059	103.8335611
1.361713176	103.8350789
1.361718529	103.8328863
1.361720211	103.82901
1.361721439	103.8330959
1.361739217	103.8344845
1.361745288	103.8290666
1.361753963	103.8335044
1.361767262	103.8351031
1.361768864	103.829123
1.361769777	103.8326038
1.361771847	103.8347428
1.361772979	103.8334457
1.361782946	103.8333872
1.361794392	103.8345097
1.36179561	103.8341446
1.361802021	103.8292325
1.361815007	103.8332784
1.361818459	103.8292969
1.361818739	103.8351383
1.361823165	103.8347836
1.361832789	103.8326164
1.36183578	103.8293558
1.361848015	103.8341885
1.361848958	103.8347096
1.361851499	103.8345316
1.361852415	103.833216
1.361853036	103.8294149
1.361870364	103.8294742
1.361873665	103.8351589
1.361877696	103.8348063
1.361880379	103.8331527
1.361883215	103.8383074
1.361887372	103.8295335
1.361892147	103.8326537
1.361899788	103.8330914
1.361903998	103.8295931
1.361907214	103.8339383
1.361907455	103.8342111
1.361911585	103.8345427
1.361921484	103.8296522
1.361922287	103.8330299
1.36193389	103.8329568
1.361937082	103.8348248
1.36193902	103.829711
1.361943047	103.8301834
1.361943083	103.8310283
1.361955569	103.8297682
1.361959355	103.8326546
1.361961199	103.8342312
1.361963898	103.8345703
1.361972707	103.8339554
1.361999057	103.8348443
1.362015009	103.8285299
1.362016442	103.832698
1.362019519	103.8285866
1.362022866	103.8342441
1.362023424	103.8345896
1.362026434	103.828645
1.362033228	103.8287039
1.362037858	103.8287635
1.362047489	103.8288216
1.362064055	103.8288777
1.362074494	103.8342744
1.362089297	103.828931
1.362095483	103.8326876
1.362098911	103.8346215
1.362114803	103.8289846
1.362136184	103.8340278
1.362138748	103.8290388
1.362138994	103.8412903
1.362144033	103.8342665
1.362176322	103.8291402
1.362203938	103.829199
1.362210031	103.8342855
1.362210178	103.8349462
1.362211577	103.8340654
1.362218483	103.8284138
1.362234314	103.8292495
1.362259891	103.8293029
1.362265263	103.8287699
1.362272564	103.8285347
1.362272991	103.8286787
1.362284269	103.829357
1.362293152	103.8284237
1.362304251	103.8295504
1.362304265	103.8289304
1.362307821	103.8294111
1.36233311	103.8294649
1.362344045	103.8290208
1.362357346	103.8295186
1.36238249	103.8295721
1.362406423	103.8296401
1.362408983	103.8291634
1.362440316	103.8292334
1.362505178	103.8293772
1.362505496	103.8331853
1.362535127	103.8294454
1.362582199	103.8284537
1.362611872	103.831382
1.362636471	103.8288779
1.362638386	103.8286988
1.362643195	103.8286175
1.362662564	103.8284578
1.362662927	103.8342675
1.362768866	103.8327589
1.362780417	103.8289039
1.362801997	103.8284666
1.362813267	103.8286236
1.362820679	103.8354919
1.362833132	103.8287062
1.362842552	103.8293589
1.362852922	103.8347395
1.362870322	103.833604
1.362872435	103.8294679
1.362895573	103.8284579
1.362904474	103.8293966
1.362944554	103.8340935
1.362955026	103.8292978
1.363003571	103.8291854
1.36304901	103.8295102
1.363051345	103.8290492
1.363087361	103.8294159
1.363097513	103.8289645
1.363151384	103.8284698
1.363156692	103.8292774
1.363157275	103.8288286
1.363180896	103.8287612
1.363185298	103.8291913
1.363189677	103.8286276
1.363215863	103.8354454
1.363240105	103.8284875
1.363250388	103.8290662
1.363271365	103.8303283
1.363283154	103.8289861
1.363346519	103.8348396
1.363359109	103.8295934
1.363362608	103.82885
1.363373515	103.83131
1.363384165	103.8284804
1.363396936	103.8286625
1.363408576	103.8295068
1.363453206	103.8342146
1.363462638	103.8284826
1.363475855	103.82936
1.363484337	103.8331251
1.363504263	103.8285313
1.36350651	103.8292904
1.363553858	103.8296203
1.363571536	103.8291491
1.363590701	103.8295407
1.363597904	103.8290763
1.363653486	103.8293952
1.363664872	103.828934
1.363687308	103.8293279
1.363692103	103.8288479
1.363716745	103.828507
1.363720547	103.8306192
1.363750245	103.8291827
1.363756304	103.8287058
1.363760837	103.8305687
1.363783608	103.8290971
1.363806497	103.8304652
1.363807287	103.8285225
1.363825288	103.8304039
1.363830789	103.8289991
1.363848328	103.8353906
1.363853433	103.8338367
1.363866514	103.8297158
1.36389127	103.8303113
1.363894187	103.8296362
1.363917497	103.830255
1.363934157	103.8287673
1.363944425	103.8301462
1.363947964	103.8285145
1.363970631	103.8300773
1.363972018	103.8286817
1.363984983	103.8295015
1.363984999	103.829413
1.363988828	103.8324545
1.364010373	103.8318237
1.364032048	103.8285242
1.36404308	103.8299938
1.364051313	103.8292882
1.364053657	103.8308891
1.364071414	103.8299409
1.364083544	103.8308251
1.364100296	103.8292113
1.364109361	103.829831
1.364139917	103.8307355
1.364150333	103.8297841
1.364150794	103.8290811
1.364170345	103.8306669
1.364183853	103.8296722
1.364190088	103.8289944
1.364204434	103.8305647
1.364212139	103.8296173
1.36424764	103.8288555
1.364247645	103.8314382
1.364259523	103.8305127
1.364265427	103.8295194
1.36427731	103.8304069
1.364282581	103.8287882
1.364308802	103.8294705
1.364338681	103.8285652
1.36433989	103.8293594
1.364355721	103.8303616
1.364362475	103.8302499
1.364368936	103.8293043
1.36439586	103.830194
1.364433439	103.8292095
1.364443048	103.830093
1.364453701	103.831031
1.364462937	103.8291536
1.364469034	103.830037
1.364514196	103.8290532
1.364514646	103.8299349
1.364541561	103.8290012
1.364550647	103.8298825
1.364591528	103.8288954
1.364600229	103.8297801
1.364604319	103.8288299
1.36461488	103.8285325
1.364622472	103.8284656
1.364632204	103.8287199
1.364649261	103.8286635
1.364688254	103.8296271
1.364692249	103.8297469
1.364715488	103.8295681
1.364740505	103.8294639
1.364776135	103.8294053
1.364834064	103.8293062
1.364868807	103.8292523
1.364895254	103.8291416
1.364910238	103.8329679
1.364915975	103.8283504
1.364940198	103.8300233
1.364940246	103.8290869
1.364973339	103.8306872
1.36498436	103.8356256
1.365077553	103.8298457
1.365143641	103.8301452
1.365214288	103.8296692
1.36521497	103.8287837
1.365237192	103.8291482
1.365248872	103.8302056
1.365322596	103.8285596
1.365334899	103.8334267
1.365336793	103.8293822
1.365349208	103.8302685
1.365442134	103.8285646
1.365481572	103.8292033
1.365507111	103.8285703
1.365519017	103.831371
1.365525529	103.8301307
1.365534388	103.8318939
1.365548933	103.8302371
1.365558029	103.8300763
1.36557168	103.8285772
1.365590216	103.8300229
1.365609646	103.8290121
1.365622716	103.8299689
1.365636248	103.8285833
1.365643653	103.8297606
1.365656466	103.8299149
1.365676466	103.8297072
1.365688653	103.8298612
1.365701634	103.8285898
1.365709243	103.8296525
1.365741465	103.8295995
1.365765386	103.8285971
1.365773687	103.8295449
1.365806465	103.8294919
1.365830363	103.8286044
1.365854638	103.8309257
1.365895341	103.8286097
1.365974599	103.8320005
1.366178883	103.831662
1.366448051	103.8309688
1.366659447	103.8302161