1.315968577	103.9687541
1.316204084	103.9775188
1.316913777	103.9787837
1.317626184	103.9741411
1.317634226	103.9743035
1.318861942	103.9682321
1.320199249	103.9696159
1.323269602	103.9627252
1.323973315	103.9626571
1.324096155	103.9587108
1.327235876	103.9556214
1.327576833	103.9707045
1.328295113	103.9675052
1.328682233	103.9671821
1.328726044	103.9663887
1.32911259	103.9679684
1.329225143	103.9796569
1.329256239	103.9796815
1.329281067	103.9656211
1.329535652	103.9668501
1.329557947	103.9681151
1.329574381	103.9531205
1.329662213	103.9532876
1.329965301	103.9658924
1.330020549	103.9683615
1.330240054	103.9637141
1.330259122	103.9626642
1.330269299	103.9647387
1.330441884	103.9564593
1.330491464	103.9685347
1.330511922	103.9673004
1.330730866	103.9663365
1.330734844	103.9620414
1.330826562	103.9628256
1.33104452	103.9610702
1.331220733	103.960219
1.331272314	103.9689099
1.331457303	103.9652473
1.331546217	103.9683783
1.331552027	103.963923
1.331670118	103.9677342
1.33169342	103.9691754
1.331881104	103.9618107
1.331943554	103.9631069
1.332052331	103.969385
1.332112952	103.9641077
1.332140093	103.9668889
1.332246553	103.9682985
1.332326731	103.9616967
1.332385851	103.962224
1.332480669	103.9694657
1.332507659	103.9569686
1.332557554	103.961332
1.33262118	103.96847
1.33264409	103.9579145
1.332704396	103.964806
1.332764637	103.9697222
1.332766635	103.9685545
1.332778141	103.9645393
1.332888357	103.9674894
1.33290388	103.9686415
1.333041108	103.9687285
1.333122348	103.9590136
1.333178315	103.9688156
1.333200137	103.9645261
1.333315496	103.9689026
1.333373769	103.9569827
1.333382008	103.9656862
1.333503205	103.9700445
1.333525821	103.9625765
1.333540556	103.9650088
1.333587192	103.9678893
1.333588531	103.9687853
1.333601586	103.9654119
1.333601586	103.9654119
1.33360203	103.9690836
1.333667162	103.9597611
1.333675611	103.9578828
1.333847553	103.9703622
1.333890469	103.9693094
1.334031969	103.9693996
1.334036379	103.9629176
1.334083638	103.962946
1.334083638	103.962946
1.334083639	103.962946
1.3341045	103.9637126
1.334105153	103.9656377
1.334132424	103.9658325
1.334132424	103.9658325
1.334142095	103.9698204
1.334149835	103.9629818
1.334168984	103.969487
1.334231127	103.9683285
1.334265566	103.9635838
1.33430414	103.9594031
1.33432516	103.9623893
1.334330949	103.960391
1.334336657	103.9708052
1.33440171	103.9603601
1.33440171	103.9603601
1.334412768	103.9697074
1.334549778	103.9615482
1.334569017	103.9697655
1.33464531	103.9616025
1.33464531	103.9616025
1.334678259	103.9686218
1.334716967	103.9698363
1.334737148	103.9651884
1.334740908	103.9701337
1.334756762	103.9651188
1.334778543	103.9653863
1.334796705	103.9665861
1.334827256	103.9702558
1.33482755	103.9638869
1.33482755	103.9638869
1.334830834	103.9706201
1.334832067	103.9638937
1.334835405	103.9665714
1.334841922	103.9706317
1.334919777	103.9636539
1.334960464	103.9654453
1.335008594	103.970351
1.335073869	103.9608604
1.335148222	103.9689469
1.335188612	103.9672637
1.33524394	103.9713362
1.335341525	103.9639068
1.335382526	103.9623747
1.335397192	103.9631742
1.33543687	103.9618312
1.335572067	103.9706536
1.335595091	103.9609887
1.335605247	103.9692297
1.335666765	103.9610453
1.335667774	103.9665201
1.3356757	103.9712213
1.335696849	103.962987
1.335871141	103.9631219
1.335885005	103.9717887
1.336021263	103.9709401
1.336124092	103.964651
1.336275384	103.9696703
1.336463844	103.9712308
1.336523411	103.9651135
1.33670697	103.9719117
1.33674817	103.9708366
1.33675304	103.9637134
1.336794707	103.9672542
1.33682335	103.9700229
1.336974332	103.9612795
1.337024351	103.9618892
1.337128793	103.9603823
1.337260297	103.9685107
1.337264752	103.9656419
1.337280382	103.9703274
1.337349055	103.9639714
1.33744988	103.9605217
1.337542065	103.9677768
1.337582765	103.9729648
1.33759359	103.9622106
1.33767181	103.9717011
1.337779098	103.9659027
1.33779281	103.9724827
1.3378168	103.9623537
1.337875072	103.9644697
1.337966401	103.9646286
1.338029536	103.9681139
1.33804356	103.9708328
1.338091541	103.9625332
1.338145681	103.972044
1.338208094	103.9651917
1.338240394	103.9652273
1.338380642	103.9730998
1.338454999	103.9710935
1.338516055	103.9647804
1.338626922	103.9628765
1.338738881	103.973735
1.338890641	103.9732315
1.339029416	103.9727666
1.339214313	103.9716572
1.339373887	103.9724316
1.340171637	103.9628601
1.340171638	103.9628601
1.340213777	103.9624621
1.34067686	103.9629959
1.340784102	103.962542
1.34089869	103.9633976
1.34152218	103.9648505
1.341623028	103.9648621
1.341627693	103.9628819
1.341641257	103.9619415
1.341641257	103.9619415
1.3416853	103.9619748
1.341691042	103.9619825
1.341737864	103.9667073
1.341978495	103.9638843
1.342105015	103.962452
1.342155097	103.9641681
1.342225631	103.963501
1.342342812	103.9644064
1.342828494	103.96409
1.3428285	103.96409
1.342915329	103.9624914
1.343062649	103.963167
1.343296212	103.9623906
1.343426385	103.9628741
1.343586152	103.9635792
1.343759826	103.9625143
1.343761415	103.9629232
1.344172309	103.965051
1.344240105	103.9678702
1.344302648	103.9638798
1.344474471	103.9633213
1.344493518	103.9642595
1.344520809	103.9626832
1.34477115	103.9638206
1.344867619	103.9676215
1.344924854	103.9633006
1.345374228	103.9638446
1.345525482	103.9632693
1.345805766	103.9658868
1.346140349	103.9634145
1.34614625	103.9643277
1.346164189	103.9642698
1.346181739	103.9642131
1.346199285	103.9641565
1.34621683	103.9640999
1.346234382	103.9640433
1.346251929	103.9639867
1.346269479	103.96393
1.346287414	103.9638721
1.346315938	103.9637804
1.346333864	103.9637224
1.346351398	103.9636658
1.346368937	103.9636092
1.346386473	103.9635526
1.346404013	103.963496
1.346421547	103.9634393
1.346439085	103.9633827
1.346456621	103.9633261
1.346474554	103.9632681
1.346480038	103.9644292
1.346497856	103.9643712
1.346515241	103.9643146
1.346532632	103.9642579
1.346550021	103.9642012
1.346567412	103.9641446
1.346584803	103.9640879
1.346602187	103.9640312
1.346620003	103.9639732
1.346642004	103.9644785
1.346648043	103.9638814
1.346659858	103.9644205
1.346665839	103.9638234
1.346677302	103.9643639
1.346683215	103.9637667
1.346694734	103.9643072
1.34670059	103.9637101
1.346712178	103.9642506
1.346717961	103.9636534
1.346729621	103.9641939
1.346735333	103.9635967
1.346747063	103.9641372
1.346752707	103.96354
1.346764502	103.9640806
1.346770512	103.9634821
1.346782354	103.9640226
1.346810567	103.9639308
1.346828418	103.9638728
1.346845844	103.9638162
1.346863282	103.9637595
1.346880718	103.9637029
1.346898153	103.9636462
1.346915584	103.9635896
1.346925707	103.9653777
1.346933436	103.9635316
1.346979154	103.9645812
1.346996879	103.9645232
1.347014155	103.9644665
1.347031427	103.9644098
1.347048699	103.9643531
1.347065977	103.9642964
1.347083254	103.9642397
1.347100525	103.964183
1.347118245	103.964125
1.347140027	103.9646301
1.347145931	103.964033
1.347157692	103.9645721
1.347163626	103.963975
1.347174884	103.9645154
1.347180862	103.9639183
1.34719207	103.9644586
1.347198098	103.9638616
1.347209257	103.9644019
1.347215338	103.9638048
1.347226448	103.9643452
1.347232578	103.9637481
1.34724364	103.9642884
1.347249813	103.9636914
1.347260827	103.9642317
1.347267504	103.9636334
1.347278486	103.9641737
1.347305864	103.9640816
1.347323487	103.9640236
1.347340622	103.9639669
1.347357748	103.9639101
1.347374884	103.9638534
1.347392019	103.9637966
1.347409641	103.9637386
1.347475203	103.9647322
1.347493071	103.9646743
1.347510532	103.9646176
1.347527988	103.964561
1.34754545	103.9645043
1.347562908	103.9644477
1.347580364	103.964391
1.347597824	103.9643344
1.347615695	103.9642764
1.347637437	103.9647816
1.34764396	103.9641847
1.347655309	103.9647236
1.347661833	103.9641267
1.347672766	103.964667
1.347679297	103.9640701
1.347690224	103.9646103
1.347696761	103.9640134
1.347707681	103.9645537
1.347714222	103.9639568
1.347725143	103.9644971
1.347731687	103.9639001
1.347742603	103.9644404
1.347749555	103.9638422
1.347760055	103.9643838
1.34777793	103.9643258
1.347807277	103.9642344
1.347825432	103.9641765
1.347843257	103.96412
1.347861088	103.9640634
1.347875618	103.9639923
1.348023575	103.9648993
1.348038587	103.9647785
1.348041445	103.9648413
1.348056039	103.9647218
1.348056648	103.96466
1.348074133	103.9646034
1.348082414	103.9645406
1.348092478	103.9644597