1.419099934	103.8464618
1.41930729	103.8470436
1.419495702	103.8459734
1.419606825	103.8472882
1.419608341	103.8473251
1.419795164	103.8461741
1.419910341	103.8455548
1.41992026	103.845223
1.419969058	103.8469695
1.419980452	103.844384
1.420197193	103.8465045
1.420263342	103.8475894
1.42033318	103.8471024
1.420337916	103.8449362
1.420351503	103.8480258
1.420369191	103.8444037
1.420404162	103.8455388
1.420667317	103.8462078
1.420667761	103.8461418
1.42081285	103.8451473
1.420859888	103.8459502
1.420911806	103.8472933
1.420987097	103.8486127
1.421035749	103.8463335
1.421155907	103.8481176
1.421332274	103.847281
1.421378781	103.8461006
1.421411698	103.8485637
1.421411704	103.8485637
1.421679349	103.8460892
1.421687526	103.8475607
1.421715919	103.8492437
1.421819634	103.84943
1.421993263	103.846147
1.422045348	103.8440212
1.422053752	103.8446752
1.422069069	103.8480918
1.422078154	103.8472334
1.422082643	103.8454157
1.422097317	103.8495604
1.422286802	103.8491453
1.422331396	103.8461331
1.42238048	103.847099
1.422422421	103.8483265
1.422482717	103.844903
1.422527792	103.8474452
1.422602296	103.8442477
1.422698193	103.8455831
1.422716492	103.8469637
1.422721485	103.8463669
1.422768762	103.8450375
1.422828387	103.8481719
1.422829664	103.8492234
1.422842965	103.8483138
1.422918434	103.8460253
1.423032288	103.8451598
1.423032288	103.8451598
1.423059005	103.8490586
1.423080827	103.8464194
1.423122016	103.8474982
1.423191787	103.8446277
1.423226433	103.8480493
1.423245545	103.8485419
1.423258712	103.849155
1.423490066	103.8453332
1.423732891	103.8460823
1.423788555	103.8473029
1.423810021	103.844973
1.423854318	103.8480785
1.423855115	103.8484205
1.423906366	103.849059
1.423928371	103.8493321
1.424171199	103.8479605
1.424178979	103.8503549
1.424231656	103.8489299
1.424248714	103.8485286
1.424254747	103.8454825
1.424269009	103.8493371
1.424385067	103.8463291
1.424388797	103.8520831
1.424401128	103.84752
1.424420958	103.8462845
1.424420958	103.8462845
1.424442637	103.8458701
1.424454433	103.852293
1.424478419	103.8479621
1.424483984	103.8484096
1.424528491	103.8465955
1.424528491	103.8465955
1.424528497	103.8465955
1.424694074	103.8523857
1.424770035	103.8480536
1.42477395	103.8517926
1.424782172	103.8483936
1.424867091	103.8490735
1.424875651	103.8493168
1.424899319	103.8472498
1.424987863	103.8447475
1.425002172	103.8464325
1.425010743	103.8464282
1.425010743	103.8464282
1.425010743	103.8464282
1.425151288	103.8510896
1.425310512	103.8454557
1.425323894	103.8518436
1.425404168	103.8448431
1.425471149	103.8528043
1.425479851	103.844279
1.425531445	103.8469619
1.425621831	103.8502611
1.425646499	103.8509793
1.425741779	103.8474043
1.425741789	103.8474043
1.425785973	103.8452281
1.425846191	103.852261
1.425872355	103.8500158
1.425907131	103.8481699
1.425907134	103.8481699
1.425907664	103.8459948
1.425924489	103.8529054
1.426005374	103.8504787
1.426017176	103.8446546
1.426027302	103.8511704
1.426042213	103.844359
1.426070117	103.849303
1.426085474	103.8533118
1.426091761	103.8459976
1.426133751	103.8433915
1.426137278	103.8452165
1.426203854	103.8472732
1.426228677	103.8533439
1.426234544	103.8524338
1.426253603	103.8484275
1.426266324	103.8487032
1.426349826	103.8465743
1.426429316	103.8440721
1.426429861	103.8514283
1.426454405	103.8507628
1.426462542	103.8449089
1.426523861	103.8525864
1.42654651	103.852897
1.426549687	103.8472651
1.426565923	103.8500576
1.426576808	103.8481442
1.426624884	103.8429302
1.426712591	103.8534695
1.426798448	103.8514746
1.426807159	103.8506433
1.426840129	103.8492735
1.426851971	103.8459661
1.426906979	103.8538176
1.426926621	103.842897
1.426937264	103.8485532
1.426972845	103.8442402
1.427007819	103.8530736
1.427017939	103.8466897
1.427033766	103.8470886
1.427135048	103.8502345
1.42714143	103.8422313
1.427278132	103.84198
1.42731881	103.8448634
1.427353071	103.8412192
1.427353081	103.8412192
1.427387671	103.8531583
1.427419194	103.8457022
1.42748458	103.8425676
1.427495093	103.8423771
1.427508605	103.8527103
1.427523266	103.8481908
1.427523272	103.8481908
1.427526355	103.8470842
1.42753529	103.8540317
1.427535613	103.8544872
1.427567892	103.8508984
1.427577598	103.8445896
1.427637857	103.8501226
1.427675631	103.8465235
1.427688047	103.8537362
1.427737475	103.8456859
1.42787476	103.8527523
1.427886114	103.847541
1.427939244	103.842677
1.427988759	103.8503883
1.428039797	103.8509589
1.428121104	103.8530813
1.428132945	103.8520821
1.428168441	103.8504909
1.428179153	103.8412715
1.428245299	103.842733
1.428324759	103.8459083
1.428332887	103.8509863
1.428344689	103.8475314
1.428359462	103.8470373
1.428392848	103.8522651
1.428414719	103.8499728
1.428459351	103.8435688
1.428475919	103.844071
1.428508539	103.8448942
1.42851535	103.8485037
1.428631008	103.8524995
1.428661503	103.8419995
1.428697825	103.8492007
1.428703043	103.8505339
1.428734428	103.8408362
1.428839245	103.8458099
1.428849419	103.847221
1.428872859	103.8481626
1.428879611	103.8415286
1.428904967	103.8452061
1.428980649	103.8464735
1.4290305	103.8443035
1.429045941	103.8446216
1.429080985	103.8458797
1.429102178	103.8511387
1.429163437	103.8470115
1.4291654	103.8438889
1.429169585	103.8472128
1.429212793	103.8484039
1.429238562	103.8421457
1.429247793	103.8451922
1.429342664	103.8402818
1.42934496	103.8516523
1.429390252	103.8507098
1.429429611	103.8500967
1.429443111	103.8414074
1.429467692	103.8491714
1.429546821	103.8472789
1.429551047	103.8424397
1.429569991	103.8480205
1.429591948	103.8451215
1.429591953	103.8451214
1.429778816	103.8500956
1.429779542	103.8430569
1.429783899	103.8511904
1.42980948	103.8505435
1.429905053	103.8445886
1.429918918	103.8443675
1.429922719	103.8447154
1.430034554	103.8396748
1.430071099	103.8423964
1.430093836	103.8510652
1.430181701	103.851141
1.430245961	103.8448383
1.430252488	103.8444552
1.430268639	103.8400672
1.430301256	103.8426182
1.43035852	103.8391907
1.430444045	103.839199
1.430467857	103.8434667
1.430515333	103.840307
1.430597111	103.8444648
1.430613135	103.8430536
1.430761556	103.8408707
1.430866568	103.8394259
1.430941645	103.8425748
1.431084969	103.8402478
1.431229838	103.84056
1.431299393	103.8446753
1.43137338	103.8443314
1.431416566	103.8414574
1.43157507	103.8408153
1.431575071	103.8408153
1.431582354	103.8412806
1.431623708	103.8398484
1.431634697	103.8398675
1.431661431	103.8450713
1.431731417	103.8417528
1.431840547	103.8441335
1.431868736	103.8412423
1.431889988	103.8457902
1.431930856	103.842565
1.431939551	103.8449871
1.431957833	103.8453791
1.432089858	103.8461983
1.432089861	103.8461983
1.432359225	103.8410974
1.432367357	103.8433009
1.432367366	103.8433009
1.432376504	103.8405877
1.432383854	103.8423841
1.43241465	103.8465171
1.43248777	103.8443674
1.432499797	103.8451429
1.432533029	103.8457056
1.432626083	103.8463817
1.432686424	103.8420201
1.432818906	103.8414776
1.432841842	103.8443331
1.432869321	103.8426976
1.432906242	103.8446954
1.432923061	103.8434727
1.433038708	103.8422335
1.433060217	103.8416494
1.43312284	103.841661
1.433138085	103.841395
1.433280527	103.8444368
1.433355307	103.8427051
1.43338279	103.8435179
1.433393697	103.8417584
1.433471287	103.8437484
1.433678336	103.8438713
1.433772813	103.8422769
1.433780483	103.8431057
1.434074494	103.8435736
1.434074495	103.8435736
1.434074497	103.8435736
1.434168785	103.8429504
1.434505929	103.843292
1.434561915	103.8443628
1.434768994	103.844173
1.434887996	103.8446135
1.435000815	103.8439657
1.435106556	103.8449498
1.435130914	103.8443909
1.435217817	103.8437636
1.435321271	103.8447496
1.435377262	103.8441656
1.435541972	103.8445476
1.435736088	103.844154
1.435759355	103.844351