0.014418487926559927
1.325177733	103.9293935
1.325311121	103.9332781
1.325477105	103.9343482
1.325500845	103.9319676
1.325875651	103.932493
1.325926754	103.9308081
1.326075948	103.9334975
1.326098681	103.9388188
1.326130496	103.927924
1.326770902	103.9430242
1.326869941	103.9418328
1.326979584	103.9281307
1.327161508	103.9368248
1.327260072	103.9408488
1.327356573	103.9337678
1.327548427	103.9357397
1.327744679	103.9288744
1.327914779	103.9421444
1.327974074	103.9379441
1.327976141	103.9275651
1.328564212	103.9300365
1.328634948	103.9446811
1.328830662	103.9355097
1.328915582	103.9405287
1.329103998	103.9472508
1.329258819	103.9390464
1.329338351	103.9432846
1.329369602	103.9290675
1.329374924	103.9339269
1.329539942	103.9276501
1.329649995	103.9302606
1.329973112	103.9375717
1.330010112	103.9363435
1.330051424	103.924118
1.330141882	103.9491771
1.330331136	103.9254321
1.33036165	103.935081
1.330654548	103.9384963
1.330663029	103.9269804
1.330665909	103.922844
1.330874651	103.9280591
1.330981735	103.9336046
1.331011545	103.9505215
1.331059973	103.9300414
1.331129729	103.9220926
1.331245062	103.9312443
1.331311113	103.9253078
1.331327598	103.9284682
1.331332844	103.9229538
1.331433688	103.9368654
1.331488468	103.9324654
1.33154652	103.9470822
1.331711022	103.9239511
1.33173092	103.9269155
1.331782451	103.9392084
1.331828382	103.9333383
1.331889262	103.9483322
1.33190105	103.9277438
1.33205316	103.9349351
1.332336556	103.9304968
1.332517621	103.9427415
1.332540844	103.9389893
1.332546089	103.9403476
1.332627151	103.9281721
1.33269318	103.9266174
1.332709409	103.9370616
1.332740092	103.9362235
1.332888998	103.9413097
1.333042939	103.9247742
1.333219933	103.9305815
1.333307579	103.9445529
1.333367155	103.9291777
1.333400122	103.9325194
1.333482588	103.9375425
1.333541189	103.9231908
1.333580162	103.9242187
1.333614296	103.9426283
1.33371332	103.9270203
1.333722809	103.9365177
1.334355934	103.9390327
1.33445895	103.9370871
1.334484667	103.9379247
1.334601139	103.9294453
1.334840353	103.9306378