0.005961489493620793
1.315426587	103.9369089
1.318974103	103.9440762
1.319674147	103.9460531
1.319969435	103.9428186
1.320500838	103.9354736
1.320719177	103.9381662
1.320896768	103.9454287
1.321050718	103.9408032
1.321103101	103.9369002
1.321301188	103.9332996
1.321397663	103.9397304
1.322056529	103.9383547
1.322217108	103.9349912
1.322243071	103.9536385
1.322478077	103.9412546
1.322491549	103.955417
1.322576473	103.9463493
1.323429858	103.9422694
1.323526787	103.9364239
1.323864004	103.9333986
1.324200873	103.9411253
1.32422493	103.9398554
1.325973473	103.9486069