0.0016395298736334067
1.337074167	103.7596872
1.337890799	103.7609082
1.337919953	103.7610046
1.337934527	103.7610528
1.337963688	103.7611491
1.33797826	103.7611973
1.338007386	103.7612937
1.338581626	103.7570568
1.338911622	103.7611412
1.339042753	103.7615749
1.33905105	103.7590388
1.339053952	103.7608886
1.339301119	103.7570905
1.339547639	103.7604536
1.340052026	103.7612163
1.340105407	103.7532489
1.340468621	103.7607494
1.340736663	103.7612661
1.34191413	103.752593
1.342409479	103.7528634
1.342997774	103.7551581
1.343278203	103.7584367
1.343282023	103.7579868
1.343377778	103.7571747
1.343401612	103.7591885
1.343453413	103.7547883
1.343517906	103.7553918
1.3435536	103.7566288
1.343607249	103.7599425
1.343866875	103.760535
1.343893622	103.750035
1.344170293	103.7594314
1.344247089	103.747101
1.344295707	103.7481529
1.344297244	103.7502417
1.344489809	103.7605172
1.344797412	103.7471408
1.345332043	103.7587132
1.345561547	103.7601381
1.345803048	103.7592601
1.346006231	103.7605059
1.346064977	103.7599685