0.003128536003190284
1.27487031	103.8425573
1.275532291	103.8412746
1.275881326	103.8442648
1.275905201	103.8427412
1.276166993	103.8415069
1.276621684	103.8411561
1.277274846	103.8429141
1.277449094	103.8416667
1.277817298	103.8438248
1.278059761	103.8419466
1.278872041	103.8437354
1.279470229	103.8425252
1.279809981	103.8413518
1.280748337	103.8424634
1.281208302	103.8430206
1.281457399	103.8443501
1.281702941	103.8484224
1.281893265	103.8419778
1.281988166	103.8440286
1.282116308	103.8428456
1.282284296	103.8450538
1.282823887	103.8435386
1.283665485	103.8435716
1.283991454	103.8441132
1.284252126	103.8446911
1.284359578	103.8434268