0.001921499999999999
1.304131729	103.8539502
1.304445321	103.8543508
1.305134555	103.8535827
1.305272034	103.8527482
1.305477791	103.8546763
1.305900665	103.8518523
1.306004241	103.8539181
1.306306733	103.8553873
1.306363178	103.8542554
1.306547033	103.8535574
1.306588502	103.8552187
1.306889402	103.8524654
1.307115694	103.8536773
1.307233426	103.8553458
1.307259467	103.8562953
1.307435479	103.8547139
1.307544879	103.8528928
1.307948082	103.8557015
1.308132084	103.8563084
1.308158009	103.853879
1.308159167	103.8551478
1.308891983	103.8556555
1.309441389	103.8542921