0.0024704999999999987
1.334480286	103.8589564
1.334497297	103.8589891
1.334504036	103.8603102
1.334504412	103.8613164
1.334555701	103.8571912
1.334636801	103.8584557
1.334759336	103.856538
1.334836108	103.8590869
1.334890375	103.859379
1.334943591	103.8610409
1.334943636	103.8610416
1.334967209	103.8572059
1.334969958	103.8571925
1.335282286	103.8565042
1.335382613	103.8570037
1.335448182	103.8574959
1.335449472	103.8577272
1.335467156	103.8604653
1.335467469	103.8613747
1.335508407	103.8564344
1.335738874	103.8584084
1.335757237	103.8567896
1.335762007	103.8613743
1.335763577	103.8604691
1.335921838	103.8590585
1.336040735	103.8569735
1.336052699	103.8570299
1.33607386	103.8565805
1.336127535	103.8604672
1.336128512	103.8614303
1.336152104	103.8569831
1.336268208	103.8583152
1.336283329	103.859027
1.336365969	103.861417
1.336426604	103.8566081
1.336668967	103.8583536
1.336746107	103.8576159
1.337053708	103.8551257
1.337165276	103.8572288
1.337171643	103.8577935
1.337233443	103.8588411
1.337982145	103.8570063
1.338582797	103.8571924
1.338718312	103.8591946
1.339041448	103.8579557
1.339515144	103.8579708
1.339515666	103.857051