0.0016469999999999992
1.284601678	103.8176168
1.285254271	103.8158285
1.285254273	103.8158285
1.28542199	103.8169452
1.285435451	103.8187826
1.285595165	103.8155474
1.28583132	103.8178311
1.286076106	103.8165169
1.286129532	103.8171621
1.286459808	103.8176842
1.286486402	103.8185497
1.286637678	103.8179862
1.286832972	103.8146699
1.286868975	103.8194359
1.287006588	103.8169125
1.287016529	103.8163748
1.28708575	103.8188511
1.287159899	103.8151578
1.287307515	103.8183112
1.287319025	103.8174756
1.287758183	103.8194936
1.28793757	103.8167909
1.288006637	103.8158143
1.288053157	103.8152771
1.288381067	103.8173911
1.28841105	103.8169441
1.288430883	103.8184868
1.288464768	103.8157116
1.288637913	103.8163371
1.289634534	103.816741
1.290553402	103.8156329