0.002600929963437533
1.349442214	103.8710678
1.349493764	103.8676544
1.34964854	103.8702122
1.349707875	103.8735748
1.350497458	103.8704402
1.350599267	103.8685149
1.35093914	103.8725031
1.35106789	103.8733969
1.351168574	103.8694085
1.351755071	103.8686624
1.351922705	103.8696608
1.352438279	103.8732981
1.352881785	103.8702368
1.352883478	103.8678228
1.352934458	103.8659708
1.3530063	103.8740315
1.353200318	103.8686916
1.353231639	103.8714729
1.353475064	103.8733923
1.353805653	103.8652141
1.353811983	103.8701346
1.353813453	103.867773
1.353863227	103.8719396
1.353876939	103.8695107
1.354254191	103.868543
1.354448911	103.8742621
1.354675852	103.8764602
1.354799538	103.8695343
1.354929782	103.8736399
1.355208528	103.8723656