0.016210071707519615
1.344093221	103.9463527
1.345281448	103.9453443
1.345862482	103.9477152
1.345971625	103.94676
1.346155872	103.9445074
1.346292294	103.9516861
1.346478517	103.9461768
1.346914714	103.9474165
1.346946622	103.949307
1.347177014	103.9525872
1.347205767	103.9466418
1.347278196	103.9511935
1.347398708	103.9452924
1.347535197	103.9517028
1.347539192	103.9476754
1.347696625	103.9462299
1.347734894	103.9441244
1.347754099	103.9524368
1.347813037	103.9504093
1.34800809	103.9428143
1.348093125	103.9471776
1.348295491	103.9451768
1.348299941	103.9500595
1.348371058	103.9481289
1.348416661	103.9437103
1.348629557	103.9528535
1.348821007	103.9464334
1.348852774	103.9547046
1.349159408	103.9502815
1.349493963	103.9541241
1.349532231	103.9474591
1.349536679	103.9529882
1.349621514	103.9460007
1.34963011	103.9486352
1.349641175	103.9553372
1.349808323	103.949578
1.350005297	103.9539382
1.350010742	103.9528161
1.350599566	103.9540481
1.350701818	103.9570519
1.350745436	103.9480244
1.350780469	103.9549996
1.350875956	103.9581271
1.351050176	103.946049
1.351145694	103.9597877
1.351145705	103.9617981
1.351200056	103.9530567
1.351264885	103.9609412
1.351345629	103.9490914
1.351590043	103.9583953
1.351623487	103.9572066
1.351717551	103.951966
1.351787487	103.9547568
1.351868375	103.9484633
1.351880427	103.9631137
1.351965749	103.9502377
1.352217668	103.9568099
1.352227945	103.9524374
1.352258033	103.9552272
1.352262314	103.9535865
1.352280922	103.9469116
1.352368296	103.9438123
1.352388342	103.9594434
1.352389515	103.9610416
1.352413467	103.9558713
1.352527373	103.9446988
1.352547023	103.9490641
1.352755419	103.9481192
1.352921625	103.9538583
1.353100352	103.9437434
1.353208409	103.9464898
1.353264894	103.9526122
1.35330603	103.9511443
1.353355957	103.9590767
1.353356211	103.9597887
1.353363729	103.9554779
1.353389759	103.9563503
1.353416898	103.9630118
1.353463207	103.9571131
1.353646585	103.9448383
1.35376054	103.9499397
1.354018647	103.9589663
1.354018944	103.952703
1.354020978	103.9548427
1.354165275	103.9624426
1.354227327	103.9489626
1.354303493	103.9509655
1.354323212	103.9451412
1.354348741	103.9436567
1.354400666	103.9614548
1.354435632	103.9522865
1.35447464	103.9567463
1.354512737	103.9630286
1.354593929	103.9601535
1.354615167	103.9471166
1.354661042	103.9531628
1.354691195	103.9550026
1.354763163	103.9541705
1.35480108	103.9444581
1.355135681	103.9499859
1.355156788	103.9528299
1.355303144	103.9587762
1.355427534	103.9514472
1.355433449	103.9614418
1.355518257	103.9540107
1.355607935	103.9546466
1.355682333	103.9444485
1.355703691	103.9520133
1.355747568	103.9465833
1.355805735	103.9451089
1.35581887	103.9496157
1.355904136	103.9480246
1.355905169	103.9474475
1.355952387	103.9459374
1.356044164	103.962576
1.356099098	103.9515781
1.356182045	103.9576163
1.35622509	103.9606407
1.356251228	103.9615766
1.356322928	103.9466638
1.356409336	103.9475287
1.356410193	103.9487017
1.356856375	103.9546293
1.357027822	103.9539139
1.357202821	103.9601395
1.357275945	103.9403816
1.357298223	103.9550064
1.357309964	103.9458495
1.357511619	103.9449179
1.357518607	103.9475363
1.357567919	103.9530208
1.357809697	103.9449177
1.357832522	103.9467269
1.358067428	103.9605819
1.358299093	103.9550063
1.358302422	103.9506584
1.358340969	103.9513797
1.358360692	103.9522522
1.358365079	103.954081
1.358474583	103.9612885
1.358699161	103.9602545
1.358780925	103.9472759
1.358839549	103.9543516
1.358855069	103.9518989
1.358864255	103.9572996
1.358886948	103.950534
1.359013181	103.9551111
1.359059944	103.9481822
1.359114523	103.9460788
1.359155794	103.9451405
1.359289059	103.955841
1.35935847	103.9389088
1.359593589	103.9540666
1.359593907	103.9521885
1.359648787	103.9599082
1.359763243	103.9590111
1.359765735	103.9574163
1.359844278	103.9564361
1.359966245	103.9515878
1.359968527	103.9546659
1.36004634	103.9408657
1.360306079	103.9521851
1.360323324	103.953126
1.360799228	103.9505734
1.360815279	103.9546403
1.360815708	103.9516116
1.361021726	103.9586014
1.36120567	103.9541166
1.361284819	103.9531232
1.36132334	103.9574698
1.361540341	103.9581044
1.361629564	103.9532511
1.36178991	103.9565301
1.361897859	103.9526394
1.361903734	103.9515387
1.361910172	103.9586667
1.362152445	103.950374
1.362271539	103.9541857
1.362278449	103.9581219
1.362376892	103.9560466
1.362541371	103.950931
1.363008243	103.9535476
1.363008289	103.9527049
1.363116885	103.9540757
1.363235385	103.9568941
1.363611225	103.9543332
1.364009451	103.9530706
1.364042482	103.9524244