0.004721400000000001
1.43300314	103.7739842
1.433028868	103.7731341
1.433317738	103.7754916
1.43332338	103.7764863
1.433332885	103.7777557
1.433333284	103.7749216
1.433578584	103.7783535
1.433634725	103.7762941
1.433974969	103.7765268
1.433988593	103.7774905
1.434032157	103.77478
1.434139754	103.7798501
1.434376646	103.7747831
1.434497121	103.7793637
1.434640806	103.77767
1.434687161	103.7754301
1.434734475	103.7745869
1.435079976	103.7805051
1.435326096	103.7737407
1.435426794	103.7742325
1.43576275	103.77403
1.435982685	103.7819327
1.436082949	103.7811996
1.436117867	103.7732454
1.436637071	103.7773976
1.437219087	103.7815768
1.437454883	103.7789273
1.437752267	103.7772758
1.438126441	103.7787005
1.438281154	103.780967
1.438321457	103.777752
1.43847984	103.7786134
1.438482923	103.7795248
1.438828532	103.780323
1.438984491	103.7757585
1.439112423	103.7789491
1.439166197	103.7796586
1.43918123	103.7808411
1.439408046	103.7764519
1.439817298	103.7787817
1.440084796	103.7752007
1.440177395	103.7764969
1.440393999	103.7779423
1.440514129	103.7786216
1.440671099	103.7757399
1.440727636	103.7718775
1.440805674	103.7773186
1.441085967	103.7781202
1.441092952	103.7754255
1.441096275	103.7792761
1.441291529	103.7764497
1.441345041	103.7771827
1.441669065	103.7767334
1.441914925	103.7781571
1.442482611	103.7764834
1.442678231	103.7777245
1.445269326	103.7781557