1.31907103	103.9067277
1.319622125	103.9122887
1.320737269	103.9068636
1.321103198	103.9094825
1.321935655	103.9189227
1.322022428	103.910366
1.322785339	103.911863
1.323717284	103.9250011
1.324009118	103.9258481
1.324058778	103.9113038
1.324201403	103.9248789
1.324601312	103.9249602
1.32481189	103.9225337
1.325071514	103.9092795
1.325108719	103.9207382
1.325242142	103.9218114
1.325341025	103.9254354
1.325677165	103.906771
1.325990117	103.9146001
1.326043353	103.9264885
1.326272712	103.9228853
1.326324376	103.9259096
1.326350406	103.9200642
1.326848393	103.9190156
1.326911375	103.9248839
1.327113287	103.910032
1.32723389	103.9222175
1.327742937	103.9213914
1.327978774	103.9258048
1.328311796	103.9126742
1.328619576	103.9244971
1.329014301	103.9256678
1.329304314	103.9224158