1.377082841	103.7543944
1.377130782	103.753556
1.377485451	103.7519213
1.377621124	103.75574
1.377889646	103.7542399
1.377957988	103.7529316
1.377987156	103.7551876
1.378053735	103.7506934
1.378055381	103.7535882
1.378203494	103.7564515
1.378213713	103.751983
1.378297688	103.7540714
1.378303571	103.7501081
1.378377877	103.7547648
1.378410614	103.7572511
1.37848151	103.7556754
1.378507992	103.7507074
1.378615451	103.7579956
1.378659893	103.7520777
1.378754548	103.7531634
1.37893678	103.7511824
1.378936937	103.7571651
1.379196361	103.7494577
1.379215555	103.7503994
1.379394304	103.7529494
1.379464333	103.7556715
1.379644876	103.757747
1.379762211	103.7549694
1.379871028	103.7506473
1.379906137	103.7516961
1.379995549	103.7569631
1.380030578	103.7531184
1.380035012	103.7541455
1.380216447	103.7564637
1.380411812	103.7525805
1.380452724	103.7515563
1.380470551	103.7552111
1.380492242	103.7531027
1.380794497	103.756443
1.380827687	103.7524766
1.380865519	103.7576837
1.380910277	103.7569258
1.381061992	103.750796
1.381493449	103.7509559
1.381586827	103.7538283
1.381939295	103.7528067
1.382114391	103.7535651
1.382538829	103.7517109
1.382737046	103.7535171